70
1 0 1
2 0 1
2 1 6
3 0 7
3 1 6
3 2 2
4 0 8
4 1 1
4 2 4
4 3 8
5 0 3
5 1 6
5 2 3
5 3 1
5 4 3
6 0 6
6 1 9
6 2 8
6 3 1
6 4 3
6 5 2
7 0 7
7 1 2
7 2 3
7 3 2
7 4 6
7 5 2
7 6 6
8 0 9
8 1 8
8 2 8
8 3 6
8 4 2
8 5 2
8 6 9
8 7 10
9 0 9
9 1 6
9 2 7
9 3 10
9 4 4
9 5 7
9 6 8
9 7 6
9 8 10
10 0 7
10 1 9
10 2 5
10 3 8
10 4 4
10 5 1
10 6 5
10 7 1
10 8 8
10 9 6
11 0 2
11 1 8
11 2 1
11 3 6
11 4 6
11 5 9
11 6 4
11 7 2
11 8 1
11 9 5
11 10 6
12 0 2
12 1 1
12 2 10
12 3 3
12 4 1
12 5 5
12 6 10
12 7 2
12 8 7
12 9 2
12 10 6
12 11 2
13 0 1
13 1 4
13 2 2
13 3 5
13 4 3
13 5 4
13 6 6
13 7 1
13 8 4
13 9 9
13 10 3
13 11 5
13 12 10
14 0 7
14 1 7
14 2 7
14 3 6
14 4 10
14 5 4
14 6 10
14 7 1
14 8 1
14 9 7
14 10 10
14 11 8
14 12 2
14 13 8
15 0 2
15 1 1
15 2 1
15 3 9
15 4 3
15 5 4
15 6 2
15 7 5
15 8 5
15 9 8
15 10 4
15 11 7
15 12 1
15 13 5
15 14 4
16 0 1
16 1 9
16 2 7
16 3 10
16 4 10
16 5 4
16 6 9
16 7 5
16 8 9
16 9 9
16 10 3
16 11 9
16 12 3
16 13 4
16 14 9
16 15 4
17 0 1
17 1 1
17 2 9
17 3 6
17 4 3
17 5 3
17 6 4
17 7 1
17 8 7
17 9 10
17 10 3
17 11 10
17 12 2
17 13 3
17 14 1
17 15 9
17 16 5
18 0 7
18 1 4
18 2 2
18 3 6
18 4 1
18 5 9
18 6 10
18 7 2
18 8 6
18 9 10
18 10 10
18 11 9
18 12 10
18 13 9
18 14 7
18 15 8
18 16 2
18 17 4
19 0 5
19 1 6
19 2 6
19 3 2
19 4 2
19 5 4
19 6 1
19 7 2
19 8 10
19 9 10
19 10 7
19 11 1
19 12 1
19 13 5
19 14 5
19 15 7
19 16 3
19 17 5
19 18 3
20 0 7
20 1 8
20 2 8
20 3 1
20 4 1
20 5 5
20 6 7
20 7 1
20 8 10
20 9 8
20 10 4
20 11 3
20 12 8
20 13 7
20 14 1
20 15 3
20 16 9
20 17 10
20 18 4
20 19 7
21 0 9
21 1 10
21 2 1
21 3 3
21 4 4
21 5 6
21 6 4
21 7 9
21 8 4
21 9 5
21 10 5
21 11 1
21 12 1
21 13 3
21 14 1
21 15 1
21 16 4
21 17 10
21 18 9
21 19 7
21 20 9
22 0 10
22 1 1
22 2 10
22 3 2
22 4 4
22 5 1
22 6 1
22 7 1
22 8 6
22 9 1
22 10 9
22 11 6
22 12 7
22 13 9
22 14 6
22 15 5
22 16 9
22 17 4
22 18 6
22 19 8
22 20 2
22 21 9
23 0 3
23 1 8
23 2 9
23 3 8
23 4 3
23 5 10
23 6 3
23 7 4
23 8 5
23 9 9
23 10 3
23 11 9
23 12 9
23 13 10
23 14 10
23 15 3
23 16 2
23 17 10
23 18 2
23 19 8
23 20 5
23 21 2
23 22 5
24 0 6
24 1 8
24 2 5
24 3 6
24 4 10
24 5 2
24 6 6
24 7 8
24 8 3
24 9 2
24 10 4
24 11 5
24 12 3
24 13 4
24 14 2
24 15 7
24 16 10
24 17 4
24 18 5
24 19 1
24 20 6
24 21 5
24 22 4
24 23 7
25 0 5
25 1 4
25 2 2
25 3 3
25 4 3
25 5 6
25 6 2
25 7 7
25 8 4
25 9 4
25 10 2
25 11 2
25 12 7
25 13 10
25 14 7
25 15 6
25 16 6
25 17 5
25 18 9
25 19 10
25 20 9
25 21 9
25 22 2
25 23 5
25 24 8
26 0 10
26 1 5
26 2 5
26 3 10
26 4 1
26 5 9
26 6 7
26 7 2
26 8 8
26 9 7
26 10 8
26 11 10
26 12 5
26 13 7
26 14 10
26 15 3
26 16 3
26 17 9
26 18 4
26 19 6
26 20 2
26 21 1
26 22 1
26 23 8
26 24 1
26 25 9
27 0 8
27 1 6
27 2 8
27 3 9
27 4 3
27 5 9
27 6 1
27 7 7
27 8 5
27 9 10
27 10 5
27 11 3
27 12 10
27 13 1
27 14 9
27 15 6
27 16 4
27 17 6
27 18 5
27 19 2
27 20 8
27 21 10
27 22 6
27 23 9
27 24 1
27 25 10
27 26 4
28 0 8
28 1 10
28 2 2
28 3 5
28 4 8
28 5 7
28 6 3
28 7 10
28 8 6
28 9 6
28 10 4
28 11 7
28 12 2
28 13 9
28 14 4
28 15 3
28 16 7
28 17 5
28 18 6
28 19 2
28 20 5
28 21 8
28 22 5
28 23 3
28 24 6
28 25 9
28 26 2
28 27 7
29 0 1
29 1 6
29 2 5
29 3 8
29 4 7
29 5 4
29 6 9
29 7 10
29 8 8
29 9 1
29 10 10
29 11 5
29 12 5
29 13 7
29 14 10
29 15 8
29 16 10
29 17 9
29 18 1
29 19 4
29 20 3
29 21 5
29 22 7
29 23 5
29 24 7
29 25 6
29 26 8
29 27 3
29 28 7
30 0 6
30 1 5
30 2 10
30 3 6
30 4 1
30 5 6
30 6 3
30 7 8
30 8 3
30 9 10
30 10 10
30 11 9
30 12 7
30 13 5
30 14 3
30 15 10
30 16 8
30 17 5
30 18 7
30 19 10
30 20 5
30 21 5
30 22 2
30 23 5
30 24 9
30 25 10
30 26 4
30 27 6
30 28 3
30 29 4
31 0 7
31 1 1
31 2 4
31 3 6
31 4 8
31 5 3
31 6 9
31 7 1
31 8 8
31 9 6
31 10 6
31 11 4
31 12 10
31 13 10
31 14 2
31 15 8
31 16 10
31 17 10
31 18 10
31 19 2
31 20 5
31 21 6
31 22 2
31 23 2
31 24 4
31 25 3
31 26 1
31 27 9
31 28 7
31 29 7
31 30 9
32 0 8
32 1 8
32 2 8
32 3 8
32 4 1
32 5 5
32 6 4
32 7 3
32 8 4
32 9 5
32 10 4
32 11 5
32 12 6
32 13 3
32 14 10
32 15 6
32 16 3
32 17 1
32 18 5
32 19 8
32 20 10
32 21 10
32 22 3
32 23 6
32 24 8
32 25 8
32 26 1
32 27 9
32 28 8
32 29 7
32 30 10
32 31 1
33 0 5
33 1 2
33 2 2
33 3 5
33 4 2
33 5 1
33 6 7
33 7 3
33 8 1
33 9 10
33 10 8
33 11 5
33 12 10
33 13 10
33 14 1
33 15 2
33 16 5
33 17 8
33 18 8
33 19 2
33 20 1
33 21 10
33 22 9
33 23 8
33 24 10
33 25 5
33 26 5
33 27 3
33 28 9
33 29 5
33 30 4
33 31 10
33 32 1
34 0 4
34 1 4
34 2 3
34 3 1
34 4 3
34 5 9
34 6 5
34 7 1
34 8 7
34 9 4
34 10 3
34 11 2
34 12 7
34 13 2
34 14 8
34 15 9
34 16 5
34 17 3
34 18 8
34 19 5
34 20 7
34 21 10
34 22 10
34 23 4
34 24 3
34 25 2
34 26 4
34 27 1
34 28 10
34 29 1
34 30 3
34 31 10
34 32 1
34 33 3
35 0 8
35 1 1
35 2 6
35 3 6
35 4 4
35 5 2
35 6 1
35 7 6
35 8 8
35 9 5
35 10 8
35 11 10
35 12 3
35 13 1
35 14 4
35 15 2
35 16 5
35 17 9
35 18 1
35 19 2
35 20 5
35 21 6
35 22 3
35 23 3
35 24 4
35 25 9
35 26 5
35 27 3
35 28 7
35 29 8
35 30 7
35 31 4
35 32 4
35 33 5
35 34 7
36 0 8
36 1 9
36 2 8
36 3 5
36 4 5
36 5 7
36 6 3
36 7 10
36 8 9
36 9 4
36 10 7
36 11 9
36 12 8
36 13 4
36 14 8
36 15 4
36 16 7
36 17 5
36 18 7
36 19 1
36 20 4
36 21 5
36 22 5
36 23 7
36 24 1
36 25 5
36 26 5
36 27 7
36 28 1
36 29 10
36 30 7
36 31 10
36 32 9
36 33 4
36 34 6
36 35 10
37 0 1
37 1 9
37 2 5
37 3 7
37 4 1
37 5 4
37 6 6
37 7 7
37 8 1
37 9 7
37 10 3
37 11 5
37 12 8
37 13 1
37 14 6
37 15 3
37 16 5
37 17 9
37 18 4
37 19 8
37 20 2
37 21 8
37 22 7
37 23 9
37 24 8
37 25 5
37 26 4
37 27 1
37 28 1
37 29 5
37 30 5
37 31 5
37 32 8
37 33 10
37 34 10
37 35 2
37 36 1
38 0 10
38 1 2
38 2 6
38 3 7
38 4 10
38 5 9
38 6 2
38 7 1
38 8 5
38 9 8
38 10 9
38 11 10
38 12 5
38 13 6
38 14 10
38 15 6
38 16 9
38 17 3
38 18 2
38 19 8
38 20 1
38 21 6
38 22 8
38 23 6
38 24 2
38 25 2
38 26 3
38 27 7
38 28 5
38 29 9
38 30 3
38 31 9
38 32 7
38 33 7
38 34 5
38 35 1
38 36 3
38 37 6
39 0 9
39 1 10
39 2 2
39 3 10
39 4 6
39 5 2
39 6 7
39 7 2
39 8 10
39 9 2
39 10 10
39 11 7
39 12 4
39 13 3
39 14 4
39 15 5
39 16 2
39 17 9
39 18 7
39 19 9
39 20 3
39 21 10
39 22 1
39 23 10
39 24 8
39 25 9
39 26 2
39 27 4
39 28 3
39 29 9
39 30 1
39 31 8
39 32 6
39 33 10
39 34 5
39 35 6
39 36 6
39 37 1
39 38 9
40 0 6
40 1 3
40 2 10
40 3 10
40 4 3
40 5 4
40 6 10
40 7 4
40 8 1
40 9 2
40 10 8
40 11 10
40 12 4
40 13 9
40 14 7
40 15 7
40 16 2
40 17 5
40 18 7
40 19 6
40 20 7
40 21 7
40 22 5
40 23 1
40 24 9
40 25 8
40 26 3
40 27 3
40 28 10
40 29 2
40 30 9
40 31 6
40 32 2
40 33 5
40 34 2
40 35 8
40 36 8
40 37 9
40 38 6
40 39 3
41 0 4
41 1 8
41 2 10
41 3 5
41 4 1
41 5 6
41 6 5
41 7 1
41 8 2
41 9 2
41 10 1
41 11 1
41 12 6
41 13 4
41 14 3
41 15 2
41 16 6
41 17 5
41 18 1
41 19 8
41 20 1
41 21 3
41 22 6
41 23 10
41 24 4
41 25 9
41 26 4
41 27 8
41 28 7
41 29 2
41 30 10
41 31 5
41 32 4
41 33 8
41 34 1
41 35 1
41 36 6
41 37 4
41 38 6
41 39 9
41 40 2
42 0 4
42 1 7
42 2 9
42 3 1
42 4 5
42 5 3
42 6 5
42 7 6
42 8 7
42 9 8
42 10 5
42 11 5
42 12 7
42 13 3
42 14 5
42 15 5
42 16 9
42 17 4
42 18 9
42 19 9
42 20 6
42 21 6
42 22 3
42 23 7
42 24 9
42 25 8
42 26 6
42 27 10
42 28 1
42 29 1
42 30 6
42 31 1
42 32 5
42 33 5
42 34 6
42 35 4
42 36 10
42 37 2
42 38 9
42 39 6
42 40 1
42 41 10
43 0 4
43 1 2
43 2 4
43 3 4
43 4 8
43 5 6
43 6 2
43 7 4
43 8 7
43 9 5
43 10 4
43 11 1
43 12 1
43 13 4
43 14 3
43 15 3
43 16 7
43 17 4
43 18 7
43 19 10
43 20 3
43 21 3
43 22 5
43 23 10
43 24 3
43 25 7
43 26 1
43 27 1
43 28 4
43 29 10
43 30 1
43 31 1
43 32 2
43 33 7
43 34 4
43 35 5
43 36 7
43 37 5
43 38 5
43 39 3
43 40 9
43 41 1
43 42 9
44 0 8
44 1 2
44 2 6
44 3 8
44 4 5
44 5 3
44 6 2
44 7 2
44 8 1
44 9 6
44 10 7
44 11 9
44 12 7
44 13 2
44 14 5
44 15 7
44 16 9
44 17 7
44 18 1
44 19 3
44 20 5
44 21 1
44 22 6
44 23 5
44 24 1
44 25 9
44 26 7
44 27 8
44 28 2
44 29 6
44 30 2
44 31 5
44 32 5
44 33 4
44 34 3
44 35 7
44 36 3
44 37 2
44 38 7
44 39 3
44 40 3
44 41 8
44 42 3
44 43 6
45 0 5
45 1 10
45 2 5
45 3 7
45 4 4
45 5 3
45 6 7
45 7 2
45 8 3
45 9 10
45 10 1
45 11 5
45 12 8
45 13 3
45 14 9
45 15 4
45 16 1
45 17 2
45 18 4
45 19 8
45 20 8
45 21 5
45 22 3
45 23 8
45 24 3
45 25 3
45 26 10
45 27 5
45 28 7
45 29 4
45 30 4
45 31 10
45 32 3
45 33 3
45 34 10
45 35 7
45 36 1
45 37 2
45 38 4
45 39 3
45 40 3
45 41 8
45 42 1
45 43 6
45 44 10
46 0 6
46 1 6
46 2 1
46 3 8
46 4 10
46 5 5
46 6 9
46 7 5
46 8 7
46 9 4
46 10 9
46 11 3
46 12 1
46 13 2
46 14 1
46 15 3
46 16 4
46 17 7
46 18 7
46 19 1
46 20 1
46 21 1
46 22 9
46 23 2
46 24 1
46 25 2
46 26 5
46 27 1
46 28 10
46 29 7
46 30 8
46 31 9
46 32 10
46 33 5
46 34 8
46 35 6
46 36 3
46 37 10
46 38 6
46 39 1
46 40 7
46 41 9
46 42 3
46 43 9
46 44 10
46 45 2
47 0 7
47 1 3
47 2 8
47 3 3
47 4 5
47 5 5
47 6 8
47 7 3
47 8 9
47 9 5
47 10 10
47 11 2
47 12 7
47 13 3
47 14 10
47 15 1
47 16 7
47 17 3
47 18 7
47 19 4
47 20 7
47 21 6
47 22 6
47 23 1
47 24 9
47 25 1
47 26 7
47 27 7
47 28 3
47 29 1
47 30 9
47 31 2
47 32 6
47 33 6
47 34 9
47 35 9
47 36 2
47 37 4
47 38 2
47 39 9
47 40 1
47 41 4
47 42 4
47 43 3
47 44 10
47 45 4
47 46 5
48 0 10
48 1 10
48 2 9
48 3 2
48 4 3
48 5 9
48 6 4
48 7 8
48 8 9
48 9 7
48 10 2
48 11 10
48 12 2
48 13 2
48 14 7
48 15 4
48 16 4
48 17 3
48 18 10
48 19 9
48 20 6
48 21 7
48 22 9
48 23 5
48 24 10
48 25 7
48 26 2
48 27 7
48 28 1
48 29 4
48 30 10
48 31 10
48 32 2
48 33 1
48 34 3
48 35 7
48 36 4
48 37 3
48 38 9
48 39 7
48 40 9
48 41 7
48 42 4
48 43 2
48 44 3
48 45 2
48 46 1
48 47 3
49 0 9
49 1 7
49 2 10
49 3 1
49 4 6
49 5 8
49 6 1
49 7 9
49 8 10
49 9 10
49 10 2
49 11 10
49 12 6
49 13 8
49 14 10
49 15 2
49 16 8
49 17 3
49 18 10
49 19 7
49 20 6
49 21 10
49 22 4
49 23 9
49 24 3
49 25 3
49 26 5
49 27 2
49 28 10
49 29 3
49 30 1
49 31 10
49 32 7
49 33 9
49 34 7
49 35 4
49 36 3
49 37 10
49 38 3
49 39 7
49 40 3
49 41 4
49 42 3
49 43 10
49 44 7
49 45 10
49 46 3
49 47 2
49 48 7
50 0 4
50 1 6
50 2 9
50 3 10
50 4 5
50 5 4
50 6 2
50 7 5
50 8 4
50 9 3
50 10 5
50 11 7
50 12 4
50 13 7
50 14 10
50 15 7
50 16 9
50 17 4
50 18 6
50 19 1
50 20 5
50 21 6
50 22 2
50 23 4
50 24 3
50 25 10
50 26 6
50 27 3
50 28 2
50 29 10
50 30 2
50 31 3
50 32 9
50 33 10
50 34 3
50 35 10
50 36 3
50 37 5
50 38 10
50 39 5
50 40 5
50 41 4
50 42 9
50 43 8
50 44 7
50 45 1
50 46 10
50 47 2
50 48 9
50 49 4
51 0 1
51 1 6
51 2 2
51 3 1
51 4 7
51 5 2
51 6 5
51 7 2
51 8 5
51 9 9
51 10 4
51 11 9
51 12 5
51 13 1
51 14 5
51 15 10
51 16 10
51 17 2
51 18 2
51 19 5
51 20 1
51 21 10
51 22 7
51 23 10
51 24 10
51 25 9
51 26 4
51 27 9
51 28 7
51 29 2
51 30 10
51 31 7
51 32 8
51 33 10
51 34 5
51 35 4
51 36 1
51 37 10
51 38 1
51 39 4
51 40 2
51 41 1
51 42 10
51 43 9
51 44 7
51 45 2
51 46 6
51 47 7
51 48 2
51 49 2
51 50 5
52 0 9
52 1 5
52 2 6
52 3 2
52 4 1
52 5 8
52 6 1
52 7 7
52 8 5
52 9 1
52 10 2
52 11 10
52 12 1
52 13 3
52 14 5
52 15 2
52 16 9
52 17 1
52 18 3
52 19 4
52 20 5
52 21 9
52 22 7
52 23 8
52 24 5
52 25 9
52 26 6
52 27 4
52 28 9
52 29 7
52 30 6
52 31 10
52 32 2
52 33 2
52 34 1
52 35 5
52 36 1
52 37 4
52 38 9
52 39 4
52 40 3
52 41 5
52 42 1
52 43 5
52 44 9
52 45 3
52 46 7
52 47 5
52 48 5
52 49 10
52 50 1
52 51 2
53 0 2
53 1 4
53 2 3
53 3 1
53 4 10
53 5 4
53 6 5
53 7 8
53 8 5
53 9 4
53 10 1
53 11 6
53 12 7
53 13 6
53 14 9
53 15 3
53 16 9
53 17 10
53 18 2
53 19 6
53 20 8
53 21 6
53 22 10
53 23 7
53 24 1
53 25 9
53 26 2
53 27 6
53 28 7
53 29 7
53 30 4
53 31 10
53 32 8
53 33 9
53 34 9
53 35 1
53 36 10
53 37 1
53 38 2
53 39 4
53 40 8
53 41 8
53 42 8
53 43 8
53 44 3
53 45 6
53 46 9
53 47 3
53 48 7
53 49 6
53 50 5
53 51 4
53 52 8
54 0 2
54 1 3
54 2 2
54 3 1
54 4 3
54 5 6
54 6 2
54 7 2
54 8 3
54 9 3
54 10 8
54 11 4
54 12 2
54 13 9
54 14 4
54 15 8
54 16 5
54 17 7
54 18 10
54 19 10
54 20 2
54 21 9
54 22 6
54 23 4
54 24 4
54 25 8
54 26 3
54 27 10
54 28 5
54 29 10
54 30 10
54 31 3
54 32 3
54 33 4
54 34 4
54 35 4
54 36 10
54 37 4
54 38 8
54 39 1
54 40 4
54 41 7
54 42 9
54 43 2
54 44 2
54 45 8
54 46 4
54 47 10
54 48 6
54 49 10
54 50 10
54 51 7
54 52 3
54 53 8
55 0 4
55 1 1
55 2 8
55 3 1
55 4 8
55 5 4
55 6 1
55 7 5
55 8 8
55 9 4
55 10 8
55 11 9
55 12 6
55 13 3
55 14 1
55 15 1
55 16 10
55 17 4
55 18 9
55 19 6
55 20 10
55 21 10
55 22 3
55 23 4
55 24 6
55 25 5
55 26 2
55 27 7
55 28 1
55 29 1
55 30 2
55 31 10
55 32 6
55 33 5
55 34 3
55 35 7
55 36 10
55 37 5
55 38 10
55 39 7
55 40 8
55 41 10
55 42 7
55 43 10
55 44 6
55 45 6
55 46 10
55 47 5
55 48 10
55 49 7
55 50 5
55 51 5
55 52 3
55 53 8
55 54 6
56 0 5
56 1 3
56 2 4
56 3 9
56 4 10
56 5 1
56 6 5
56 7 5
56 8 7
56 9 10
56 10 4
56 11 10
56 12 9
56 13 1
56 14 10
56 15 2
56 16 2
56 17 10
56 18 3
56 19 6
56 20 1
56 21 4
56 22 7
56 23 7
56 24 5
56 25 2
56 26 10
56 27 4
56 28 8
56 29 4
56 30 7
56 31 7
56 32 10
56 33 5
56 34 8
56 35 2
56 36 8
56 37 9
56 38 10
56 39 10
56 40 10
56 41 5
56 42 5
56 43 4
56 44 7
56 45 6
56 46 4
56 47 2
56 48 1
56 49 9
56 50 8
56 51 10
56 52 9
56 53 9
56 54 7
56 55 9
57 0 1
57 1 3
57 2 8
57 3 5
57 4 4
57 5 8
57 6 8
57 7 8
57 8 4
57 9 9
57 10 9
57 11 2
57 12 1
57 13 6
57 14 2
57 15 5
57 16 9
57 17 4
57 18 9
57 19 5
57 20 2
57 21 5
57 22 10
57 23 8
57 24 2
57 25 8
57 26 2
57 27 8
57 28 2
57 29 1
57 30 6
57 31 1
57 32 1
57 33 7
57 34 8
57 35 4
57 36 8
57 37 3
57 38 6
57 39 2
57 40 4
57 41 6
57 42 8
57 43 5
57 44 7
57 45 10
57 46 2
57 47 2
57 48 8
57 49 6
57 50 3
57 51 7
57 52 5
57 53 5
57 54 7
57 55 3
57 56 7
58 0 4
58 1 3
58 2 6
58 3 10
58 4 7
58 5 3
58 6 1
58 7 3
58 8 4
58 9 9
58 10 8
58 11 6
58 12 9
58 13 9
58 14 6
58 15 9
58 16 5
58 17 3
58 18 5
58 19 1
58 20 8
58 21 1
58 22 10
58 23 9
58 24 6
58 25 7
58 26 4
58 27 2
58 28 2
58 29 3
58 30 9
58 31 4
58 32 8
58 33 8
58 34 6
58 35 9
58 36 5
58 37 4
58 38 3
58 39 2
58 40 6
58 41 4
58 42 9
58 43 10
58 44 2
58 45 8
58 46 8
58 47 8
58 48 5
58 49 1
58 50 5
58 51 4
58 52 5
58 53 7
58 54 9
58 55 5
58 56 1
58 57 6
59 0 2
59 1 5
59 2 6
59 3 5
59 4 3
59 5 2
59 6 6
59 7 6
59 8 9
59 9 8
59 10 6
59 11 8
59 12 2
59 13 10
59 14 10
59 15 1
59 16 4
59 17 1
59 18 7
59 19 8
59 20 8
59 21 4
59 22 1
59 23 4
59 24 7
59 25 6
59 26 2
59 27 8
59 28 4
59 29 6
59 30 9
59 31 6
59 32 10
59 33 8
59 34 9
59 35 1
59 36 9
59 37 2
59 38 3
59 39 2
59 40 4
59 41 9
59 42 9
59 43 3
59 44 9
59 45 2
59 46 3
59 47 2
59 48 6
59 49 5
59 50 9
59 51 1
59 52 4
59 53 4
59 54 7
59 55 10
59 56 9
59 57 6
59 58 5
60 0 7
60 1 9
60 2 3
60 3 2
60 4 6
60 5 1
60 6 1
60 7 2
60 8 6
60 9 3
60 10 9
60 11 10
60 12 10
60 13 7
60 14 4
60 15 8
60 16 9
60 17 4
60 18 2
60 19 4
60 20 5
60 21 2
60 22 6
60 23 6
60 24 3
60 25 2
60 26 6
60 27 10
60 28 9
60 29 6
60 30 3
60 31 5
60 32 4
60 33 5
60 34 9
60 35 3
60 36 2
60 37 2
60 38 3
60 39 6
60 40 2
60 41 4
60 42 3
60 43 3
60 44 8
60 45 7
60 46 9
60 47 1
60 48 9
60 49 8
60 50 2
60 51 4
60 52 8
60 53 2
60 54 6
60 55 2
60 56 7
60 57 10
60 58 5
60 59 5
61 0 10
61 1 7
61 2 2
61 3 7
61 4 5
61 5 6
61 6 8
61 7 2
61 8 3
61 9 3
61 10 9
61 11 10
61 12 8
61 13 7
61 14 10
61 15 2
61 16 2
61 17 2
61 18 6
61 19 10
61 20 9
61 21 1
61 22 4
61 23 10
61 24 10
61 25 6
61 26 8
61 27 10
61 28 6
61 29 8
61 30 2
61 31 8
61 32 8
61 33 7
61 34 6
61 35 7
61 36 10
61 37 1
61 38 3
61 39 10
61 40 4
61 41 4
61 42 8
61 43 9
61 44 7
61 45 3
61 46 7
61 47 3
61 48 1
61 49 10
61 50 10
61 51 6
61 52 7
61 53 4
61 54 6
61 55 9
61 56 3
61 57 8
61 58 10
61 59 10
61 60 7
62 0 4
62 1 3
62 2 3
62 3 4
62 4 2
62 5 5
62 6 5
62 7 2
62 8 3
62 9 7
62 10 5
62 11 10
62 12 7
62 13 5
62 14 8
62 15 9
62 16 9
62 17 5
62 18 2
62 19 8
62 20 5
62 21 10
62 22 5
62 23 9
62 24 3
62 25 9
62 26 6
62 27 6
62 28 9
62 29 8
62 30 7
62 31 9
62 32 3
62 33 10
62 34 9
62 35 7
62 36 4
62 37 10
62 38 1
62 39 5
62 40 5
62 41 10
62 42 3
62 43 1
62 44 3
62 45 6
62 46 3
62 47 3
62 48 8
62 49 7
62 50 7
62 51 9
62 52 10
62 53 5
62 54 10
62 55 3
62 56 3
62 57 3
62 58 2
62 59 9
62 60 3
62 61 4
63 0 3
63 1 10
63 2 10
63 3 6
63 4 3
63 5 8
63 6 2
63 7 2
63 8 3
63 9 7
63 10 4
63 11 9
63 12 4
63 13 2
63 14 3
63 15 4
63 16 10
63 17 6
63 18 2
63 19 4
63 20 8
63 21 1
63 22 2
63 23 7
63 24 7
63 25 3
63 26 3
63 27 1
63 28 2
63 29 8
63 30 9
63 31 1
63 32 2
63 33 7
63 34 6
63 35 9
63 36 7
63 37 4
63 38 9
63 39 9
63 40 10
63 41 5
63 42 5
63 43 10
63 44 5
63 45 5
63 46 2
63 47 8
63 48 3
63 49 1
63 50 2
63 51 10
63 52 5
63 53 3
63 54 4
63 55 7
63 56 7
63 57 3
63 58 8
63 59 8
63 60 8
63 61 6
63 62 5
64 0 1
64 1 3
64 2 9
64 3 3
64 4 7
64 5 7
64 6 4
64 7 6
64 8 6
64 9 8
64 10 6
64 11 5
64 12 8
64 13 5
64 14 4
64 15 7
64 16 2
64 17 3
64 18 6
64 19 4
64 20 4
64 21 3
64 22 3
64 23 3
64 24 5
64 25 1
64 26 1
64 27 7
64 28 1
64 29 4
64 30 4
64 31 4
64 32 4
64 33 5
64 34 8
64 35 6
64 36 9
64 37 3
64 38 9
64 39 3
64 40 5
64 41 1
64 42 4
64 43 8
64 44 9
64 45 9
64 46 6
64 47 7
64 48 8
64 49 10
64 50 5
64 51 2
64 52 7
64 53 2
64 54 7
64 55 9
64 56 10
64 57 5
64 58 4
64 59 1
64 60 10
64 61 7
64 62 5
64 63 5
65 0 4
65 1 2
65 2 6
65 3 8
65 4 4
65 5 6
65 6 9
65 7 8
65 8 2
65 9 9
65 10 6
65 11 5
65 12 7
65 13 2
65 14 2
65 15 10
65 16 8
65 17 8
65 18 5
65 19 3
65 20 2
65 21 1
65 22 1
65 23 6
65 24 8
65 25 10
65 26 1
65 27 6
65 28 3
65 29 6
65 30 7
65 31 4
65 32 5
65 33 4
65 34 9
65 35 3
65 36 1
65 37 1
65 38 8
65 39 5
65 40 10
65 41 5
65 42 8
65 43 5
65 44 1
65 45 10
65 46 1
65 47 1
65 48 8
65 49 7
65 50 5
65 51 8
65 52 2
65 53 3
65 54 7
65 55 5
65 56 2
65 57 5
65 58 5
65 59 6
65 60 1
65 61 10
65 62 1
65 63 6
65 64 2
66 0 3
66 1 10
66 2 3
66 3 4
66 4 1
66 5 5
66 6 4
66 7 1
66 8 9
66 9 8
66 10 2
66 11 1
66 12 2
66 13 4
66 14 7
66 15 7
66 16 9
66 17 8
66 18 3
66 19 1
66 20 8
66 21 2
66 22 3
66 23 8
66 24 10
66 25 4
66 26 6
66 27 8
66 28 10
66 29 2
66 30 3
66 31 7
66 32 1
66 33 2
66 34 6
66 35 7
66 36 10
66 37 10
66 38 2
66 39 4
66 40 2
66 41 5
66 42 6
66 43 8
66 44 3
66 45 1
66 46 10
66 47 4
66 48 3
66 49 6
66 50 3
66 51 2
66 52 7
66 53 10
66 54 2
66 55 10
66 56 7
66 57 5
66 58 1
66 59 1
66 60 3
66 61 3
66 62 5
66 63 3
66 64 3
66 65 5
67 0 10
67 1 8
67 2 10
67 3 9
67 4 6
67 5 5
67 6 9
67 7 6
67 8 8
67 9 1
67 10 8
67 11 10
67 12 8
67 13 7
67 14 4
67 15 10
67 16 7
67 17 6
67 18 9
67 19 9
67 20 4
67 21 3
67 22 2
67 23 7
67 24 4
67 25 10
67 26 6
67 27 10
67 28 5
67 29 7
67 30 5
67 31 9
67 32 5
67 33 10
67 34 2
67 35 4
67 36 9
67 37 7
67 38 7
67 39 6
67 40 4
67 41 9
67 42 1
67 43 5
67 44 4
67 45 6
67 46 6
67 47 4
67 48 2
67 49 9
67 50 1
67 51 9
67 52 9
67 53 5
67 54 2
67 55 1
67 56 6
67 57 3
67 58 4
67 59 5
67 60 6
67 61 3
67 62 6
67 63 5
67 64 9
67 65 2
67 66 3
68 0 2
68 1 5
68 2 5
68 3 10
68 4 8
68 5 3
68 6 6
68 7 1
68 8 10
68 9 7
68 10 6
68 11 5
68 12 6
68 13 4
68 14 7
68 15 4
68 16 4
68 17 3
68 18 7
68 19 2
68 20 5
68 21 5
68 22 9
68 23 4
68 24 4
68 25 8
68 26 1
68 27 2
68 28 4
68 29 10
68 30 4
68 31 6
68 32 7
68 33 1
68 34 8
68 35 6
68 36 9
68 37 3
68 38 8
68 39 2
68 40 9
68 41 8
68 42 2
68 43 4
68 44 3
68 45 1
68 46 7
68 47 8
68 48 7
68 49 8
68 50 9
68 51 8
68 52 5
68 53 1
68 54 5
68 55 3
68 56 3
68 57 1
68 58 5
68 59 1
68 60 8
68 61 2
68 62 9
68 63 8
68 64 3
68 65 10
68 66 1
68 67 7
69 0 3
69 1 2
69 2 1
69 3 4
69 4 5
69 5 2
69 6 2
69 7 7
69 8 8
69 9 4
69 10 4
69 11 5
69 12 4
69 13 10
69 14 2
69 15 2
69 16 6
69 17 3
69 18 7
69 19 9
69 20 1
69 21 1
69 22 1
69 23 4
69 24 4
69 25 10
69 26 4
69 27 2
69 28 8
69 29 9
69 30 5
69 31 8
69 32 9
69 33 9
69 34 9
69 35 10
69 36 2
69 37 3
69 38 3
69 39 2
69 40 1
69 41 2
69 42 4
69 43 10
69 44 9
69 45 1
69 46 4
69 47 7
69 48 7
69 49 2
69 50 7
69 51 5
69 52 9
69 53 9
69 54 10
69 55 4
69 56 10
69 57 10
69 58 1
69 59 3
69 60 2
69 61 1
69 62 9
69 63 5
69 64 7
69 65 10
69 66 9
69 67 8
69 68 10
