25
2 0 2
3 0 3
4 3 46
5 0 31
5 1 16
5 2 7
6 5 30
7 1 1
8 0 37
8 1 45
9 1 26
9 4 15
9 5 17
9 6 46
9 7 5
10 0 19
10 3 18
10 6 33
11 1 44
11 2 9
11 3 25
11 4 49
11 6 36
11 7 7
11 8 26
11 9 43
12 0 8
12 1 40
12 4 23
12 7 26
12 8 34
12 10 32
13 0 42
13 2 29
13 3 2
13 6 11
13 7 23
13 10 4
13 12 46
14 1 18
14 5 10
14 6 17
14 8 43
14 11 35
14 13 31
15 1 38
15 5 2
15 6 16
15 7 24
15 8 15
15 12 37
15 14 38
16 1 39
16 2 9
16 5 8
16 8 47
16 9 41
16 11 31
16 12 50
16 13 34
16 14 41
16 15 48
17 1 36
17 2 24
17 4 50
17 5 4
17 6 27
17 7 21
17 9 5
17 10 44
17 11 42
17 12 12
17 13 21
17 15 23
17 16 30
18 0 8
18 1 3
18 2 7
18 6 36
18 7 4
18 9 8
18 11 6
18 12 38
18 13 3
18 14 49
18 15 14
18 16 1
19 1 18
19 4 41
19 5 49
19 7 29
19 9 28
19 10 22
19 11 7
19 17 12
19 18 44
20 1 23
20 3 43
20 4 1
20 5 34
20 6 44
20 7 8
20 10 9
20 11 28
20 12 35
20 17 6
20 19 44
21 1 25
21 3 38
21 4 2
21 5 3
21 6 26
21 7 47
21 9 13
21 10 28
21 13 5
21 15 40
21 18 21
22 0 20
22 3 8
22 6 15
22 8 23
22 10 18
22 12 35
22 13 21
22 14 9
22 16 16
22 17 33
22 19 34
22 20 19
22 21 45
23 2 14
23 5 47
23 6 33
23 7 1
23 8 38
23 10 26
23 12 2
23 13 28
23 14 5
23 19 25
24 1 31
24 2 43
24 3 39
24 4 3
24 5 9
24 7 23
24 10 28
24 12 1
24 13 19
24 15 28
24 16 35
24 18 24
24 19 21
24 23 34
