25
1 0 18
2 0 23
2 1 84
3 1 13
4 0 42
4 2 38
4 3 99
5 1 66
5 2 79
5 3 4
6 4 17
7 0 12
7 2 59
7 3 23
7 6 61
8 0 87
8 2 72
8 3 17
8 5 43
9 4 72
9 6 82
10 0 89
10 1 60
10 3 79
10 4 58
10 5 68
10 7 26
10 8 61
10 9 64
11 2 34
11 3 37
11 6 85
11 10 83
12 0 33
12 1 47
12 7 62
12 10 65
12 11 34
13 1 16
13 2 93
13 3 48
13 6 4
13 8 21
13 11 4
13 12 92
14 0 2
14 1 80
14 5 19
14 6 16
14 7 22
14 8 86
14 10 79
14 13 89
15 3 19
15 4 83
15 5 70
15 7 38
15 8 19
15 9 34
15 10 84
15 12 61
15 13 75
15 14 26
16 0 71
16 3 38
16 5 29
16 7 69
16 8 36
16 9 69
16 10 69
16 11 52
16 12 42
16 14 45
16 15 2
17 0 46
17 2 5
17 3 10
17 7 87
17 8 17
17 10 28
17 11 20
17 12 78
17 13 25
17 14 25
17 16 83
18 1 10
18 4 1
18 7 12
18 8 99
18 12 47
18 13 37
18 14 28
19 0 55
19 1 99
19 4 35
19 5 34
19 6 34
19 7 50
19 8 4
19 9 90
19 10 12
19 16 53
20 5 8
20 6 61
20 7 64
20 8 84
20 9 2
20 11 52
20 13 45
20 14 63
20 16 37
20 18 73
20 19 99
21 0 58
21 1 24
21 2 92
21 3 53
21 4 22
21 6 5
21 7 30
21 8 43
21 10 30
21 12 3
21 13 82
21 14 88
21 16 52
21 19 13
21 20 73
22 2 97
22 6 77
22 10 25
22 11 42
22 13 68
22 15 35
22 18 20
22 20 87
23 6 75
23 12 74
23 13 51
23 14 17
23 15 73
23 16 96
23 18 79
24 0 46
24 1 18
24 2 68
24 3 1
24 5 45
24 6 94
24 7 41
24 9 77
24 12 11
24 14 84
24 15 21
24 23 58
