65
1 0 38
3 1 23
4 0 47
4 2 49
5 1 6
5 4 42
6 0 13
6 1 13
6 2 15
7 0 9
7 1 24
7 2 29
7 4 7
7 5 25
8 2 48
8 3 6
8 4 25
8 6 17
9 0 1
9 1 45
9 2 36
9 3 28
9 4 8
9 5 14
9 6 2
9 8 24
10 2 8
10 3 4
10 6 44
10 7 18
11 3 26
11 5 40
11 6 12
11 8 44
11 9 20
12 1 14
12 2 5
12 3 39
12 4 31
12 6 21
12 8 35
12 10 7
13 2 46
13 3 15
13 5 32
13 7 24
13 9 17
13 11 13
13 12 20
14 2 11
14 5 1
14 8 33
14 9 24
14 10 9
14 13 43
15 4 9
15 5 8
15 7 3
15 8 39
15 9 38
15 10 48
15 12 22
15 13 31
16 1 3
16 3 10
16 5 30
16 6 28
16 7 2
16 10 33
16 11 33
16 12 41
16 14 50
17 0 26
17 1 42
17 2 15
17 3 35
17 4 50
17 6 31
17 7 37
17 8 38
17 10 21
17 12 42
17 13 47
17 14 30
17 16 48
18 0 46
18 1 10
18 4 38
18 6 39
18 7 8
18 10 20
18 12 45
18 14 2
18 15 13
18 16 9
18 17 39
19 0 13
19 1 4
19 2 2
19 6 31
19 7 49
19 8 26
19 12 45
19 13 26
19 18 2
20 0 39
20 1 12
20 4 19
20 5 46
20 7 39
20 11 28
20 12 27
20 17 34
20 19 49
21 4 22
21 9 2
21 10 5
21 14 9
21 15 8
21 16 30
21 20 48
22 1 39
22 3 13
22 5 43
22 7 19
22 12 36
22 16 47
22 19 25
23 0 22
23 1 26
23 3 21
23 4 12
23 7 25
23 8 27
23 9 25
23 10 46
23 12 17
23 13 35
23 14 32
23 16 23
23 20 12
23 21 28
23 22 18
24 0 49
24 1 19
24 5 36
24 8 40
24 9 45
24 12 9
24 13 35
24 15 44
24 16 3
24 17 18
24 18 34
24 20 47
24 21 19
25 3 13
25 4 49
25 5 11
25 6 17
25 8 47
25 9 50
25 11 8
25 15 35
25 16 3
25 17 5
25 18 22
25 23 27
25 24 20
26 0 10
26 1 35
26 10 16
26 13 33
26 15 43
26 17 1
26 18 33
26 19 27
26 21 25
26 22 42
26 23 18
27 0 22
27 4 1
27 5 24
27 9 35
27 11 42
27 12 46
27 17 47
27 18 22
27 19 11
27 20 15
27 21 14
27 22 29
27 23 24
27 25 37
28 0 31
28 3 47
28 4 3
28 7 30
28 10 13
28 11 22
28 13 43
28 14 23
28 16 27
28 17 31
28 19 37
28 20 48
28 21 11
28 22 7
28 23 6
28 24 17
28 25 24
29 0 44
29 4 33
29 7 35
29 11 5
29 13 33
29 15 33
29 16 2
29 18 23
29 22 18
29 26 17
29 28 12
30 2 49
30 4 14
30 5 24
30 7 1
30 8 45
30 9 8
30 10 11
30 11 45
30 12 42
30 13 12
30 14 31
30 17 48
30 19 33
30 27 23
30 29 33
31 3 22
31 4 8
31 7 40
31 11 21
31 15 48
31 16 10
31 17 44
31 18 3
31 21 25
31 24 50
31 25 32
31 26 18
31 27 1
31 29 40
31 30 3
32 3 44
32 4 43
32 8 18
32 10 3
32 11 30
32 14 35
32 19 29
32 20 23
32 21 32
32 24 21
32 27 50
32 29 10
33 2 7
33 4 9
33 7 36
33 8 5
33 14 8
33 15 38
33 16 32
33 20 30
33 24 6
33 27 30
33 28 4
33 32 12
34 0 12
34 1 37
34 2 49
34 4 44
34 5 14
34 6 39
34 7 49
34 8 48
34 11 43
34 13 4
34 16 5
34 17 38
34 19 26
34 22 25
34 24 41
34 25 42
34 26 12
34 29 23
34 32 20
34 33 40
35 0 18
35 3 16
35 5 18
35 7 24
35 8 15
35 9 28
35 10 43
35 11 49
35 12 9
35 15 21
35 16 17
35 17 10
35 18 7
35 19 21
35 21 6
35 22 7
35 24 30
35 26 24
35 27 31
35 29 2
35 30 1
35 31 1
35 33 23
36 0 24
36 3 41
36 4 3
36 5 47
36 7 33
36 8 7
36 12 12
36 15 33
36 18 12
36 20 14
36 21 30
36 23 42
36 24 35
36 27 48
36 28 36
36 31 15
36 33 5
36 35 39
37 0 10
37 1 35
37 2 20
37 3 3
37 5 40
37 8 22
37 9 4
37 10 45
37 15 10
37 17 8
37 19 8
37 21 27
37 22 25
37 24 16
37 26 2
37 27 50
37 30 44
37 31 8
37 32 17
38 1 8
38 2 5
38 3 36
38 6 47
38 8 49
38 11 43
38 12 10
38 14 39
38 15 15
38 16 15
38 18 11
38 19 5
38 29 27
38 33 13
38 36 8
39 6 32
39 7 20
39 9 26
39 11 28
39 12 40
39 13 20
39 14 11
39 15 43
39 17 2
39 19 14
39 23 44
39 26 16
39 29 33
39 34 19
39 38 14
40 1 24
40 6 35
40 9 22
40 11 6
40 12 36
40 13 20
40 15 37
40 19 50
40 20 28
40 23 3
40 24 41
40 25 37
40 26 20
40 29 28
40 32 2
40 39 46
41 1 11
41 2 46
41 4 44
41 8 30
41 11 16
41 12 50
41 13 30
41 15 6
41 17 23
41 18 47
41 20 45
41 28 44
41 30 16
41 32 20
41 33 40
41 34 25
41 35 48
41 38 27
41 39 2
42 0 39
42 3 38
42 4 46
42 5 49
42 7 3
42 8 48
42 13 34
42 14 22
42 16 29
42 17 49
42 18 49
42 19 36
42 20 20
42 24 26
42 26 8
42 29 30
42 31 2
42 33 5
42 36 33
42 37 47
42 38 31
42 40 30
42 41 1
43 0 15
43 2 39
43 4 21
43 5 23
43 8 47
43 9 35
43 12 8
43 13 24
43 15 23
43 17 8
43 18 49
43 24 12
43 29 21
43 32 44
43 33 38
43 35 30
43 36 4
43 39 21
43 40 24
43 41 34
43 42 46
44 2 11
44 3 13
44 5 18
44 6 14
44 10 10
44 12 45
44 13 49
44 14 40
44 15 16
44 16 5
44 17 16
44 24 17
44 25 1
44 27 39
44 28 15
44 29 45
44 30 41
44 35 33
44 36 43
44 37 40
44 39 26
44 40 4
44 42 21
44 43 16
45 0 24
45 2 11
45 3 9
45 4 40
45 8 36
45 9 6
45 10 34
45 11 18
45 12 41
45 13 35
45 16 27
45 17 44
45 21 1
45 22 2
45 23 36
45 27 6
45 33 45
45 34 9
45 35 12
45 36 29
45 37 21
45 38 43
45 39 8
45 40 2
45 43 32
45 44 36
46 0 39
46 1 13
46 2 26
46 3 41
46 7 35
46 10 21
46 12 6
46 13 15
46 17 15
46 18 27
46 23 10
46 26 16
46 27 24
46 29 49
46 32 28
46 33 4
46 37 7
46 39 33
46 43 46
47 0 9
47 2 46
47 3 39
47 4 23
47 6 44
47 7 5
47 8 43
47 12 1
47 13 28
47 15 10
47 19 17
47 20 17
47 22 49
47 23 15
47 24 44
47 25 42
47 26 16
47 28 30
47 31 11
47 32 6
47 34 21
47 36 5
47 38 19
47 39 16
47 44 33
47 46 11
48 0 49
48 1 47
48 3 31
48 7 49
48 8 22
48 10 20
48 17 27
48 20 19
48 26 47
48 30 39
48 33 20
48 35 32
48 36 9
48 37 27
48 39 50
48 44 43
49 0 27
49 2 39
49 4 15
49 7 12
49 11 15
49 13 19
49 16 5
49 18 7
49 19 19
49 21 16
49 23 34
49 25 17
49 26 17
49 27 6
49 28 27
49 29 5
49 31 18
49 32 5
49 33 9
49 34 16
49 36 1
49 37 25
49 39 40
49 41 6
49 42 33
49 45 48
49 48 49
50 0 6
50 2 19
50 4 33
50 7 47
50 11 22
50 19 9
50 20 9
50 21 4
50 22 16
50 25 22
50 29 30
50 30 39
50 34 19
50 35 21
50 38 33
50 41 35
50 45 49
50 46 47
51 0 12
51 9 17
51 10 17
51 11 19
51 12 15
51 13 7
51 14 43
51 17 42
51 18 25
51 20 12
51 22 16
51 23 49
51 24 39
51 25 16
51 26 27
51 29 1
51 30 48
51 31 7
51 35 1
51 36 13
51 39 3
51 40 35
51 42 21
51 45 44
51 46 8
51 47 22
52 0 11
52 1 1
52 2 3
52 5 12
52 6 10
52 10 24
52 11 48
52 12 30
52 13 19
52 18 35
52 22 25
52 23 23
52 24 45
52 25 22
52 26 37
52 29 15
52 31 29
52 32 29
52 33 11
52 34 45
52 35 25
52 36 21
52 37 28
52 39 10
52 40 23
52 42 3
52 44 2
52 49 27
52 51 30
53 2 37
53 4 34
53 9 25
53 10 9
53 13 18
53 17 16
53 18 27
53 19 44
53 23 1
53 26 33
53 27 5
53 28 6
53 29 49
53 30 9
53 31 17
53 38 36
53 41 33
53 45 3
53 46 22
53 47 3
53 50 13
53 52 38
54 0 8
54 1 13
54 3 10
54 5 44
54 6 10
54 7 5
54 8 39
54 10 17
54 15 6
54 16 28
54 18 10
54 19 48
54 20 20
54 22 9
54 23 5
54 24 19
54 25 39
54 26 7
54 37 15
54 39 41
54 46 42
54 47 42
54 49 49
55 0 10
55 2 18
55 3 3
55 4 39
55 5 15
55 6 27
55 8 26
55 9 7
55 10 42
55 12 44
55 14 38
55 15 44
55 17 38
55 20 36
55 21 9
55 22 29
55 23 2
55 31 38
55 32 1
55 33 42
55 34 37
55 35 47
55 36 13
55 37 13
55 39 24
55 40 21
55 42 35
55 46 9
55 48 38
55 49 18
55 51 17
56 0 6
56 1 26
56 2 12
56 3 47
56 4 48
56 7 48
56 14 34
56 15 42
56 19 6
56 21 28
56 22 26
56 26 27
56 27 14
56 28 49
56 30 35
56 32 34
56 35 19
56 37 28
56 38 35
56 39 31
56 46 20
56 47 32
56 48 30
56 49 8
56 51 15
57 1 12
57 4 23
57 5 41
57 6 9
57 8 26
57 10 12
57 11 50
57 12 21
57 13 23
57 14 37
57 15 36
57 16 40
57 17 29
57 18 18
57 19 40
57 21 25
57 23 16
57 24 43
57 28 5
57 29 42
57 33 10
57 34 34
57 35 26
57 38 4
57 39 20
57 40 16
57 41 26
57 42 28
57 44 40
57 49 30
57 50 6
57 52 41
57 53 32
57 54 34
57 55 26
57 56 40
58 0 7
58 2 24
58 3 1
58 8 20
58 10 47
58 13 18
58 19 26
58 20 50
58 22 4
58 24 29
58 27 20
58 29 28
58 32 27
58 35 12
58 36 47
58 39 37
58 40 36
58 41 14
58 42 16
58 45 48
58 47 40
58 49 28
58 52 15
58 55 45
58 57 38
59 2 45
59 3 25
59 5 49
59 8 28
59 10 10
59 13 10
59 14 8
59 17 34
59 20 17
59 22 49
59 24 14
59 26 13
59 27 7
59 28 32
59 30 28
59 33 18
59 36 2
59 37 21
59 38 22
59 41 33
59 45 37
59 46 31
59 48 9
59 49 49
59 50 17
59 52 43
59 53 22
59 56 43
60 3 24
60 7 43
60 8 9
60 9 10
60 10 17
60 11 27
60 12 5
60 14 2
60 15 3
60 16 37
60 17 5
60 18 9
60 19 27
60 20 10
60 21 35
60 24 38
60 26 21
60 33 50
60 35 19
60 37 29
60 41 23
60 44 46
60 45 4
60 47 44
60 48 10
60 49 28
60 50 26
60 51 29
60 52 41
60 54 5
60 55 41
61 1 50
61 3 43
61 5 10
61 7 2
61 8 20
61 9 1
61 10 14
61 11 48
61 15 9
61 16 33
61 21 38
61 22 28
61 23 50
61 26 19
61 27 12
61 29 45
61 30 34
61 31 26
61 34 2
61 39 41
61 40 11
61 41 27
61 42 46
61 43 24
61 44 22
61 45 31
61 46 34
61 48 20
61 49 26
61 50 4
61 51 25
61 52 18
61 54 3
61 55 36
61 56 50
61 58 11
62 0 50
62 2 40
62 3 49
62 4 22
62 7 11
62 8 11
62 11 15
62 14 2
62 15 50
62 17 6
62 20 5
62 23 2
62 24 5
62 25 39
62 26 22
62 30 29
62 34 43
62 38 34
62 41 27
62 42 11
62 43 35
62 44 24
62 48 1
62 49 42
62 53 10
62 54 13
62 58 35
62 59 9
62 60 28
62 61 16
63 0 47
63 1 30
63 3 42
63 4 20
63 5 14
63 9 25
63 12 14
63 15 11
63 16 42
63 19 1
63 22 7
63 23 22
63 24 36
63 27 34
63 28 22
63 29 23
63 31 1
63 33 18
63 39 38
63 41 41
63 43 49
63 45 23
63 46 29
63 47 17
63 48 32
63 51 7
63 54 34
63 56 11
63 57 14
63 58 4
63 61 1
63 62 5
64 1 36
64 3 12
64 4 19
64 5 6
64 7 45
64 10 2
64 11 50
64 13 31
64 14 38
64 17 19
64 19 41
64 20 8
64 21 39
64 22 38
64 24 44
64 25 26
64 26 50
64 27 34
64 29 9
64 31 12
64 32 3
64 34 8
64 35 12
64 36 21
64 37 33
64 38 30
64 39 5
64 41 22
64 44 42
64 47 36
64 52 41
64 53 32
64 54 37
64 56 15
64 57 48
64 60 20
64 61 24
64 62 50
64 63 18
