20
1 0 46
3 1 77
3 2 26
4 1 97
4 3 46
5 3 75
6 0 79
6 2 56
6 4 82
6 5 100
7 0 92
7 2 44
7 3 74
7 6 28
8 1 92
8 5 98
8 6 97
8 7 55
9 0 4
9 4 26
10 0 30
10 1 51
10 2 100
10 4 63
10 6 89
10 8 46
10 9 78
11 2 25
11 3 60
12 0 15
12 1 84
12 9 43
12 10 99
12 11 56
13 0 70
13 2 56
13 3 34
13 4 98
13 5 1
13 6 28
13 7 13
13 9 6
13 10 46
13 12 34
14 0 27
14 1 65
14 2 41
14 4 74
14 6 95
14 7 63
14 8 84
14 9 58
14 10 73
14 11 58
14 12 49
14 13 83
15 0 8
15 3 54
15 4 85
15 6 32
15 7 53
15 8 83
15 11 10
15 13 10
15 14 25
16 0 84
16 1 54
16 2 100
16 3 33
16 5 8
16 8 36
16 9 32
16 11 27
16 13 45
16 14 82
16 15 46
17 0 17
17 1 54
17 4 74
17 5 65
17 6 73
17 9 100
17 12 56
17 15 87
17 16 4
18 3 23
18 4 42
18 6 38
18 8 31
18 11 71
18 13 58
18 14 49
19 0 8
19 1 24
19 6 100
19 8 36
19 9 61
19 10 65
19 13 60
19 14 8
19 15 48
19 16 22
19 17 7
