50
1 0 8
2 0 37
2 1 86
3 1 58
4 1 52
4 3 9
5 0 40
5 3 80
5 4 8
6 0 73
6 4 30
7 2 99
8 0 57
8 2 72
8 4 94
8 6 72
8 7 27
9 0 21
9 1 71
9 2 6
9 4 68
9 6 51
10 0 75
10 2 19
10 4 3
10 6 10
10 7 82
10 9 30
11 1 37
11 2 47
11 3 29
11 5 12
11 6 52
11 8 13
11 9 64
12 0 35
12 2 50
12 5 59
12 6 41
12 7 95
12 8 78
12 10 47
13 0 17
13 6 12
13 7 39
13 8 46
13 10 81
14 0 97
14 5 16
14 7 50
14 8 24
14 9 100
14 10 48
14 12 26
14 13 59
15 0 69
15 1 59
15 3 9
15 4 89
15 5 39
15 8 57
15 9 76
15 10 3
15 11 32
16 1 22
16 2 26
16 5 45
16 6 86
16 9 98
16 10 12
16 11 69
17 1 58
17 3 14
17 6 15
17 8 99
17 9 78
17 13 12
17 14 43
17 15 100
17 16 96
18 0 85
18 1 27
18 3 14
18 5 80
18 6 33
18 7 57
18 10 54
18 16 16
18 17 93
19 0 92
19 1 7
19 2 33
19 4 4
19 5 54
19 6 10
19 8 73
19 10 53
19 12 31
19 14 93
19 17 29
19 18 56
20 0 13
20 2 99
20 4 100
20 6 20
20 8 6
20 9 75
20 10 63
20 13 69
20 16 73
20 17 24
20 19 6
21 2 36
21 3 48
21 4 77
21 5 72
21 10 18
21 11 73
21 14 43
22 0 52
22 2 30
22 3 35
22 6 94
22 13 100
22 17 4
22 19 63
22 20 56
22 21 83
23 3 46
23 9 30
23 11 20
23 12 9
23 13 21
23 15 96
23 16 60
23 17 82
23 18 91
23 20 95
23 21 54
24 1 27
24 7 41
24 8 50
24 12 86
24 16 21
24 19 66
24 22 37
24 23 64
25 2 23
25 3 64
25 7 6
25 9 68
25 11 79
25 20 75
25 21 54
25 24 24
26 0 15
26 1 42
26 6 62
26 9 87
26 10 42
26 14 81
26 18 28
26 20 41
26 21 36
26 25 11
27 3 34
27 5 90
27 8 64
27 9 13
27 14 54
27 18 84
27 22 49
27 24 31
27 26 39
28 3 8
28 4 37
28 6 69
28 9 99
28 10 90
28 12 34
28 15 14
28 17 50
28 21 65
28 22 36
28 23 61
28 27 29
29 0 42
29 3 98
29 5 76
29 6 21
29 8 89
29 9 27
29 10 48
29 11 67
29 16 17
29 17 51
29 20 14
29 22 9
29 24 15
29 28 1
30 1 71
30 3 3
30 5 91
30 7 6
30 10 77
30 11 1
30 13 42
30 16 63
30 18 90
30 22 19
30 26 53
30 27 69
30 28 100
30 29 90
31 0 69
31 2 22
31 8 13
31 9 49
31 10 83
31 12 39
31 13 11
31 15 32
31 17 34
31 21 88
31 22 93
31 23 54
31 26 2
31 27 19
32 0 93
32 1 17
32 2 75
32 4 43
32 6 18
32 7 24
32 10 2
32 11 58
32 12 82
32 13 12
32 14 15
32 15 73
32 16 58
32 18 11
32 20 10
32 25 50
32 27 44
32 28 87
32 30 63
32 31 60
33 0 28
33 1 60
33 3 83
33 4 69
33 5 37
33 6 61
33 8 46
33 9 49
33 11 46
33 12 13
33 13 90
33 16 54
33 18 18
33 19 21
33 22 21
33 25 71
33 27 45
33 31 91
34 3 79
34 6 12
34 7 44
34 9 43
34 10 67
34 12 50
34 13 11
34 14 79
34 16 23
34 20 93
34 21 19
34 22 76
34 23 76
34 24 52
34 25 78
34 26 74
34 28 34
34 30 26
34 32 68
34 33 98
35 0 64
35 1 20
35 3 8
35 6 84
35 8 75
35 10 99
35 12 43
35 14 67
35 15 97
35 17 13
35 18 25
35 19 57
35 21 28
35 22 83
35 23 43
35 25 16
35 30 53
35 32 9
35 33 90
35 34 15
36 6 71
36 8 92
36 10 17
36 11 25
36 13 17
36 14 79
36 15 21
36 16 94
36 17 24
36 18 78
36 19 93
36 21 3
36 22 46
36 24 100
36 25 64
36 27 24
36 28 3
36 31 81
36 34 87
36 35 97
37 4 94
37 6 53
37 7 37
37 8 20
37 15 55
37 16 39
37 17 63
37 18 95
37 19 99
37 20 33
37 22 75
37 23 73
37 24 41
37 25 12
37 26 93
37 27 62
37 29 74
37 30 77
37 32 3
37 34 38
37 35 85
38 0 58
38 2 39
38 3 52
38 4 100
38 6 45
38 12 79
38 13 85
38 15 98
38 18 48
38 19 86
38 25 28
38 26 76
38 27 29
38 29 46
38 30 77
38 32 79
38 37 49
39 1 88
39 2 97
39 3 71
39 4 13
39 5 15
39 7 53
39 12 53
39 13 25
39 15 99
39 17 93
39 18 84
39 19 87
39 26 57
39 27 3
39 31 86
39 35 41
40 0 26
40 3 37
40 4 58
40 5 68
40 8 55
40 10 81
40 12 58
40 16 97
40 19 60
40 21 69
40 22 86
40 25 49
40 27 78
40 31 96
40 32 27
40 34 59
40 36 76
40 38 1
40 39 23
41 1 89
41 2 54
41 3 81
41 6 38
41 7 40
41 8 82
41 9 43
41 10 33
41 11 36
41 12 48
41 13 78
41 16 22
41 20 98
41 21 62
41 23 94
41 26 33
41 27 31
41 31 24
41 32 16
41 34 25
41 35 21
41 37 25
41 38 82
42 0 54
42 2 82
42 5 91
42 6 83
42 7 89
42 8 78
42 10 39
42 12 8
42 13 83
42 15 68
42 16 82
42 18 80
42 19 25
42 20 29
42 21 68
42 25 27
42 27 75
42 28 68
42 29 11
42 30 97
42 33 24
42 34 84
42 37 25
42 39 5
43 0 33
43 3 10
43 5 90
43 7 85
43 8 77
43 9 31
43 12 49
43 13 32
43 14 25
43 15 67
43 16 72
43 17 79
43 21 74
43 26 21
43 27 7
43 29 90
43 30 57
43 31 7
43 33 68
43 37 39
43 38 75
43 40 66
43 41 19
44 0 15
44 3 8
44 5 57
44 6 83
44 8 39
44 11 93
44 13 11
44 14 31
44 15 45
44 17 70
44 19 27
44 20 45
44 23 81
44 25 28
44 27 20
44 28 89
44 34 69
44 37 41
44 38 78
44 39 8
44 42 1
44 43 87
45 3 30
45 5 99
45 8 59
45 12 79
45 13 77
45 18 72
45 20 39
45 22 74
45 23 75
45 27 86
45 28 47
45 29 54
45 30 14
45 33 76
45 34 26
45 35 16
45 36 78
45 37 87
45 38 8
45 41 11
45 44 36
46 0 57
46 1 86
46 5 7
46 6 48
46 7 76
46 8 55
46 9 95
46 11 80
46 12 64
46 15 30
46 16 7
46 19 13
46 22 100
46 24 39
46 26 60
46 29 5
46 30 68
46 36 31
46 37 61
46 39 100
46 41 23
46 42 13
46 45 87
47 3 66
47 4 8
47 7 26
47 8 93
47 12 64
47 13 74
47 14 83
47 15 45
47 16 78
47 19 77
47 21 81
47 23 24
47 25 22
47 26 38
47 27 9
47 28 46
47 29 68
47 31 24
47 32 97
47 33 57
47 35 34
47 36 55
47 37 63
47 38 54
47 39 2
47 41 72
47 43 69
47 45 59
47 46 62
48 0 87
48 1 50
48 6 48
48 8 70
48 9 96
48 13 51
48 16 37
48 20 38
48 22 89
48 26 89
48 33 38
48 34 55
48 35 10
48 38 2
48 39 61
48 40 59
48 42 8
48 44 24
48 45 28
48 46 3
48 47 92
49 0 80
49 3 71
49 6 87
49 7 4
49 8 57
49 12 84
49 13 88
49 14 8
49 15 74
49 16 46
49 19 76
49 20 82
49 21 11
49 23 35
49 25 87
49 26 65
49 27 60
49 28 88
49 30 6
49 32 90
49 33 66
49 39 84
49 40 84
49 41 98
49 42 67
49 43 64
49 45 11
49 46 32
