60
3 1 1
4 1 1
4 3 1
5 4 1
6 0 1
6 3 1
7 0 1
7 1 1
7 2 1
7 4 1
8 1 1
8 2 1
8 3 1
8 4 1
9 0 1
9 1 1
9 2 1
9 5 1
9 7 1
10 0 1
10 1 1
10 2 1
10 4 1
10 5 1
10 8 1
11 2 1
11 3 1
11 4 1
11 5 1
11 9 1
12 0 1
12 1 1
12 3 1
12 4 1
12 7 1
13 1 1
13 2 1
13 4 1
13 6 1
13 7 1
13 8 1
13 12 1
14 0 1
14 1 1
14 3 1
14 5 1
14 11 1
15 0 1
15 2 1
15 4 1
15 6 1
15 8 1
15 9 1
15 10 1
16 4 1
16 5 1
16 8 1
16 10 1
16 11 1
17 0 1
17 2 1
17 5 1
17 6 1
17 8 1
17 10 1
17 11 1
17 12 1
17 15 1
17 16 1
18 0 1
18 3 1
18 4 1
18 5 1
18 6 1
18 8 1
18 10 1
18 15 1
19 2 1
19 3 1
19 5 1
19 6 1
19 13 1
19 17 1
20 2 1
20 4 1
20 5 1
20 8 1
20 10 1
20 11 1
20 13 1
20 14 1
20 15 1
20 19 1
21 0 1
21 1 1
21 4 1
21 5 1
21 6 1
21 9 1
21 11 1
21 13 1
21 14 1
21 16 1
21 18 1
21 20 1
22 0 1
22 2 1
22 4 1
22 7 1
22 12 1
22 13 1
22 17 1
23 3 1
23 4 1
23 5 1
23 6 1
23 8 1
23 12 1
23 14 1
23 16 1
23 18 1
23 19 1
23 20 1
23 22 1
24 1 1
24 4 1
24 10 1
24 12 1
24 16 1
24 18 1
24 23 1
25 3 1
25 6 1
25 10 1
25 11 1
25 12 1
25 13 1
25 17 1
25 18 1
25 20 1
25 22 1
25 23 1
25 24 1
26 0 1
26 1 1
26 2 1
26 4 1
26 5 1
26 6 1
26 7 1
26 12 1
26 14 1
26 15 1
26 17 1
26 19 1
26 20 1
26 21 1
26 22 1
27 0 1
27 1 1
27 4 1
27 5 1
27 7 1
27 9 1
27 10 1
27 12 1
27 14 1
27 15 1
27 17 1
27 18 1
27 20 1
27 22 1
27 25 1
28 0 1
28 1 1
28 3 1
28 4 1
28 7 1
28 8 1
28 10 1
28 13 1
28 18 1
28 20 1
28 21 1
28 22 1
28 23 1
28 24 1
29 0 1
29 1 1
29 5 1
29 9 1
29 11 1
29 12 1
29 14 1
29 15 1
29 16 1
29 19 1
29 21 1
29 22 1
29 24 1
29 25 1
29 28 1
30 5 1
30 6 1
30 8 1
30 11 1
30 13 1
30 15 1
30 16 1
30 17 1
30 18 1
30 19 1
30 20 1
30 21 1
30 22 1
30 23 1
30 24 1
30 26 1
30 27 1
31 1 1
31 6 1
31 11 1
31 13 1
31 14 1
31 16 1
31 17 1
31 18 1
31 20 1
31 21 1
31 23 1
31 28 1
31 30 1
32 0 1
32 1 1
32 4 1
32 5 1
32 8 1
32 11 1
32 12 1
32 14 1
32 15 1
32 17 1
32 18 1
32 19 1
32 20 1
32 21 1
32 25 1
32 28 1
32 29 1
32 30 1
33 4 1
33 5 1
33 10 1
33 11 1
33 13 1
33 15 1
33 19 1
33 21 1
33 25 1
33 26 1
33 29 1
33 30 1
33 32 1
34 1 1
34 3 1
34 4 1
34 6 1
34 7 1
34 9 1
34 14 1
34 18 1
34 21 1
34 22 1
34 26 1
34 27 1
34 28 1
34 29 1
34 31 1
34 33 1
35 0 1
35 1 1
35 2 1
35 4 1
35 9 1
35 10 1
35 13 1
35 18 1
35 22 1
35 24 1
35 25 1
35 26 1
35 30 1
35 31 1
35 34 1
36 0 1
36 2 1
36 6 1
36 7 1
36 10 1
36 11 1
36 13 1
36 14 1
36 15 1
36 17 1
36 20 1
36 22 1
36 23 1
36 25 1
36 29 1
36 30 1
36 32 1
36 33 1
36 34 1
36 35 1
37 0 1
37 4 1
37 8 1
37 9 1
37 10 1
37 11 1
37 12 1
37 13 1
37 15 1
37 24 1
37 25 1
37 26 1
37 27 1
37 30 1
37 31 1
37 32 1
37 35 1
37 36 1
38 3 1
38 5 1
38 9 1
38 10 1
38 12 1
38 13 1
38 14 1
38 15 1
38 17 1
38 19 1
38 20 1
38 21 1
38 22 1
38 23 1
38 25 1
38 26 1
38 28 1
38 29 1
38 33 1
38 35 1
38 36 1
38 37 1
39 5 1
39 6 1
39 8 1
39 9 1
39 11 1
39 12 1
39 13 1
39 16 1
39 18 1
39 19 1
39 20 1
39 21 1
39 22 1
39 23 1
39 27 1
39 28 1
39 29 1
39 31 1
39 33 1
39 34 1
39 37 1
39 38 1
40 1 1
40 2 1
40 3 1
40 5 1
40 8 1
40 9 1
40 10 1
40 11 1
40 12 1
40 13 1
40 14 1
40 15 1
40 16 1
40 17 1
40 23 1
40 24 1
40 31 1
40 33 1
40 34 1
40 38 1
41 2 1
41 8 1
41 9 1
41 10 1
41 12 1
41 13 1
41 16 1
41 21 1
41 23 1
41 24 1
41 26 1
41 29 1
41 31 1
41 32 1
41 33 1
41 35 1
41 36 1
41 38 1
42 0 1
42 1 1
42 4 1
42 6 1
42 7 1
42 10 1
42 11 1
42 12 1
42 14 1
42 15 1
42 16 1
42 18 1
42 19 1
42 22 1
42 23 1
42 24 1
42 27 1
42 28 1
42 29 1
42 30 1
42 31 1
42 34 1
42 36 1
43 0 1
43 2 1
43 5 1
43 8 1
43 13 1
43 16 1
43 17 1
43 19 1
43 20 1
43 22 1
43 23 1
43 24 1
43 26 1
43 33 1
43 34 1
43 38 1
44 0 1
44 2 1
44 8 1
44 13 1
44 14 1
44 17 1
44 19 1
44 20 1
44 21 1
44 24 1
44 26 1
44 29 1
44 36 1
44 37 1
44 38 1
44 39 1
44 40 1
44 42 1
45 0 1
45 1 1
45 6 1
45 7 1
45 9 1
45 11 1
45 13 1
45 14 1
45 15 1
45 16 1
45 18 1
45 21 1
45 23 1
45 25 1
45 29 1
45 30 1
45 33 1
45 34 1
45 35 1
45 36 1
45 37 1
45 39 1
45 41 1
46 0 1
46 1 1
46 3 1
46 4 1
46 5 1
46 6 1
46 8 1
46 10 1
46 11 1
46 12 1
46 13 1
46 18 1
46 21 1
46 32 1
46 35 1
46 39 1
46 40 1
46 44 1
46 45 1
47 0 1
47 2 1
47 4 1
47 6 1
47 7 1
47 9 1
47 11 1
47 12 1
47 13 1
47 14 1
47 20 1
47 23 1
47 24 1
47 29 1
47 32 1
47 34 1
47 35 1
47 38 1
47 39 1
47 41 1
47 42 1
47 43 1
47 46 1
48 0 1
48 2 1
48 3 1
48 5 1
48 7 1
48 10 1
48 12 1
48 13 1
48 14 1
48 15 1
48 19 1
48 22 1
48 23 1
48 24 1
48 27 1
48 28 1
48 34 1
48 37 1
48 40 1
48 42 1
48 43 1
48 45 1
48 46 1
49 0 1
49 2 1
49 6 1
49 7 1
49 8 1
49 10 1
49 13 1
49 15 1
49 16 1
49 21 1
49 25 1
49 32 1
49 43 1
49 47 1
50 0 1
50 2 1
50 5 1
50 6 1
50 7 1
50 9 1
50 11 1
50 12 1
50 14 1
50 16 1
50 17 1
50 18 1
50 19 1
50 20 1
50 26 1
50 27 1
50 29 1
50 30 1
50 32 1
50 33 1
50 36 1
50 37 1
50 38 1
50 42 1
50 43 1
50 46 1
50 47 1
50 48 1
51 1 1
51 2 1
51 5 1
51 6 1
51 10 1
51 12 1
51 13 1
51 15 1
51 16 1
51 17 1
51 19 1
51 21 1
51 24 1
51 27 1
51 28 1
51 34 1
51 35 1
51 36 1
51 41 1
51 42 1
51 43 1
51 47 1
52 0 1
52 1 1
52 2 1
52 3 1
52 4 1
52 15 1
52 17 1
52 18 1
52 19 1
52 20 1
52 22 1
52 23 1
52 24 1
52 30 1
52 31 1
52 35 1
52 36 1
52 40 1
52 42 1
52 44 1
52 47 1
52 48 1
52 49 1
53 0 1
53 1 1
53 4 1
53 5 1
53 6 1
53 8 1
53 9 1
53 13 1
53 20 1
53 21 1
53 27 1
53 29 1
53 30 1
53 31 1
53 35 1
53 39 1
53 40 1
53 42 1
53 45 1
53 46 1
53 47 1
53 48 1
53 49 1
53 50 1
53 51 1
53 52 1
54 0 1
54 3 1
54 5 1
54 6 1
54 7 1
54 8 1
54 10 1
54 15 1
54 16 1
54 17 1
54 19 1
54 21 1
54 22 1
54 23 1
54 28 1
54 29 1
54 32 1
54 34 1
54 35 1
54 36 1
54 38 1
54 39 1
54 40 1
54 41 1
54 43 1
54 45 1
54 48 1
54 50 1
54 51 1
54 52 1
54 53 1
55 7 1
55 9 1
55 11 1
55 14 1
55 16 1
55 17 1
55 18 1
55 19 1
55 20 1
55 23 1
55 25 1
55 26 1
55 27 1
55 31 1
55 34 1
55 35 1
55 40 1
55 41 1
55 42 1
55 43 1
55 44 1
55 46 1
55 47 1
55 50 1
55 52 1
55 54 1
56 1 1
56 2 1
56 3 1
56 7 1
56 10 1
56 13 1
56 15 1
56 18 1
56 21 1
56 23 1
56 24 1
56 26 1
56 29 1
56 30 1
56 31 1
56 32 1
56 34 1
56 35 1
56 38 1
56 40 1
56 43 1
56 45 1
56 46 1
56 50 1
56 51 1
56 53 1
57 1 1
57 3 1
57 7 1
57 8 1
57 9 1
57 10 1
57 12 1
57 13 1
57 14 1
57 15 1
57 19 1
57 20 1
57 23 1
57 24 1
57 25 1
57 27 1
57 29 1
57 32 1
57 33 1
57 37 1
57 39 1
57 41 1
57 42 1
57 43 1
57 45 1
57 46 1
57 49 1
57 52 1
57 54 1
57 55 1
57 56 1
58 0 1
58 3 1
58 6 1
58 9 1
58 11 1
58 15 1
58 16 1
58 19 1
58 21 1
58 22 1
58 23 1
58 24 1
58 25 1
58 26 1
58 27 1
58 28 1
58 29 1
58 31 1
58 33 1
58 36 1
58 39 1
58 41 1
58 44 1
58 45 1
58 49 1
58 51 1
58 53 1
58 54 1
58 55 1
58 56 1
58 57 1
59 2 1
59 3 1
59 4 1
59 5 1
59 10 1
59 11 1
59 13 1
59 14 1
59 16 1
59 17 1
59 18 1
59 19 1
59 22 1
59 24 1
59 25 1
59 26 1
59 27 1
59 28 1
59 29 1
59 31 1
59 32 1
59 38 1
59 43 1
59 45 1
59 46 1
59 47 1
59 51 1
59 52 1
59 55 1
