20
2 1 2
3 0 92
3 1 92
4 1 54
4 3 91
5 2 9
6 0 21
6 3 4
6 5 60
7 2 11
7 6 24
8 0 72
8 3 6
8 5 22
8 6 29
9 0 55
9 1 94
9 2 7
9 3 74
9 4 81
9 6 4
10 1 53
10 4 75
10 7 75
10 9 82
11 0 50
11 8 90
11 9 85
12 2 13
12 3 9
12 5 50
12 7 37
12 9 68
13 0 8
13 1 33
13 5 63
13 6 28
13 7 34
13 8 90
13 9 69
13 10 51
14 0 48
14 2 18
14 3 57
14 4 26
14 8 93
14 9 98
14 10 7
14 11 70
15 1 52
15 3 31
15 5 97
15 7 85
15 12 70
15 13 7
16 1 55
16 2 67
16 4 98
16 5 37
16 6 72
16 9 17
16 10 49
16 13 8
16 15 25
17 1 51
17 4 6
17 5 43
17 6 78
17 7 19
17 9 58
17 12 82
17 13 21
17 16 7
18 0 70
18 3 95
18 4 92
18 7 19
18 11 68
18 12 42
18 13 2
18 16 96
19 2 44
19 3 60
19 7 60
19 8 86
19 9 19
19 10 95
19 12 61
19 13 100
