40
1 0 1
3 0 40
4 3 12
5 1 21
5 2 2
5 3 20
6 0 21
6 3 4
6 4 35
6 5 36
7 1 43
8 5 4
9 1 14
9 2 9
9 5 33
9 7 8
9 8 49
10 1 20
10 6 37
10 8 1
11 0 26
11 1 17
11 2 32
11 3 30
11 4 41
11 5 42
11 8 27
11 9 15
12 0 16
12 2 7
12 3 4
12 6 12
12 7 9
12 8 37
12 9 18
13 3 31
13 4 11
13 6 33
13 7 23
13 9 19
13 10 42
13 11 11
14 0 15
14 1 4
14 3 29
14 4 50
14 6 35
14 7 21
14 8 40
14 10 37
14 11 27
14 12 21
14 13 41
15 1 10
15 2 10
15 4 45
15 7 47
15 9 11
15 12 48
15 13 47
16 1 12
16 3 42
16 4 45
16 6 11
16 7 8
16 9 8
16 12 50
16 14 19
16 15 8
17 0 24
17 1 19
17 2 27
17 4 12
17 5 33
17 7 24
17 10 25
17 11 27
17 15 41
17 16 20
18 0 20
18 1 19
18 3 16
18 5 3
18 6 39
18 7 42
18 13 22
18 14 48
18 15 6
18 17 31
19 4 42
19 5 22
19 6 34
19 7 27
19 9 45
19 10 35
19 11 21
19 12 25
19 13 20
19 14 48
19 15 13
19 16 48
20 1 41
20 2 2
20 3 30
20 5 32
20 6 18
20 9 46
20 10 41
20 13 25
20 15 43
20 16 39
21 0 2
21 4 36
21 5 50
21 6 14
21 9 18
21 10 36
21 11 13
21 14 9
21 15 33
21 16 4
21 18 18
21 20 43
22 0 39
22 3 34
22 6 47
22 7 7
22 10 25
22 11 40
22 13 49
22 15 18
22 16 40
22 21 13
23 5 16
23 6 2
23 8 9
23 12 45
23 16 31
23 17 25
23 18 42
23 22 41
24 0 12
24 2 50
24 3 30
24 4 47
24 5 27
24 7 1
24 8 40
24 9 18
24 10 23
24 11 12
24 15 5
24 17 37
24 18 6
24 19 50
24 20 14
24 22 25
24 23 20
25 5 7
25 7 1
25 8 3
25 9 12
25 10 13
25 11 3
25 13 35
25 15 44
25 17 23
25 21 15
25 22 39
25 23 46
26 0 10
26 1 45
26 2 8
26 7 18
26 10 11
26 11 16
26 12 34
26 15 7
26 16 6
26 18 11
26 20 11
26 22 45
26 24 47
27 1 3
27 3 25
27 4 35
27 6 12
27 7 42
27 8 12
27 9 14
27 10 49
27 11 5
27 16 49
27 23 42
28 0 37
28 1 3
28 3 49
28 4 47
28 6 31
28 7 19
28 11 42
28 14 7
28 16 9
28 17 48
28 20 38
28 24 7
28 25 7
29 0 32
29 10 22
29 14 20
29 17 34
29 18 30
29 20 39
29 24 25
29 25 3
30 3 38
30 4 39
30 5 38
30 7 10
30 8 41
30 9 15
30 10 41
30 14 43
30 15 22
30 20 39
30 23 11
30 26 44
30 27 25
31 1 4
31 6 16
31 7 46
31 8 6
31 10 40
31 12 2
31 14 35
31 20 5
31 23 28
31 26 39
31 27 41
31 28 1
31 29 38
31 30 21
32 1 35
32 4 40
32 6 32
32 9 17
32 10 13
32 11 15
32 13 22
32 15 20
32 16 22
32 18 41
32 19 47
32 21 3
32 23 47
32 25 14
32 26 48
32 29 4
32 30 34
33 0 9
33 1 50
33 3 27
33 11 26
33 12 49
33 14 42
33 15 7
33 16 24
33 17 38
33 18 14
33 19 34
33 22 20
33 24 35
33 26 37
33 27 31
33 31 32
33 32 43
34 0 45
34 1 8
34 9 40
34 10 12
34 11 34
34 13 9
34 14 48
34 15 13
34 16 10
34 17 16
34 18 21
34 19 14
34 25 10
34 27 36
34 30 45
34 31 13
34 33 9
35 1 37
35 2 7
35 4 35
35 9 11
35 11 18
35 14 23
35 18 20
35 20 33
35 21 41
35 23 24
35 24 31
35 25 25
35 26 11
35 28 19
35 29 4
35 31 1
35 32 49
35 34 22
36 1 22
36 3 27
36 5 47
36 9 7
36 13 26
36 14 41
36 20 22
36 21 32
36 22 8
36 24 26
36 30 18
36 31 41
36 34 6
36 35 4
37 0 5
37 1 13
37 2 17
37 5 49
37 6 26
37 7 39
37 9 2
37 15 28
37 20 4
37 23 6
37 24 1
37 25 17
37 32 48
37 34 13
37 35 16
37 36 44
38 1 30
38 4 4
38 7 43
38 8 31
38 9 5
38 15 3
38 16 31
38 21 48
38 22 12
38 24 28
38 25 44
38 26 49
38 28 30
38 29 14
38 30 19
38 36 7
38 37 12
39 0 49
39 1 40
39 2 21
39 3 33
39 5 2
39 6 10
39 7 43
39 8 25
39 14 32
39 15 34
39 16 12
39 20 48
39 21 22
39 22 6
39 23 27
39 25 34
39 26 20
39 28 16
39 30 22
39 31 42
39 34 3
39 35 17
