45
2 1 27
4 1 50
4 3 23
5 0 46
5 1 13
5 2 9
5 3 39
5 4 39
6 1 23
6 2 31
6 3 42
6 4 13
7 2 46
7 4 19
7 5 8
8 0 4
8 2 28
8 3 13
8 4 25
8 6 40
8 7 39
9 0 44
9 2 45
9 7 38
9 8 33
10 0 38
10 1 11
10 8 44
11 2 15
11 3 40
11 6 19
11 9 2
11 10 49
12 0 19
12 1 17
12 5 15
12 7 35
12 8 26
12 11 30
13 0 23
13 5 42
13 6 41
13 7 5
13 9 18
13 10 29
14 3 31
14 5 19
14 10 46
14 11 18
14 12 9
14 13 35
15 0 22
15 4 35
15 5 34
15 8 8
15 9 40
15 10 26
15 14 48
16 4 27
16 5 3
16 11 46
16 14 5
16 15 25
17 0 42
17 2 22
17 3 11
17 4 21
17 8 40
17 9 3
17 10 40
17 13 47
17 14 14
18 1 44
18 4 44
18 5 16
18 6 35
18 7 45
18 9 7
18 10 38
18 11 36
18 12 40
18 13 19
18 14 3
18 16 25
19 2 37
19 4 35
19 7 5
19 8 14
19 9 20
19 10 1
19 13 14
19 15 35
19 17 37
19 18 28
20 0 42
20 1 8
20 2 43
20 3 45
20 5 1
20 7 40
20 9 5
20 10 14
20 11 37
20 12 31
20 13 27
20 14 19
20 15 34
20 17 3
20 18 29
21 0 11
21 1 36
21 2 19
21 3 2
21 7 38
21 9 37
21 13 27
21 14 4
21 15 17
21 16 4
21 17 46
21 19 23
21 20 41
22 3 39
22 4 7
22 5 7
22 9 28
22 11 20
22 13 12
22 14 10
22 15 49
22 16 3
22 17 24
22 19 1
23 1 12
23 6 2
23 7 34
23 8 17
23 9 37
23 11 21
23 13 19
23 14 34
23 15 8
23 17 16
23 18 1
23 19 21
23 21 4
24 1 44
24 2 28
24 6 32
24 8 36
24 10 43
24 14 8
24 16 27
24 18 31
24 20 48
24 21 12
24 23 3
25 2 36
25 3 27
25 6 23
25 9 34
25 15 42
25 18 5
25 20 24
25 22 33
25 23 24
25 24 23
26 1 40
26 2 39
26 3 29
26 5 39
26 6 2
26 9 41
26 10 20
26 11 20
26 16 29
26 17 48
26 18 37
26 19 4
26 20 48
26 22 45
26 23 24
26 25 42
27 1 34
27 3 15
27 4 15
27 16 41
27 17 10
27 18 13
27 19 5
27 20 48
27 24 3
27 25 25
28 0 49
28 1 47
28 4 7
28 7 47
28 11 10
28 13 25
28 14 32
28 15 20
28 17 41
28 18 12
28 22 33
28 24 17
28 25 24
28 26 41
29 2 14
29 3 32
29 4 18
29 10 8
29 12 1
29 13 31
29 17 17
29 18 42
29 22 9
29 24 21
30 0 35
30 1 5
30 3 34
30 10 38
30 12 12
30 13 28
30 14 30
30 17 20
30 18 4
30 19 46
30 21 6
30 22 34
30 23 35
30 29 47
31 1 29
31 2 24
31 3 48
31 6 5
31 9 18
31 10 13
31 11 30
31 12 45
31 14 46
31 15 11
31 19 48
31 24 43
31 25 21
31 27 22
31 28 23
31 30 17
32 2 24
32 3 30
32 4 30
32 6 17
32 10 28
32 13 12
32 14 9
32 17 17
32 20 45
32 21 28
32 22 26
32 24 50
32 25 10
32 26 3
32 29 45
32 30 29
32 31 5
33 0 17
33 1 37
33 10 12
33 11 41
33 12 44
33 15 9
33 18 10
33 19 27
33 22 47
33 23 50
33 30 24
33 31 9
33 32 27
34 0 29
34 1 36
34 3 9
34 4 24
34 6 7
34 11 23
34 13 49
34 14 3
34 20 23
34 26 24
34 27 27
34 30 24
34 31 46
34 33 11
35 0 31
35 1 18
35 2 12
35 5 36
35 11 43
35 13 42
35 16 30
35 17 30
35 20 22
35 22 32
35 28 9
35 31 27
35 32 40
35 34 11
36 0 17
36 1 1
36 3 32
36 4 24
36 5 28
36 6 7
36 7 23
36 8 22
36 14 1
36 17 34
36 21 30
36 22 17
36 23 37
36 28 3
36 29 10
36 31 22
37 0 15
37 1 8
37 3 22
37 6 13
37 8 8
37 11 22
37 15 9
37 20 41
37 21 28
37 23 13
37 24 15
37 27 3
37 28 27
37 30 50
37 31 22
37 34 27
37 35 39
38 0 28
38 1 47
38 4 6
38 10 19
38 11 6
38 14 47
38 15 6
38 16 14
38 20 44
38 22 17
38 25 23
38 27 46
38 28 49
38 30 23
38 31 23
38 32 40
38 34 35
38 36 41
38 37 1
39 0 42
39 1 47
39 4 9
39 6 37
39 8 48
39 10 2
39 11 22
39 12 21
39 17 24
39 19 27
39 21 37
39 22 47
39 26 30
39 27 38
39 29 44
39 30 7
39 31 23
39 34 6
39 35 9
40 0 20
40 1 50
40 2 30
40 4 1
40 5 32
40 6 14
40 7 47
40 9 44
40 10 28
40 11 12
40 12 22
40 13 25
40 14 25
40 20 45
40 21 49
40 22 13
40 27 41
40 28 50
40 29 2
40 32 38
40 35 43
40 36 1
40 37 43
40 38 40
40 39 11
41 4 33
41 6 9
41 10 26
41 13 5
41 17 37
41 18 19
41 19 10
41 20 34
41 24 11
41 27 30
41 28 4
41 31 50
41 32 37
41 34 45
41 38 41
42 5 46
42 8 35
42 10 7
42 11 32
42 14 37
42 15 48
42 16 19
42 19 45
42 20 34
42 22 49
42 23 26
42 24 34
42 25 26
42 26 1
42 27 45
42 32 36
42 33 30
42 34 20
42 36 8
42 38 29
42 39 37
42 40 43
42 41 19
43 0 48
43 1 3
43 2 12
43 4 6
43 8 11
43 10 8
43 11 41
43 13 40
43 17 18
43 18 6
43 19 23
43 21 2
43 23 41
43 24 40
43 25 17
43 27 40
43 30 44
43 32 7
43 35 4
43 36 49
43 37 27
43 39 4
43 41 44
44 2 7
44 3 5
44 5 3
44 6 17
44 7 32
44 8 14
44 11 13
44 12 18
44 15 13
44 16 20
44 17 42
44 24 23
44 25 18
44 28 20
44 29 34
44 31 18
44 33 19
44 36 46
44 38 29
44 39 45
44 41 23
44 42 25
44 43 5
