30
2 1 6
3 0 42
3 1 28
3 2 35
4 1 41
4 3 11
5 0 1
5 2 7
6 0 40
6 1 28
6 2 42
6 3 1
7 0 45
7 2 35
7 3 16
7 4 17
7 5 41
7 6 31
8 0 45
8 2 35
8 3 14
8 5 1
8 6 50
8 7 30
9 0 12
9 2 26
9 4 4
9 6 40
9 7 39
9 8 26
10 0 43
10 3 5
10 5 36
10 6 31
10 7 26
10 9 10
11 1 19
11 2 7
11 3 21
11 4 22
11 6 41
11 7 47
11 8 42
11 9 47
11 10 27
12 0 25
12 1 4
12 5 17
12 7 2
12 8 37
12 9 13
12 10 1
12 11 44
13 0 50
13 1 24
13 3 50
13 4 31
13 7 48
13 8 7
13 10 8
13 12 41
14 1 38
14 4 42
14 6 34
14 7 28
14 8 41
14 11 50
14 12 13
15 0 18
15 5 46
15 7 45
15 9 41
15 10 9
16 1 12
16 2 43
16 6 17
16 7 39
16 8 50
16 11 13
16 12 34
16 15 32
17 2 33
17 4 16
17 5 6
17 6 2
17 8 13
17 9 43
17 11 2
17 12 16
17 13 3
18 0 32
18 3 20
18 5 3
18 6 4
18 7 18
18 11 6
18 14 43
18 16 19
19 1 17
19 3 25
19 4 10
19 6 26
19 7 38
19 9 6
19 10 18
19 11 45
19 12 39
19 13 4
19 17 45
19 18 6
20 0 10
20 1 17
20 2 29
20 4 45
20 6 24
20 7 37
20 9 47
20 11 40
20 15 38
20 16 41
21 7 16
21 10 17
21 11 30
21 13 19
21 16 12
21 17 38
21 18 13
21 19 37
22 0 36
22 1 26
22 4 7
22 10 4
22 11 23
22 12 41
22 13 13
22 15 28
22 16 5
22 17 17
22 19 41
22 20 16
22 21 4
23 5 36
23 7 4
23 10 3
23 14 32
23 17 1
23 19 48
23 22 34
24 1 40
24 2 33
24 3 23
24 5 46
24 6 12
24 8 47
24 12 32
24 13 36
24 14 24
24 15 14
24 16 49
24 17 6
24 18 28
24 19 41
24 20 21
24 21 45
24 22 11
25 5 34
25 11 38
25 16 17
25 17 15
25 19 27
25 20 7
25 21 32
25 22 50
26 0 11
26 2 50
26 3 3
26 5 2
26 8 33
26 11 37
26 12 7
26 14 20
26 15 4
26 16 38
26 18 40
26 20 11
26 21 1
26 22 29
26 23 34
27 0 22
27 3 30
27 6 39
27 9 29
27 12 33
27 13 3
27 14 32
27 15 34
27 17 19
27 19 9
27 21 16
27 22 24
27 24 7
27 26 2
28 3 44
28 9 27
28 10 27
28 13 43
28 14 10
28 15 9
28 17 36
28 21 17
28 22 42
28 26 23
28 27 24
29 1 20
29 3 5
29 5 8
29 6 42
29 8 1
29 12 2
29 13 23
29 14 19
29 16 42
29 17 37
29 20 9
29 24 44
29 26 15
29 27 45
29 28 2
