65
1 0 1
2 1 1
3 0 1
4 0 1
4 1 1
5 1 1
5 2 1
5 3 1
6 0 1
6 1 1
6 3 1
7 0 1
7 1 1
7 4 1
7 5 1
8 0 1
8 1 1
8 3 1
8 4 1
9 1 1
9 3 1
9 8 1
10 2 1
10 3 1
10 6 1
10 9 1
11 0 1
11 2 1
11 5 1
11 7 1
11 10 1
12 1 1
12 2 1
12 3 1
12 4 1
12 5 1
12 8 1
12 9 1
12 10 1
12 11 1
13 6 1
13 7 1
13 10 1
13 11 1
14 0 1
14 3 1
14 4 1
14 7 1
14 8 1
14 9 1
14 10 1
15 1 1
15 6 1
15 9 1
15 10 1
15 11 1
15 12 1
15 13 1
16 0 1
16 2 1
16 3 1
16 4 1
16 5 1
16 8 1
16 11 1
16 13 1
16 15 1
17 4 1
17 5 1
17 6 1
17 7 1
17 9 1
17 11 1
17 12 1
17 13 1
17 15 1
17 16 1
18 0 1
18 1 1
18 2 1
18 5 1
18 8 1
18 11 1
18 14 1
18 16 1
19 0 1
19 2 1
19 3 1
19 5 1
19 6 1
19 7 1
19 8 1
19 10 1
19 12 1
19 13 1
19 14 1
19 15 1
19 18 1
20 2 1
20 4 1
20 5 1
20 7 1
20 10 1
20 15 1
20 16 1
20 18 1
21 0 1
21 3 1
21 4 1
21 5 1
21 6 1
21 8 1
21 9 1
21 10 1
21 11 1
21 17 1
21 19 1
22 0 1
22 1 1
22 2 1
22 3 1
22 5 1
22 6 1
22 8 1
22 9 1
22 10 1
22 11 1
22 12 1
22 13 1
22 15 1
22 18 1
22 19 1
22 21 1
23 0 1
23 3 1
23 4 1
23 5 1
23 7 1
23 8 1
23 10 1
23 11 1
23 13 1
23 16 1
23 18 1
23 21 1
24 0 1
24 1 1
24 3 1
24 4 1
24 5 1
24 7 1
24 11 1
24 15 1
24 17 1
24 18 1
24 22 1
24 23 1
25 0 1
25 2 1
25 4 1
25 5 1
25 9 1
25 10 1
25 12 1
25 14 1
25 15 1
25 17 1
25 19 1
25 24 1
26 0 1
26 1 1
26 2 1
26 3 1
26 6 1
26 8 1
26 11 1
26 13 1
26 14 1
26 19 1
26 20 1
26 21 1
26 23 1
26 24 1
26 25 1
27 1 1
27 2 1
27 3 1
27 9 1
27 12 1
27 13 1
27 14 1
27 15 1
27 17 1
27 18 1
27 19 1
27 21 1
27 22 1
27 23 1
27 25 1
28 2 1
28 4 1
28 6 1
28 8 1
28 10 1
28 11 1
28 12 1
28 13 1
28 14 1
28 15 1
28 17 1
28 18 1
28 19 1
28 23 1
28 26 1
29 2 1
29 3 1
29 6 1
29 8 1
29 9 1
29 13 1
29 15 1
29 19 1
29 21 1
29 22 1
29 23 1
29 24 1
29 25 1
29 26 1
29 27 1
29 28 1
30 0 1
30 2 1
30 3 1
30 4 1
30 5 1
30 6 1
30 7 1
30 9 1
30 13 1
30 14 1
30 15 1
30 16 1
30 17 1
30 18 1
30 21 1
30 24 1
30 26 1
30 28 1
30 29 1
31 0 1
31 3 1
31 5 1
31 7 1
31 11 1
31 12 1
31 14 1
31 15 1
31 16 1
31 17 1
31 18 1
31 19 1
31 21 1
31 27 1
31 29 1
32 3 1
32 5 1
32 7 1
32 8 1
32 10 1
32 11 1
32 16 1
32 17 1
32 18 1
32 19 1
32 20 1
32 21 1
32 24 1
32 25 1
32 26 1
33 1 1
33 4 1
33 6 1
33 10 1
33 13 1
33 16 1
33 17 1
33 21 1
33 22 1
33 23 1
33 24 1
33 26 1
33 29 1
33 30 1
34 0 1
34 3 1
34 5 1
34 7 1
34 10 1
34 13 1
34 15 1
34 16 1
34 17 1
34 18 1
34 20 1
34 21 1
34 22 1
34 23 1
34 24 1
34 25 1
34 27 1
34 28 1
34 29 1
34 30 1
34 33 1
35 0 1
35 1 1
35 4 1
35 5 1
35 6 1
35 9 1
35 10 1
35 13 1
35 15 1
35 16 1
35 17 1
35 19 1
35 20 1
35 22 1
35 25 1
35 26 1
35 27 1
35 28 1
35 29 1
35 30 1
35 31 1
36 3 1
36 4 1
36 5 1
36 6 1
36 7 1
36 12 1
36 13 1
36 15 1
36 16 1
36 17 1
36 20 1
36 21 1
36 22 1
36 23 1
36 24 1
36 25 1
36 26 1
36 28 1
36 31 1
36 33 1
36 34 1
36 35 1
37 0 1
37 1 1
37 2 1
37 7 1
37 8 1
37 9 1
37 10 1
37 12 1
37 13 1
37 15 1
37 20 1
37 22 1
37 23 1
37 24 1
37 25 1
37 26 1
37 29 1
37 33 1
37 34 1
37 35 1
37 36 1
38 0 1
38 1 1
38 5 1
38 6 1
38 8 1
38 9 1
38 12 1
38 18 1
38 20 1
38 21 1
38 22 1
38 25 1
38 27 1
38 28 1
38 30 1
38 33 1
38 34 1
38 35 1
38 37 1
39 0 1
39 2 1
39 4 1
39 5 1
39 6 1
39 8 1
39 9 1
39 11 1
39 14 1
39 15 1
39 19 1
39 22 1
39 23 1
39 24 1
39 25 1
39 26 1
39 27 1
39 31 1
39 33 1
39 34 1
39 35 1
39 37 1
39 38 1
40 0 1
40 1 1
40 2 1
40 3 1
40 5 1
40 8 1
40 13 1
40 18 1
40 19 1
40 20 1
40 26 1
40 27 1
40 28 1
40 30 1
40 35 1
40 36 1
40 38 1
41 0 1
41 1 1
41 2 1
41 3 1
41 6 1
41 8 1
41 9 1
41 10 1
41 15 1
41 16 1
41 17 1
41 18 1
41 19 1
41 20 1
41 24 1
41 26 1
41 32 1
41 34 1
41 38 1
41 39 1
42 1 1
42 2 1
42 3 1
42 4 1
42 6 1
42 8 1
42 9 1
42 10 1
42 11 1
42 13 1
42 15 1
42 16 1
42 19 1
42 22 1
42 23 1
42 26 1
42 28 1
42 33 1
42 35 1
42 38 1
42 39 1
42 40 1
42 41 1
43 0 1
43 6 1
43 11 1
43 14 1
43 15 1
43 19 1
43 20 1
43 23 1
43 24 1
43 25 1
43 29 1
43 30 1
43 32 1
43 41 1
44 0 1
44 3 1
44 7 1
44 8 1
44 9 1
44 10 1
44 11 1
44 12 1
44 13 1
44 14 1
44 16 1
44 17 1
44 18 1
44 20 1
44 21 1
44 24 1
44 32 1
44 33 1
44 34 1
44 35 1
44 36 1
44 38 1
44 39 1
44 40 1
44 41 1
44 42 1
44 43 1
45 0 1
45 3 1
45 4 1
45 8 1
45 11 1
45 15 1
45 16 1
45 17 1
45 18 1
45 19 1
45 20 1
45 22 1
45 29 1
45 31 1
45 32 1
45 33 1
45 34 1
45 38 1
45 39 1
45 40 1
45 41 1
45 43 1
46 0 1
46 1 1
46 2 1
46 3 1
46 4 1
46 5 1
46 8 1
46 9 1
46 10 1
46 14 1
46 15 1
46 16 1
46 20 1
46 21 1
46 28 1
46 29 1
46 33 1
46 34 1
46 36 1
46 40 1
46 41 1
46 42 1
46 43 1
46 44 1
46 45 1
47 0 1
47 1 1
47 3 1
47 4 1
47 5 1
47 6 1
47 8 1
47 9 1
47 11 1
47 12 1
47 13 1
47 16 1
47 17 1
47 18 1
47 19 1
47 20 1
47 23 1
47 25 1
47 27 1
47 31 1
47 32 1
47 34 1
47 37 1
47 39 1
47 42 1
47 43 1
48 3 1
48 8 1
48 11 1
48 12 1
48 13 1
48 14 1
48 15 1
48 16 1
48 18 1
48 19 1
48 22 1
48 26 1
48 27 1
48 31 1
48 34 1
48 40 1
48 42 1
48 43 1
48 47 1
49 0 1
49 1 1
49 2 1
49 3 1
49 4 1
49 8 1
49 9 1
49 10 1
49 11 1
49 12 1
49 13 1
49 14 1
49 15 1
49 16 1
49 17 1
49 18 1
49 19 1
49 21 1
49 25 1
49 26 1
49 33 1
49 34 1
49 36 1
49 37 1
49 39 1
49 41 1
49 42 1
49 44 1
49 45 1
50 1 1
50 3 1
50 4 1
50 11 1
50 14 1
50 16 1
50 20 1
50 21 1
50 23 1
50 24 1
50 29 1
50 30 1
50 31 1
50 33 1
50 34 1
50 35 1
50 41 1
50 45 1
50 48 1
50 49 1
51 2 1
51 3 1
51 4 1
51 6 1
51 9 1
51 12 1
51 14 1
51 15 1
51 19 1
51 22 1
51 24 1
51 27 1
51 28 1
51 29 1
51 33 1
51 34 1
51 35 1
51 36 1
51 39 1
51 40 1
51 41 1
51 43 1
51 44 1
51 45 1
51 48 1
52 8 1
52 10 1
52 12 1
52 16 1
52 17 1
52 18 1
52 21 1
52 23 1
52 25 1
52 32 1
52 33 1
52 34 1
52 35 1
52 42 1
52 43 1
52 44 1
52 45 1
52 47 1
52 48 1
52 49 1
52 50 1
52 51 1
53 1 1
53 2 1
53 5 1
53 6 1
53 7 1
53 8 1
53 10 1
53 12 1
53 15 1
53 16 1
53 18 1
53 21 1
53 25 1
53 27 1
53 30 1
53 31 1
53 33 1
53 36 1
53 37 1
53 38 1
53 39 1
53 43 1
53 44 1
53 46 1
53 50 1
53 52 1
54 7 1
54 8 1
54 14 1
54 16 1
54 21 1
54 22 1
54 24 1
54 25 1
54 26 1
54 28 1
54 29 1
54 30 1
54 33 1
54 34 1
54 36 1
54 37 1
54 40 1
54 42 1
54 44 1
54 45 1
54 46 1
54 48 1
54 52 1
55 0 1
55 1 1
55 2 1
55 3 1
55 6 1
55 7 1
55 11 1
55 15 1
55 16 1
55 17 1
55 19 1
55 21 1
55 25 1
55 28 1
55 31 1
55 32 1
55 33 1
55 34 1
55 36 1
55 40 1
55 41 1
55 42 1
55 44 1
55 45 1
55 46 1
55 48 1
55 49 1
55 52 1
56 0 1
56 1 1
56 2 1
56 3 1
56 4 1
56 5 1
56 7 1
56 8 1
56 13 1
56 17 1
56 18 1
56 19 1
56 20 1
56 21 1
56 25 1
56 29 1
56 30 1
56 35 1
56 36 1
56 38 1
56 39 1
56 42 1
56 47 1
56 52 1
56 54 1
56 55 1
57 0 1
57 1 1
57 2 1
57 4 1
57 5 1
57 8 1
57 10 1
57 13 1
57 14 1
57 15 1
57 16 1
57 18 1
57 21 1
57 25 1
57 30 1
57 31 1
57 32 1
57 34 1
57 37 1
57 39 1
57 42 1
57 43 1
57 44 1
57 45 1
57 46 1
57 49 1
57 53 1
58 2 1
58 3 1
58 7 1
58 8 1
58 9 1
58 10 1
58 12 1
58 13 1
58 15 1
58 17 1
58 18 1
58 21 1
58 23 1
58 25 1
58 26 1
58 30 1
58 33 1
58 35 1
58 36 1
58 37 1
58 38 1
58 39 1
58 43 1
58 45 1
58 47 1
58 48 1
58 50 1
58 52 1
58 55 1
59 1 1
59 2 1
59 3 1
59 5 1
59 6 1
59 10 1
59 11 1
59 13 1
59 14 1
59 15 1
59 16 1
59 17 1
59 20 1
59 21 1
59 22 1
59 23 1
59 24 1
59 25 1
59 26 1
59 28 1
59 30 1
59 33 1
59 35 1
59 36 1
59 38 1
59 40 1
59 45 1
59 46 1
59 48 1
59 49 1
59 50 1
59 51 1
59 54 1
59 55 1
59 56 1
59 57 1
60 0 1
60 2 1
60 3 1
60 4 1
60 8 1
60 9 1
60 20 1
60 23 1
60 25 1
60 27 1
60 28 1
60 36 1
60 37 1
60 38 1
60 40 1
60 43 1
60 45 1
60 49 1
60 55 1
60 56 1
60 58 1
61 2 1
61 3 1
61 4 1
61 6 1
61 8 1
61 9 1
61 10 1
61 11 1
61 12 1
61 14 1
61 15 1
61 17 1
61 18 1
61 23 1
61 25 1
61 26 1
61 27 1
61 30 1
61 31 1
61 34 1
61 35 1
61 40 1
61 43 1
61 44 1
61 45 1
61 46 1
61 50 1
61 52 1
61 54 1
61 55 1
62 0 1
62 1 1
62 4 1
62 8 1
62 9 1
62 10 1
62 12 1
62 16 1
62 17 1
62 18 1
62 20 1
62 21 1
62 24 1
62 25 1
62 28 1
62 29 1
62 30 1
62 32 1
62 33 1
62 35 1
62 36 1
62 39 1
62 40 1
62 42 1
62 43 1
62 47 1
62 52 1
62 58 1
63 1 1
63 3 1
63 7 1
63 8 1
63 11 1
63 13 1
63 15 1
63 16 1
63 18 1
63 21 1
63 26 1
63 27 1
63 29 1
63 30 1
63 31 1
63 32 1
63 37 1
63 38 1
63 39 1
63 40 1
63 41 1
63 42 1
63 47 1
63 48 1
63 49 1
63 53 1
63 54 1
63 55 1
63 56 1
63 59 1
63 61 1
64 0 1
64 4 1
64 11 1
64 12 1
64 13 1
64 15 1
64 16 1
64 20 1
64 21 1
64 25 1
64 27 1
64 29 1
64 30 1
64 32 1
64 35 1
64 36 1
64 37 1
64 38 1
64 40 1
64 41 1
64 42 1
64 45 1
64 46 1
64 47 1
64 50 1
64 53 1
64 55 1
64 56 1
64 60 1
