65
1 0 9
2 0 40
2 1 57
3 2 93
4 0 52
4 1 65
5 0 88
5 1 74
6 1 33
6 3 1
6 5 6
7 4 100
7 6 44
8 1 64
8 2 99
8 5 89
8 6 88
9 0 28
9 3 54
9 8 59
10 2 83
10 3 11
10 4 89
10 7 41
10 8 59
11 0 33
11 3 92
11 6 19
11 7 46
11 8 45
11 9 31
11 10 46
12 1 85
12 3 2
12 4 9
12 5 76
12 7 56
12 8 85
12 9 52
12 11 68
13 0 67
13 2 91
13 5 41
13 8 48
13 9 53
13 10 2
13 12 7
14 0 50
14 2 99
14 3 9
14 5 91
14 7 4
14 9 9
14 10 7
14 11 70
14 12 48
14 13 16
15 0 77
15 2 96
15 3 42
15 5 39
15 7 56
15 8 10
15 9 57
15 11 62
15 13 86
16 0 89
16 2 33
16 4 86
16 6 62
16 8 34
16 9 6
16 10 53
16 11 84
16 13 10
17 1 14
17 3 6
17 4 75
17 5 26
17 6 14
17 7 51
17 8 19
17 11 3
17 13 79
17 14 62
17 15 58
18 0 7
18 7 75
18 9 79
18 11 83
18 14 40
18 17 23
19 0 21
19 1 31
19 3 30
19 4 75
19 6 32
19 7 69
19 8 99
19 9 12
19 11 18
19 12 96
19 14 11
19 15 9
19 16 57
19 17 23
19 18 29
20 0 83
20 3 70
20 4 16
20 6 98
20 8 65
20 9 36
20 12 44
20 13 61
20 14 16
20 16 52
21 1 96
21 2 33
21 4 75
21 5 68
21 6 86
21 8 18
21 9 2
21 11 100
21 14 94
21 18 62
22 0 63
22 2 47
22 6 93
22 7 8
22 8 100
22 9 39
22 11 61
22 13 22
22 14 71
22 19 65
22 20 91
23 1 78
23 2 68
23 13 49
23 15 80
23 16 83
23 17 1
23 20 3
23 21 42
23 22 12
24 6 15
24 7 50
24 8 46
24 9 54
24 11 16
24 16 90
24 18 59
24 19 100
24 20 67
24 22 10
25 0 9
25 1 27
25 4 78
25 6 38
25 7 23
25 8 81
25 13 55
25 14 2
25 15 21
25 16 76
25 18 44
25 20 68
25 21 78
25 23 43
26 0 51
26 3 65
26 4 96
26 5 30
26 7 6
26 8 55
26 12 92
26 16 66
26 19 11
26 21 16
26 22 15
26 23 96
26 24 26
26 25 62
27 0 87
27 2 83
27 6 37
27 8 32
27 9 96
27 10 92
27 11 77
27 13 3
27 15 7
27 18 25
27 20 12
27 25 20
28 1 51
28 2 81
28 5 55
28 6 60
28 7 73
28 8 44
28 11 39
28 14 91
28 16 38
28 18 18
28 19 74
28 20 89
28 21 98
28 23 44
28 24 14
28 27 68
29 0 82
29 1 13
29 4 56
29 5 77
29 8 45
29 10 59
29 11 83
29 12 14
29 14 93
29 16 69
29 17 32
29 19 69
29 20 51
29 25 14
29 27 68
29 28 71
30 5 90
30 6 66
30 9 26
30 10 95
30 11 73
30 15 49
30 17 63
30 18 44
30 19 79
30 22 60
30 24 55
30 28 24
31 2 23
31 3 26
31 4 26
31 5 90
31 7 90
31 9 14
31 12 30
31 13 16
31 14 44
31 15 41
31 16 71
31 17 55
31 18 70
31 19 82
31 20 93
31 26 86
31 27 22
31 28 9
31 29 11
32 1 66
32 3 11
32 4 39
32 5 57
32 7 89
32 8 1
32 9 28
32 10 3
32 16 99
32 17 87
32 18 52
32 20 6
32 21 8
32 23 43
32 24 76
32 28 5
33 0 29
33 1 50
33 4 96
33 8 73
33 10 65
33 14 16
33 15 8
33 17 74
33 19 92
33 21 61
33 22 28
33 23 7
33 24 36
33 25 51
33 26 96
33 27 36
33 31 35
34 2 79
34 3 47
34 5 91
34 7 7
34 9 64
34 11 18
34 14 10
34 15 19
34 17 77
34 18 3
34 19 80
34 20 72
34 21 58
34 24 15
34 26 95
34 28 48
34 30 67
34 32 60
35 4 7
35 10 19
35 13 98
35 14 97
35 15 91
35 17 57
35 18 60
35 22 75
35 23 55
35 24 1
35 26 18
35 28 86
35 32 48
35 33 4
36 0 65
36 1 49
36 2 80
36 4 25
36 5 72
36 8 82
36 11 6
36 12 11
36 15 47
36 16 76
36 17 33
36 20 26
36 21 1
36 26 1
36 28 82
36 32 67
36 35 17
37 1 46
37 2 85
37 3 77
37 4 68
37 5 55
37 8 26
37 9 64
37 10 33
37 16 81
37 17 85
37 18 96
37 19 3
37 22 83
37 25 20
37 27 26
37 29 24
37 30 9
37 31 45
37 34 90
37 35 62
38 1 31
38 2 35
38 7 90
38 10 27
38 13 45
38 15 32
38 18 68
38 20 14
38 22 9
38 28 3
38 30 66
38 31 75
38 32 55
38 33 52
38 35 75
38 36 76
38 37 42
39 0 9
39 4 33
39 5 62
39 7 39
39 8 73
39 9 84
39 10 28
39 11 61
39 18 91
39 20 61
39 22 99
39 24 35
39 25 66
39 27 83
39 28 87
39 29 83
39 31 34
39 33 34
39 36 9
40 4 85
40 5 67
40 6 18
40 9 63
40 10 89
40 11 33
40 13 23
40 15 93
40 17 32
40 18 58
40 19 44
40 22 32
40 24 100
40 26 54
40 27 48
40 32 75
40 37 88
40 38 61
41 1 34
41 3 32
41 7 15
41 11 44
41 12 82
41 14 83
41 16 16
41 17 91
41 19 35
41 20 53
41 21 99
41 23 30
41 24 93
41 27 16
41 29 99
41 31 6
41 33 32
41 35 6
41 39 32
41 40 55
42 1 30
42 2 4
42 3 93
42 4 94
42 7 56
42 8 27
42 9 100
42 10 19
42 11 75
42 12 85
42 13 53
42 14 66
42 16 17
42 17 71
42 18 48
42 20 47
42 21 36
42 25 97
42 28 23
42 30 17
42 32 78
42 33 53
42 34 92
42 35 97
42 36 88
42 38 20
43 0 24
43 1 39
43 2 15
43 7 23
43 11 24
43 14 68
43 15 54
43 16 48
43 22 87
43 23 5
43 25 87
43 26 57
43 28 46
43 29 6
43 30 99
43 33 40
43 34 86
43 35 72
43 36 81
43 38 4
43 39 17
43 41 77
44 0 23
44 2 2
44 3 75
44 4 8
44 8 72
44 9 92
44 12 25
44 13 58
44 15 44
44 17 29
44 19 16
44 22 61
44 23 79
44 25 33
44 26 80
44 31 61
44 32 68
44 36 51
44 40 68
44 42 95
45 1 24
45 5 95
45 9 31
45 10 26
45 11 38
45 13 71
45 16 77
45 18 91
45 19 77
45 20 44
45 22 4
45 24 95
45 26 33
45 31 55
45 32 29
45 33 67
45 36 93
45 37 4
45 38 61
45 39 96
45 42 71
45 43 39
45 44 34
46 0 82
46 1 69
46 2 67
46 3 25
46 6 71
46 7 83
46 9 34
46 13 92
46 15 8
46 16 95
46 17 8
46 19 29
46 20 13
46 23 33
46 25 51
46 26 50
46 27 66
46 31 61
46 32 9
46 33 64
46 34 23
46 35 27
46 36 88
46 38 81
46 40 11
46 43 11
46 44 36
47 0 22
47 1 60
47 2 42
47 3 26
47 5 50
47 6 96
47 7 92
47 8 36
47 9 14
47 11 10
47 12 26
47 18 24
47 20 8
47 23 88
47 28 86
47 31 10
47 32 11
47 34 72
47 35 34
47 36 43
47 38 48
47 39 1
47 41 75
48 0 10
48 1 53
48 3 22
48 7 88
48 8 91
48 9 43
48 10 76
48 12 95
48 13 28
48 14 21
48 16 25
48 19 7
48 20 44
48 21 58
48 22 32
48 24 70
48 25 86
48 28 70
48 30 86
48 32 54
48 33 49
48 36 15
48 37 5
48 38 17
48 41 31
48 42 76
48 44 29
48 45 50
48 46 36
48 47 66
49 1 20
49 5 55
49 6 34
49 7 67
49 8 30
49 10 16
49 11 67
49 15 32
49 17 36
49 18 18
49 19 63
49 20 46
49 21 95
49 23 37
49 25 72
49 26 87
49 31 67
49 33 73
49 36 13
49 39 77
49 40 98
49 41 31
49 42 10
49 44 16
49 45 69
49 48 88
50 0 67
50 1 63
50 6 14
50 7 77
50 8 87
50 10 85
50 11 73
50 12 57
50 13 52
50 18 6
50 19 44
50 21 14
50 23 45
50 25 94
50 26 53
50 27 4
50 29 62
50 30 27
50 32 54
50 33 11
50 35 52
50 36 85
50 39 41
50 43 25
50 44 81
50 46 82
50 47 29
50 48 32
50 49 90
51 1 74
51 2 10
51 9 100
51 10 100
51 12 59
51 21 23
51 22 17
51 25 13
51 26 98
51 28 75
51 31 57
51 34 26
51 36 6
51 37 81
51 39 88
51 40 54
51 41 66
51 43 89
51 44 4
51 45 64
51 46 52
51 47 47
51 48 99
52 0 82
52 1 60
52 3 53
52 5 57
52 8 86
52 10 47
52 12 45
52 14 72
52 19 29
52 20 23
52 21 7
52 24 77
52 25 70
52 32 69
52 36 98
52 37 77
52 38 76
52 39 49
52 42 96
52 44 60
52 46 92
52 47 38
52 48 20
52 49 73
53 1 82
53 4 47
53 6 54
53 8 42
53 9 24
53 12 37
53 13 26
53 18 20
53 19 46
53 22 76
53 28 87
53 30 71
53 31 42
53 33 43
53 37 43
53 40 40
53 43 61
53 47 4
53 48 33
53 52 76
54 4 32
54 5 82
54 6 84
54 7 90
54 8 32
54 10 38
54 12 77
54 14 23
54 15 68
54 16 83
54 18 86
54 22 48
54 23 3
54 24 77
54 29 60
54 31 23
54 32 52
54 34 92
54 36 91
54 37 91
54 42 6
54 44 12
54 45 99
54 46 70
54 47 87
54 48 63
54 49 68
54 50 71
54 51 28
54 52 97
55 1 59
55 3 35
55 4 65
55 6 26
55 8 39
55 11 83
55 12 23
55 13 53
55 14 51
55 15 40
55 17 79
55 19 81
55 20 76
55 21 51
55 24 93
55 25 74
55 26 76
55 33 83
55 34 23
55 36 41
55 37 72
55 38 43
55 39 68
55 40 99
55 41 54
55 44 60
55 45 86
55 46 7
55 49 86
55 50 85
55 53 29
55 54 92
56 1 37
56 5 28
56 7 22
56 13 88
56 16 54
56 17 58
56 20 76
56 22 54
56 24 83
56 25 69
56 27 36
56 28 81
56 33 100
56 34 99
56 35 87
56 36 89
56 42 43
56 46 24
56 47 58
56 48 77
56 49 27
56 51 35
56 52 34
56 54 21
56 55 85
57 3 76
57 5 79
57 6 64
57 7 10
57 8 25
57 9 45
57 10 3
57 15 57
57 17 67
57 19 51
57 20 54
57 21 25
57 22 55
57 23 69
57 24 26
57 27 81
57 28 29
57 30 29
57 31 19
57 34 25
57 35 84
57 37 72
57 38 15
57 44 27
57 46 56
57 51 15
57 52 22
57 53 93
57 54 30
58 3 51
58 4 56
58 5 94
58 7 4
58 9 28
58 10 35
58 11 13
58 16 6
58 17 94
58 21 19
58 23 83
58 24 49
58 26 62
58 27 32
58 29 24
58 31 18
58 33 80
58 34 20
58 35 81
58 37 68
58 39 95
58 40 87
58 41 97
58 42 47
58 43 8
58 45 58
58 46 36
58 47 25
58 49 11
58 53 23
58 54 3
58 55 39
58 56 63
59 0 96
59 2 97
59 4 54
59 7 95
59 10 21
59 11 59
59 12 63
59 13 35
59 15 50
59 17 100
59 18 49
59 19 39
59 20 66
59 22 23
59 24 14
59 26 50
59 27 19
59 29 64
59 31 69
59 32 12
59 34 77
59 35 99
59 37 77
59 39 19
59 40 35
59 42 95
59 43 43
59 45 6
59 46 58
59 47 23
59 50 91
59 51 10
59 53 9
59 54 92
59 55 85
59 56 92
59 58 82
60 0 23
60 1 87
60 2 8
60 3 13
60 6 18
60 7 61
60 10 63
60 12 1
60 15 72
60 16 45
60 18 81
60 19 47
60 20 82
60 21 37
60 22 42
60 23 48
60 25 84
60 27 12
60 28 66
60 29 8
60 30 94
60 32 99
60 33 31
60 34 99
60 35 51
60 38 69
60 40 51
60 44 53
60 46 78
60 47 63
60 49 19
60 52 32
60 53 93
60 56 55
60 57 29
61 0 43
61 1 7
61 2 2
61 3 51
61 5 90
61 6 36
61 7 70
61 8 50
61 9 63
61 10 18
61 12 61
61 14 77
61 15 95
61 18 18
61 19 97
61 22 89
61 25 73
61 26 64
61 27 77
61 28 14
61 31 76
61 32 71
61 33 47
61 35 52
61 36 67
61 37 20
61 39 72
61 41 64
61 42 31
61 45 67
61 46 61
61 48 46
61 52 32
61 54 5
61 55 51
61 57 36
61 58 91
61 59 23
62 2 83
62 6 6
62 7 53
62 8 87
62 13 44
62 17 87
62 18 15
62 19 65
62 23 16
62 26 41
62 29 86
62 30 53
62 33 75
62 35 63
62 36 76
62 37 71
62 39 45
62 40 81
62 43 98
62 44 71
62 45 20
62 46 37
62 48 12
62 53 51
62 60 50
63 4 14
63 5 47
63 7 29
63 12 40
63 13 42
63 14 100
63 22 95
63 23 2
63 24 73
63 25 98
63 27 90
63 31 43
63 32 82
63 35 70
63 37 62
63 40 1
63 41 21
63 42 38
63 43 23
63 45 63
63 46 15
63 48 60
63 49 7
63 50 2
63 53 53
63 54 88
63 56 73
63 57 17
63 58 20
63 59 22
64 1 21
64 4 82
64 6 13
64 7 93
64 10 30
64 11 14
64 13 8
64 14 72
64 15 5
64 16 40
64 17 6
64 19 46
64 21 22
64 22 86
64 23 9
64 26 39
64 28 26
64 29 7
64 30 57
64 31 95
64 32 59
64 33 44
64 36 70
64 41 11
64 42 36
64 43 96
64 49 39
64 52 50
64 54 70
64 55 19
64 57 52
64 58 2
64 60 19
64 62 59
