45
2 0 2
2 1 3
5 1 4
5 3 4
5 4 1
6 1 7
6 2 1
7 1 4
7 2 5
7 3 5
7 5 8
7 6 4
8 1 8
8 2 4
8 4 4
8 5 9
8 6 2
9 0 8
9 1 7
9 2 5
9 3 4
9 7 7
9 8 6
10 0 4
10 1 8
10 2 5
10 3 2
10 4 9
10 5 9
10 6 7
10 8 1
10 9 8
11 0 9
11 1 5
11 2 10
11 8 3
11 9 9
12 1 5
12 3 1
12 5 1
12 7 1
12 8 9
12 9 8
12 10 8
13 0 4
13 1 9
13 4 1
13 5 6
13 6 7
13 8 5
13 9 9
13 12 10
14 0 4
14 1 6
14 5 8
14 7 5
14 9 7
14 11 6
14 12 7
15 3 6
15 4 2
15 5 8
15 6 9
15 8 8
15 9 6
15 12 7
16 2 7
16 5 6
16 8 4
16 9 9
16 13 4
16 15 7
17 1 1
17 4 8
17 5 3
17 11 5
17 14 7
17 15 5
18 0 10
18 1 6
18 3 3
18 4 5
18 5 10
18 6 3
18 8 4
18 9 8
18 12 1
18 13 1
18 16 9
18 17 10
19 1 4
19 3 1
19 4 2
19 5 2
19 8 3
19 9 6
19 11 9
19 13 4
19 14 6
19 17 8
20 2 10
20 5 7
20 7 5
20 11 9
20 12 3
20 14 9
20 16 7
20 18 6
21 0 7
21 1 9
21 2 10
21 3 2
21 5 6
21 6 6
21 7 6
21 8 3
21 11 8
21 13 5
21 15 6
21 16 3
21 18 8
22 0 4
22 3 5
22 4 8
22 5 2
22 7 3
22 9 7
22 10 2
22 11 9
22 14 6
22 15 1
22 17 8
22 18 1
23 0 4
23 2 3
23 5 10
23 6 6
23 7 1
23 8 4
23 9 9
23 12 2
23 14 1
23 16 3
23 18 6
23 20 7
23 21 8
24 0 8
24 1 1
24 3 10
24 4 7
24 8 5
24 10 7
24 11 9
24 12 8
24 13 9
24 15 6
24 18 5
24 19 10
24 21 9
24 22 7
25 1 10
25 2 4
25 11 3
25 12 8
25 16 4
25 18 6
25 19 5
25 21 7
26 0 7
26 1 8
26 2 9
26 3 1
26 4 2
26 8 9
26 9 6
26 10 6
26 11 2
26 12 6
26 13 2
26 16 5
26 18 3
26 21 9
27 1 6
27 4 9
27 5 2
27 10 10
27 11 8
27 13 1
27 16 7
27 18 8
27 20 8
27 22 1
27 23 2
27 25 6
28 0 5
28 1 8
28 3 6
28 5 10
28 6 4
28 8 2
28 9 6
28 10 2
28 11 4
28 13 9
28 14 3
28 16 2
28 17 3
28 18 7
28 20 9
28 24 10
28 25 7
29 1 10
29 2 6
29 6 2
29 8 6
29 9 6
29 10 4
29 11 3
29 12 7
29 13 3
29 14 5
29 16 3
29 17 8
29 18 10
29 20 7
29 22 5
29 23 8
29 24 1
29 26 1
30 0 10
30 3 3
30 4 10
30 5 10
30 6 6
30 9 9
30 11 2
30 12 4
30 15 3
30 16 1
30 17 8
30 19 6
30 20 8
30 22 8
30 23 2
30 25 10
31 2 4
31 4 7
31 8 8
31 9 8
31 10 5
31 11 4
31 12 3
31 16 7
31 19 4
31 20 2
31 23 4
31 25 10
31 27 7
31 28 5
31 29 6
32 0 3
32 1 10
32 2 10
32 3 10
32 4 6
32 5 4
32 8 10
32 9 4
32 10 4
32 12 9
32 13 2
32 17 4
32 18 9
32 20 3
32 25 2
32 26 9
32 27 5
32 28 6
32 29 2
32 30 8
32 31 7
33 0 7
33 1 3
33 2 5
33 3 5
33 4 6
33 5 3
33 6 5
33 9 7
33 10 6
33 11 8
33 15 3
33 20 5
33 21 7
33 24 3
33 25 4
33 29 10
33 30 10
33 31 3
33 32 6
34 0 4
34 2 1
34 5 8
34 6 9
34 7 8
34 9 3
34 10 1
34 12 6
34 14 1
34 15 8
34 20 4
34 21 5
34 23 10
34 24 4
34 25 7
34 30 2
34 31 8
34 32 1
35 0 4
35 1 8
35 2 7
35 3 8
35 4 8
35 9 2
35 11 1
35 12 2
35 13 8
35 15 7
35 20 2
35 23 3
35 24 6
35 25 8
35 26 9
35 27 9
35 31 4
35 33 4
35 34 6
36 2 5
36 4 4
36 5 7
36 8 5
36 9 10
36 10 3
36 11 4
36 12 8
36 13 7
36 17 5
36 18 8
36 23 7
36 24 3
36 34 6
36 35 8
37 1 7
37 2 10
37 4 10
37 6 8
37 8 1
37 9 2
37 10 1
37 11 7
37 12 5
37 13 5
37 15 10
37 17 9
37 20 8
37 21 4
37 22 9
37 23 4
37 24 10
37 25 3
37 30 9
37 31 4
37 32 1
37 33 6
37 34 9
38 0 9
38 1 3
38 3 10
38 6 10
38 10 10
38 12 2
38 13 5
38 15 8
38 16 4
38 17 1
38 19 3
38 22 8
38 23 2
38 25 10
38 27 10
38 30 6
38 31 8
38 32 1
38 34 4
38 36 9
38 37 4
39 1 7
39 2 9
39 3 10
39 7 10
39 11 10
39 12 3
39 13 10
39 14 10
39 15 6
39 19 4
39 20 1
39 21 2
39 22 1
39 23 9
39 24 7
39 25 5
39 26 2
39 27 6
39 28 3
39 30 7
39 32 8
39 33 4
39 35 7
39 38 8
40 0 4
40 1 5
40 2 6
40 4 9
40 5 8
40 7 6
40 9 8
40 10 2
40 11 5
40 13 3
40 15 10
40 20 8
40 22 6
40 23 1
40 24 2
40 28 2
40 29 9
40 30 3
40 35 3
41 0 7
41 1 1
41 2 1
41 4 6
41 5 5
41 6 10
41 7 2
41 9 2
41 10 9
41 11 6
41 13 2
41 14 9
41 15 6
41 17 10
41 22 10
41 23 9
41 24 5
41 26 1
41 33 8
41 34 8
41 37 1
41 39 6
42 0 6
42 2 1
42 4 7
42 5 3
42 9 2
42 10 8
42 11 6
42 12 4
42 14 2
42 16 10
42 17 7
42 19 2
42 21 9
42 22 10
42 24 7
42 27 6
42 28 9
42 29 6
42 33 3
42 34 5
42 37 10
42 38 5
42 41 4
43 4 9
43 5 2
43 7 1
43 8 6
43 10 10
43 11 9
43 12 6
43 15 5
43 16 1
43 18 9
43 19 4
43 21 5
43 25 2
43 26 5
43 27 3
43 29 7
43 31 8
43 32 2
43 33 4
43 35 6
43 36 6
43 37 6
43 38 10
43 40 2
43 41 10
44 1 5
44 3 8
44 4 7
44 8 2
44 9 4
44 13 3
44 15 1
44 16 6
44 17 4
44 18 2
44 22 8
44 24 10
44 25 9
44 28 5
44 29 1
44 30 9
44 31 8
44 34 5
44 36 6
44 37 1
44 40 4
44 42 10
44 43 10
