25
2 0 5
3 0 4
3 2 10
4 0 5
4 2 4
5 0 10
5 2 8
5 4 9
6 2 5
6 5 9
7 0 9
7 1 4
7 2 6
7 3 10
7 5 9
8 2 9
8 4 5
8 5 10
9 0 6
9 1 2
9 6 6
9 8 7
10 1 5
10 2 10
10 6 7
10 8 4
10 9 4
11 1 8
11 3 6
11 4 9
11 5 9
11 8 2
12 4 3
12 6 2
12 8 10
12 9 8
12 10 3
12 11 8
13 1 2
13 2 7
13 6 10
13 10 8
13 12 10
14 1 5
14 6 4
14 8 10
14 10 10
14 12 4
14 13 4
15 2 2
15 4 10
15 5 10
15 7 6
15 8 5
15 9 9
15 10 3
15 11 10
15 13 2
16 0 10
16 1 1
16 2 8
16 3 6
16 4 8
16 7 6
16 8 3
16 10 10
16 11 6
16 12 7
16 13 1
17 0 1
17 2 6
17 4 4
17 5 5
17 6 3
17 8 7
17 9 10
17 10 4
17 11 10
17 14 1
17 16 6
18 0 7
18 2 1
18 3 7
18 4 5
18 8 7
18 9 3
18 10 2
18 11 9
18 14 7
18 17 1
19 1 7
19 2 10
19 5 10
19 7 3
19 11 6
19 13 2
19 14 8
19 16 4
19 18 9
20 0 1
20 1 2
20 2 4
20 3 5
20 4 5
20 6 2
20 8 3
20 9 6
20 10 7
20 12 5
20 14 2
20 15 9
20 16 2
20 18 8
21 1 9
21 2 1
21 4 2
21 5 9
21 8 6
21 11 10
21 12 8
21 14 5
21 15 7
21 17 8
21 18 6
21 20 9
22 0 1
22 2 3
22 3 5
22 4 4
22 10 6
22 12 5
22 16 4
22 17 10
22 18 1
22 20 7
23 1 1
23 2 9
23 3 1
23 4 1
23 6 6
23 8 5
23 10 6
23 11 8
23 13 4
23 14 4
23 15 9
23 16 8
23 18 10
23 19 2
23 20 10
23 22 8
24 0 8
24 3 2
24 4 8
24 5 8
24 8 6
24 9 3
24 10 3
24 14 10
24 18 3
24 19 9
24 20 4
24 21 2
24 22 8
24 23 2
