55
1 0 18
3 0 10
3 1 16
4 0 48
4 1 1
4 2 45
4 3 42
5 2 18
6 1 4
6 2 34
7 0 27
7 1 7
7 2 38
7 3 9
7 4 8
7 5 49
7 6 21
8 2 37
8 3 33
8 5 39
8 7 13
9 0 48
9 2 46
9 3 23
9 4 15
9 5 44
9 7 19
9 8 45
10 2 21
10 8 49
10 9 30
11 2 36
11 3 25
11 4 8
11 5 50
11 6 24
12 0 42
12 3 8
12 5 50
12 6 48
12 7 28
13 1 13
13 4 17
13 6 1
13 8 8
13 9 3
13 11 30
13 12 8
14 0 47
14 1 35
14 2 17
14 4 17
14 6 23
14 10 15
14 11 40
14 13 31
15 0 29
15 1 41
15 2 19
15 6 44
15 7 13
15 8 32
15 9 25
15 11 16
15 13 3
16 0 19
16 7 28
16 8 47
16 14 15
17 0 26
17 2 20
17 5 20
17 10 47
17 13 50
17 14 33
17 16 3
18 0 10
18 1 29
18 2 45
18 3 24
18 4 26
18 7 24
18 9 6
18 12 24
18 17 38
19 8 8
19 11 38
19 12 19
19 15 8
19 16 39
19 17 49
19 18 31
20 1 33
20 2 49
20 4 48
20 9 35
20 11 42
20 16 22
20 17 17
20 18 47
21 1 46
21 3 11
21 5 2
21 6 16
21 9 21
21 11 32
21 12 33
21 13 14
21 18 11
22 0 17
22 1 20
22 5 13
22 7 15
22 11 40
22 12 49
22 14 45
22 15 19
22 16 38
22 17 43
22 19 20
23 0 38
23 1 25
23 2 39
23 4 22
23 5 10
23 6 40
23 8 25
23 10 8
23 11 29
23 13 50
23 17 17
23 20 8
24 2 27
24 3 13
24 6 49
24 8 45
24 10 30
24 14 13
24 15 23
24 19 19
24 20 18
24 21 32
24 22 7
25 0 23
25 2 35
25 4 4
25 6 11
25 8 47
25 10 23
25 12 25
25 14 15
25 16 13
25 17 37
25 20 6
26 1 16
26 4 38
26 5 42
26 6 50
26 8 35
26 12 50
26 15 36
26 18 28
26 20 24
26 21 44
26 23 4
27 2 5
27 4 49
27 8 23
27 13 25
27 14 41
27 16 37
27 17 24
27 18 50
27 19 36
27 20 7
27 21 34
27 22 22
27 23 15
27 24 30
28 0 15
28 1 21
28 2 32
28 7 2
28 8 14
28 11 26
28 12 34
28 14 44
28 16 47
28 17 37
28 18 16
28 25 4
29 1 40
29 2 26
29 5 27
29 7 34
29 8 35
29 11 47
29 13 4
29 15 6
29 17 5
29 18 26
29 19 21
29 21 43
29 22 1
29 26 1
30 0 50
30 1 11
30 3 19
30 4 28
30 6 1
30 7 31
30 8 2
30 10 36
30 16 17
30 17 10
30 18 25
30 19 22
30 21 40
31 3 50
31 4 2
31 7 30
31 9 37
31 10 3
31 11 28
31 12 7
31 13 24
31 14 35
31 16 16
31 17 48
31 19 34
31 21 43
31 22 11
31 24 22
31 26 37
31 27 16
31 28 16
31 29 3
32 1 31
32 2 34
32 3 48
32 5 44
32 6 29
32 8 23
32 14 30
32 16 33
32 20 38
32 21 12
32 22 3
32 23 18
32 28 19
32 29 47
32 30 18
32 31 22
33 1 11
33 2 47
33 4 42
33 6 22
33 7 5
33 9 46
33 10 29
33 14 15
33 17 41
33 21 47
33 24 24
33 25 26
33 26 26
33 27 21
33 30 24
33 31 24
33 32 30
34 1 43
34 4 4
34 5 39
34 10 22
34 11 28
34 16 25
34 17 37
34 19 24
34 20 5
34 21 29
34 22 5
34 24 46
34 27 45
34 29 35
34 30 44
34 31 6
35 0 31
35 3 18
35 4 6
35 6 29
35 7 29
35 8 1
35 10 16
35 11 8
35 12 38
35 13 19
35 14 44
35 15 20
35 17 31
35 18 9
35 19 39
35 24 8
35 26 22
35 28 32
35 29 29
35 31 17
36 1 14
36 5 14
36 6 26
36 7 30
36 8 21
36 11 28
36 13 22
36 16 40
36 18 27
36 19 16
36 22 21
36 23 21
36 25 25
36 28 2
36 31 46
36 32 32
36 34 43
36 35 2
37 0 40
37 1 34
37 3 37
37 7 18
37 8 9
37 11 27
37 13 41
37 15 15
37 16 3
37 18 13
37 20 19
37 22 29
37 24 50
37 25 35
37 27 26
37 28 15
37 29 8
37 31 30
37 32 20
37 34 5
38 0 37
38 2 41
38 3 43
38 4 20
38 5 9
38 7 5
38 16 13
38 17 26
38 18 14
38 19 3
38 20 18
38 22 21
38 25 31
38 26 28
38 27 44
38 28 9
38 29 18
38 30 10
38 36 15
39 1 11
39 5 42
39 8 1
39 9 29
39 16 37
39 17 9
39 20 18
39 21 35
39 25 20
39 28 10
39 30 25
39 34 41
39 37 39
39 38 42
40 0 8
40 2 22
40 3 6
40 7 50
40 8 7
40 9 34
40 10 10
40 11 25
40 14 34
40 15 9
40 16 7
40 20 28
40 21 43
40 22 36
40 23 27
40 24 28
40 26 23
40 27 1
40 28 10
40 29 3
40 31 47
40 34 3
40 37 23
40 38 14
41 2 49
41 3 20
41 4 44
41 5 27
41 6 14
41 8 45
41 17 16
41 19 18
41 20 29
41 21 25
41 22 37
41 23 29
41 24 12
41 26 25
41 27 10
41 29 4
41 31 34
41 33 23
41 37 33
41 38 50
41 40 20
42 1 14
42 2 27
42 3 43
42 5 36
42 6 12
42 7 42
42 9 4
42 10 10
42 11 23
42 13 40
42 15 47
42 16 35
42 17 46
42 18 23
42 19 4
42 21 37
42 23 17
42 24 31
42 25 50
42 26 43
42 27 50
42 28 24
42 30 31
42 31 38
42 35 5
42 36 46
42 39 30
42 40 46
43 4 50
43 9 48
43 11 31
43 15 7
43 17 4
43 18 29
43 19 25
43 20 44
43 24 28
43 26 8
43 27 29
43 28 29
43 29 1
43 31 12
43 33 16
43 35 49
43 36 50
43 37 13
43 38 28
43 39 27
43 40 9
43 42 10
44 0 42
44 1 6
44 4 19
44 5 50
44 6 14
44 7 9
44 8 45
44 9 3
44 10 26
44 18 5
44 19 35
44 23 13
44 24 10
44 25 5
44 29 21
44 31 44
44 35 39
44 38 23
44 40 45
44 41 7
44 43 3
45 1 15
45 2 8
45 6 15
45 7 14
45 8 16
45 9 47
45 11 35
45 12 3
45 13 23
45 15 44
45 19 37
45 20 43
45 21 29
45 23 22
45 24 12
45 28 24
45 32 28
45 36 25
45 41 1
45 42 6
46 2 30
46 4 2
46 5 43
46 6 7
46 7 22
46 12 44
46 13 10
46 16 45
46 19 38
46 22 20
46 24 17
46 25 15
46 26 21
46 29 5
46 30 37
46 31 34
46 33 8
46 34 1
46 35 32
46 38 10
46 39 40
46 40 14
46 41 43
46 44 14
47 0 31
47 5 31
47 6 32
47 7 4
47 10 7
47 11 28
47 12 27
47 13 10
47 14 33
47 17 36
47 18 34
47 19 30
47 21 42
47 23 16
47 27 44
47 29 37
47 32 39
47 35 32
47 37 43
47 38 33
47 39 10
47 42 8
47 43 8
47 46 16
48 3 47
48 4 43
48 5 21
48 8 2
48 9 40
48 13 50
48 14 31
48 16 16
48 17 27
48 18 8
48 19 31
48 21 30
48 22 17
48 23 29
48 25 13
48 26 16
48 27 10
48 28 25
48 29 31
48 30 32
48 31 31
48 32 29
48 33 8
48 36 4
48 38 47
48 39 31
48 40 8
48 41 4
48 44 17
48 45 1
48 46 18
48 47 16
49 2 28
49 4 38
49 5 23
49 6 20
49 7 24
49 9 25
49 12 14
49 14 27
49 15 28
49 16 15
49 20 25
49 22 34
49 23 29
49 24 41
49 25 38
49 26 10
49 28 1
49 29 45
49 30 50
49 31 27
49 32 4
49 33 2
49 34 36
49 37 14
49 39 16
49 48 15
50 9 22
50 10 44
50 12 32
50 13 8
50 15 41
50 16 36
50 17 39
50 18 35
50 25 19
50 26 36
50 28 34
50 30 26
50 31 32
50 34 29
50 36 34
50 38 9
50 41 27
50 44 36
50 46 5
50 47 31
51 3 28
51 5 4
51 7 45
51 8 16
51 9 2
51 11 19
51 13 11
51 16 13
51 17 14
51 18 50
51 20 28
51 23 34
51 24 33
51 28 23
51 29 15
51 30 3
51 31 26
51 33 32
51 34 49
51 37 25
51 40 29
51 41 47
51 42 14
51 45 4
51 48 44
51 49 40
51 50 43
52 0 16
52 2 31
52 4 25
52 6 50
52 8 19
52 9 24
52 10 17
52 11 24
52 12 4
52 13 12
52 15 30
52 18 41
52 19 8
52 25 34
52 26 20
52 27 32
52 28 25
52 30 25
52 33 44
52 35 8
52 36 42
52 39 43
52 40 47
52 42 19
52 43 16
52 44 37
52 48 14
52 49 21
52 50 25
53 3 42
53 5 25
53 7 45
53 8 41
53 12 48
53 13 12
53 14 48
53 15 45
53 17 34
53 21 42
53 25 21
53 26 27
53 29 32
53 30 15
53 31 18
53 33 43
53 34 29
53 35 25
53 36 10
53 41 18
53 42 42
53 43 12
53 45 5
53 51 13
53 52 25
54 1 36
54 3 49
54 5 44
54 11 48
54 12 33
54 14 27
54 16 26
54 19 6
54 20 22
54 23 7
54 24 44
54 25 48
54 26 26
54 27 14
54 30 24
54 32 22
54 33 38
54 37 28
54 38 29
54 39 31
54 40 19
54 42 12
54 44 25
54 45 37
54 46 3
54 48 44
54 49 49
