35
1 0 1
2 0 31
2 1 3
3 0 41
3 1 44
3 2 99
4 0 51
4 1 40
4 2 64
4 3 96
5 0 32
5 1 79
5 2 45
5 3 37
5 4 19
6 0 66
6 1 69
6 2 16
6 3 39
6 4 8
6 5 19
7 0 78
7 1 24
7 2 72
7 3 9
7 4 46
7 5 81
7 6 59
8 0 92
8 1 9
8 2 97
8 3 47
8 4 51
8 5 64
8 6 28
8 7 83
9 0 59
9 1 79
9 2 47
9 3 17
9 4 51
9 5 11
9 6 29
9 7 14
9 8 71
10 0 95
10 1 25
10 2 91
10 3 64
10 4 2
10 5 33
10 6 60
10 7 33
10 8 14
10 9 71
11 0 71
11 1 93
11 2 70
11 3 19
11 4 92
11 5 71
11 6 90
11 7 81
11 8 71
11 9 42
11 10 72
12 0 76
12 1 59
12 2 17
12 3 14
12 4 66
12 5 97
12 6 96
12 7 26
12 8 90
12 9 94
12 10 64
12 11 7
13 0 34
13 1 42
13 2 4
13 3 24
13 4 88
13 5 58
13 6 33
13 7 8
13 8 52
13 9 38
13 10 3
13 11 58
13 12 87
14 0 66
14 1 13
14 2 14
14 3 43
14 4 21
14 5 31
14 6 35
14 7 92
14 8 54
14 9 16
14 10 16
14 11 55
14 12 57
14 13 88
15 0 2
15 1 5
15 2 25
15 3 99
15 4 91
15 5 71
15 6 82
15 7 83
15 8 52
15 9 93
15 10 42
15 11 5
15 12 79
15 13 89
15 14 100
16 0 28
16 1 56
16 2 47
16 3 98
16 4 72
16 5 24
16 6 36
16 7 93
16 8 28
16 9 59
16 10 12
16 11 28
16 12 58
16 13 3
16 14 63
16 15 91
17 0 1
17 1 12
17 2 12
17 3 1
17 4 35
17 5 10
17 6 72
17 7 59
17 8 6
17 9 68
17 10 32
17 11 59
17 12 98
17 13 36
17 14 14
17 15 39
17 16 4
18 0 8
18 1 11
18 2 28
18 3 44
18 4 97
18 5 30
18 6 6
18 7 12
18 8 38
18 9 77
18 10 82
18 11 70
18 12 65
18 13 60
18 14 84
18 15 6
18 16 11
18 17 3
19 0 76
19 1 35
19 2 43
19 3 93
19 4 76
19 5 7
19 6 21
19 7 7
19 8 30
19 9 42
19 10 43
19 11 87
19 12 56
19 13 19
19 14 22
19 15 60
19 16 88
19 17 83
19 18 6
20 0 24
20 1 62
20 2 51
20 3 24
20 4 49
20 5 25
20 6 13
20 7 33
20 8 50
20 9 69
20 10 91
20 11 4
20 12 49
20 13 26
20 14 76
20 15 50
20 16 32
20 17 54
20 18 63
20 19 3
21 0 44
21 1 15
21 2 61
21 3 86
21 4 10
21 5 34
21 6 34
21 7 38
21 8 55
21 9 64
21 10 19
21 11 87
21 12 67
21 13 16
21 14 9
21 15 86
21 16 26
21 17 34
21 18 3
21 19 40
21 20 87
22 0 99
22 1 70
22 2 4
22 3 9
22 4 13
22 5 66
22 6 35
22 7 40
22 8 95
22 9 8
22 10 8
22 11 16
22 12 80
22 13 90
22 14 39
22 15 45
22 16 11
22 17 100
22 18 87
22 19 58
22 20 63
22 21 70
23 0 5
23 1 67
23 2 39
23 3 70
23 4 83
23 5 56
23 6 28
23 7 23
23 8 90
23 9 94
23 10 10
23 11 5
23 12 4
23 13 49
23 14 56
23 15 63
23 16 14
23 17 38
23 18 56
23 19 53
23 20 98
23 21 54
23 22 60
24 0 92
24 1 28
24 2 27
24 3 39
24 4 68
24 5 63
24 6 42
24 7 80
24 8 59
24 9 19
24 10 12
24 11 85
24 12 49
24 13 26
24 14 59
24 15 26
24 16 42
24 17 22
24 18 73
24 19 86
24 20 19
24 21 41
24 22 53
24 23 93
25 0 85
25 1 80
25 2 35
25 3 5
25 4 96
25 5 72
25 6 65
25 7 26
25 8 68
25 9 96
25 10 81
25 11 50
25 12 10
25 13 88
25 14 11
25 15 63
25 16 31
25 17 46
25 18 85
25 19 55
25 20 9
25 21 41
25 22 33
25 23 17
25 24 27
26 0 77
26 1 26
26 2 26
26 3 11
26 4 60
26 5 47
26 6 45
26 7 31
26 8 66
26 9 39
26 10 92
26 11 43
26 12 28
26 13 46
26 14 51
26 15 80
26 16 71
26 17 39
26 18 25
26 19 32
26 20 73
26 21 12
26 22 75
26 23 67
26 24 29
26 25 74
27 0 65
27 1 77
27 2 40
27 3 79
27 4 25
27 5 61
27 6 61
27 7 67
27 8 10
27 9 72
27 10 82
27 11 8
27 12 87
27 13 94
27 14 18
27 15 78
27 16 16
27 17 22
27 18 32
27 19 4
27 20 75
27 21 63
27 22 31
27 23 52
27 24 60
27 25 91
27 26 89
28 0 54
28 1 66
28 2 99
28 3 4
28 4 97
28 5 10
28 6 58
28 7 83
28 8 11
28 9 74
28 10 59
28 11 13
28 12 39
28 13 62
28 14 3
28 15 69
28 16 78
28 17 9
28 18 76
28 19 51
28 20 9
28 21 85
28 22 94
28 23 81
28 24 63
28 25 72
28 26 39
28 27 67
29 0 8
29 1 25
29 2 8
29 3 29
29 4 23
29 5 33
29 6 30
29 7 60
29 8 10
29 9 29
29 10 52
29 11 47
29 12 71
29 13 52
29 14 81
29 15 72
29 16 30
29 17 19
29 18 27
29 19 86
29 20 89
29 21 83
29 22 5
29 23 23
29 24 40
29 25 86
29 26 77
29 27 70
29 28 90
30 0 13
30 1 37
30 2 54
30 3 49
30 4 39
30 5 86
30 6 75
30 7 94
30 8 89
30 9 42
30 10 12
30 11 25
30 12 74
30 13 70
30 14 85
30 15 50
30 16 80
30 17 51
30 18 36
30 19 88
30 20 95
30 21 6
30 22 74
30 23 67
30 24 28
30 25 51
30 26 93
30 27 44
30 28 49
30 29 54
31 0 57
31 1 2
31 2 34
31 3 3
31 4 10
31 5 83
31 6 27
31 7 27
31 8 65
31 9 53
31 10 27
31 11 20
31 12 59
31 13 27
31 14 71
31 15 49
31 16 1
31 17 98
31 18 75
31 19 70
31 20 36
31 21 37
31 22 45
31 23 57
31 24 9
31 25 57
31 26 79
31 27 39
31 28 94
31 29 71
31 30 15
32 0 93
32 1 27
32 2 87
32 3 1
32 4 21
32 5 68
32 6 3
32 7 92
32 8 43
32 9 56
32 10 5
32 11 88
32 12 60
32 13 56
32 14 87
32 15 89
32 16 67
32 17 6
32 18 44
32 19 19
32 20 31
32 21 98
32 22 91
32 23 34
32 24 69
32 25 70
32 26 32
32 27 46
32 28 69
32 29 94
32 30 68
32 31 96
33 0 62
33 1 63
33 2 17
33 3 75
33 4 25
33 5 36
33 6 100
33 7 76
33 8 76
33 9 90
33 10 96
33 11 22
33 12 92
33 13 77
33 14 82
33 15 4
33 16 59
33 17 92
33 18 6
33 19 18
33 20 40
33 21 5
33 22 73
33 23 100
33 24 15
33 25 5
33 26 14
33 27 88
33 28 26
33 29 62
33 30 92
33 31 49
33 32 42
34 0 4
34 1 64
34 2 77
34 3 19
34 4 66
34 5 81
34 6 30
34 7 11
34 8 63
34 9 27
34 10 59
34 11 89
34 12 78
34 13 4
34 14 65
34 15 33
34 16 91
34 17 15
34 18 75
34 19 25
34 20 69
34 21 27
34 22 22
34 23 71
34 24 97
34 25 86
34 26 70
34 27 2
34 28 36
34 29 28
34 30 33
34 31 48
34 32 19
34 33 16
