30
2 0 22
3 1 36
4 0 42
4 1 1
4 3 26
5 0 20
5 1 42
6 1 50
6 4 2
7 2 6
7 3 30
7 5 38
8 2 24
9 1 49
9 3 46
9 6 16
10 1 29
10 2 27
10 4 10
10 5 44
10 6 9
10 7 33
11 0 9
11 2 38
11 3 15
11 4 18
11 5 47
11 6 19
11 8 36
12 1 30
12 4 9
12 5 2
12 6 32
12 8 6
12 9 14
13 0 31
13 1 46
13 3 46
13 5 6
13 6 8
13 10 2
13 11 30
13 12 34
14 0 28
14 1 15
14 4 23
14 7 15
14 9 21
14 11 4
14 12 9
15 0 27
15 2 12
15 3 11
15 11 32
15 13 37
15 14 29
16 0 19
16 7 29
16 8 36
16 9 7
16 10 14
16 12 4
17 1 50
17 4 1
17 6 44
17 7 44
17 8 45
17 11 43
17 12 38
17 13 29
17 15 6
17 16 31
18 0 38
18 1 42
18 2 39
18 3 45
18 9 21
18 13 45
18 14 36
19 2 42
19 3 42
19 5 30
19 10 35
19 13 6
19 15 42
19 18 14
20 1 23
20 2 45
20 5 7
20 6 30
20 7 27
20 8 11
20 10 44
20 11 26
20 13 19
20 17 50
20 18 46
20 19 21
21 0 34
21 2 43
21 3 36
21 5 47
21 6 47
21 7 33
21 9 27
21 12 10
21 13 25
21 14 3
21 15 32
21 19 15
22 4 3
22 6 6
22 7 8
22 9 4
22 13 5
22 15 17
22 16 38
22 17 9
22 18 31
22 21 5
23 0 22
23 5 39
23 6 5
23 7 13
23 11 34
23 12 18
23 13 24
23 18 17
23 19 22
23 20 23
23 21 1
24 0 31
24 1 43
24 2 1
24 3 6
24 4 1
24 6 50
24 9 21
24 15 27
24 16 27
24 17 19
24 19 1
24 20 42
25 0 43
25 4 36
25 5 8
25 7 12
25 9 9
25 12 40
25 13 17
25 14 8
25 17 38
25 19 50
25 20 1
25 21 31
25 22 22
25 23 30
26 2 22
26 3 22
26 4 14
26 5 11
26 7 15
26 10 7
26 12 30
26 14 39
26 19 45
26 21 49
26 22 27
26 25 14
27 1 31
27 3 37
27 15 36
27 16 14
27 18 5
27 19 20
27 20 26
27 26 47
28 2 48
28 4 2
28 7 45
28 11 29
28 12 4
28 13 21
28 15 6
28 17 38
28 18 38
28 20 3
28 21 47
28 23 22
28 26 32
29 0 13
29 1 44
29 2 18
29 3 21
29 4 10
29 7 39
29 10 37
29 11 33
29 13 31
29 14 14
29 15 14
29 16 42
29 17 35
29 21 15
29 23 13
29 24 45
29 28 9
