55
2 1 83
3 1 45
4 0 17
4 1 38
4 2 26
4 3 87
5 1 67
5 4 42
6 0 60
6 1 7
6 2 86
6 3 61
6 5 30
7 4 91
8 0 46
8 2 45
8 4 69
8 6 9
9 1 71
9 2 99
9 6 45
9 7 47
10 2 50
10 4 28
10 7 71
11 2 97
11 4 76
11 5 83
11 6 95
11 7 49
11 8 2
11 10 1
12 0 63
12 1 10
12 3 26
12 4 52
12 5 90
12 7 92
12 10 70
12 11 80
13 3 52
13 5 59
13 6 6
13 7 92
13 8 59
13 9 15
13 11 8
14 2 85
14 4 90
14 5 84
14 7 18
14 12 51
15 6 31
15 7 63
15 10 23
15 12 60
15 13 69
15 14 15
16 0 84
16 2 41
16 4 98
16 6 33
16 7 83
16 10 69
16 11 32
16 12 58
16 13 92
17 0 13
17 1 86
17 3 18
17 4 37
17 5 56
17 7 9
17 10 87
17 12 71
17 16 68
18 1 30
18 2 58
18 3 81
18 4 87
18 5 54
18 6 83
18 7 56
18 9 11
18 10 17
18 11 19
18 12 87
18 13 52
18 15 47
18 17 39
19 0 45
19 2 4
19 3 25
19 4 75
19 6 45
19 7 5
19 10 68
19 11 74
20 1 96
20 3 67
20 4 99
20 5 72
20 6 84
20 7 84
20 8 11
20 13 95
20 16 34
20 17 20
21 1 88
21 3 69
21 4 96
21 6 31
21 7 45
21 9 44
21 10 92
21 11 5
21 12 39
21 13 52
21 14 90
21 15 77
21 17 49
21 19 41
22 1 61
22 6 79
22 10 1
22 11 33
22 12 20
22 14 69
22 15 98
22 16 11
22 17 32
22 18 55
22 19 79
22 20 53
22 21 3
23 2 40
23 3 82
23 4 14
23 6 38
23 10 90
23 12 20
23 15 48
23 18 53
23 19 43
24 0 18
24 1 85
24 4 44
24 5 45
24 7 52
24 8 61
24 9 10
24 10 12
24 11 60
24 12 95
24 13 41
24 14 93
24 20 38
25 1 73
25 3 27
25 4 34
25 6 96
25 8 8
25 10 83
25 13 12
25 15 54
25 16 66
25 18 63
25 23 68
26 0 46
26 1 75
26 2 64
26 5 6
26 9 33
26 11 78
26 13 91
26 14 57
26 17 43
26 20 97
26 22 61
26 24 62
27 1 50
27 3 41
27 6 55
27 7 36
27 8 47
27 11 78
27 13 41
27 14 59
27 15 89
27 16 80
27 17 40
27 18 9
27 20 50
27 23 98
27 25 28
28 1 34
28 3 33
28 5 76
28 6 76
28 7 68
28 9 55
28 10 95
28 11 6
28 12 3
28 13 49
28 15 93
28 17 96
28 20 16
28 22 1
28 23 48
28 24 46
28 25 28
28 27 95
29 0 66
29 11 70
29 12 27
29 13 43
29 16 13
29 20 76
29 25 47
30 1 45
30 2 10
30 5 81
30 7 42
30 8 32
30 9 66
30 11 3
30 13 87
30 14 39
30 15 26
30 17 97
30 18 31
30 19 84
30 21 39
30 23 38
30 24 74
31 3 63
31 5 63
31 9 100
31 11 70
31 14 94
31 15 12
31 16 30
31 18 44
31 19 60
31 20 29
31 22 24
31 27 51
31 30 30
32 0 21
32 1 59
32 4 65
32 7 83
32 8 91
32 9 97
32 10 7
32 11 54
32 12 37
32 14 80
32 17 30
32 18 36
32 19 21
32 20 35
32 23 67
32 25 15
32 26 13
32 27 17
32 31 70
33 0 28
33 1 84
33 2 71
33 3 23
33 6 12
33 8 78
33 15 25
33 16 91
33 18 37
33 19 58
33 20 23
33 21 75
33 22 68
33 24 52
33 27 47
33 28 8
33 30 6
33 32 89
34 1 25
34 3 51
34 5 69
34 7 56
34 8 31
34 17 42
34 19 57
34 22 45
34 24 32
34 25 30
34 28 15
34 32 5
35 5 73
35 7 24
35 11 38
35 12 67
35 13 34
35 15 84
35 19 100
35 25 87
35 29 58
35 31 83
35 32 58
36 0 92
36 1 97
36 2 10
36 9 15
36 11 11
36 13 98
36 14 4
36 15 91
36 16 28
36 22 48
36 25 3
36 26 64
36 27 58
36 28 35
36 30 63
36 35 76
37 0 58
37 1 15
37 2 14
37 3 34
37 4 88
37 5 77
37 6 3
37 7 77
37 8 78
37 10 81
37 11 84
37 12 100
37 13 66
37 15 23
37 19 72
37 21 93
37 23 49
37 25 54
37 26 51
37 31 61
37 32 39
37 33 76
37 35 60
38 3 8
38 4 33
38 7 89
38 13 62
38 14 50
38 15 78
38 17 93
38 18 11
38 19 92
38 22 27
38 23 50
38 25 52
38 26 100
38 28 88
38 30 3
38 31 89
38 33 84
38 34 64
38 35 32
38 36 4
39 0 7
39 1 96
39 4 34
39 7 37
39 8 91
39 10 96
39 12 38
39 13 11
39 15 62
39 19 93
39 20 25
39 23 47
39 27 96
39 29 61
39 32 12
39 34 64
39 37 80
40 0 38
40 1 46
40 3 16
40 5 63
40 6 35
40 7 77
40 8 66
40 9 51
40 10 77
40 11 65
40 15 71
40 16 47
40 17 59
40 21 100
40 24 48
40 27 7
40 28 44
40 29 43
40 31 86
40 32 68
40 34 60
40 39 12
41 1 32
41 2 68
41 3 100
41 5 33
41 6 72
41 8 97
41 10 58
41 11 3
41 15 23
41 16 34
41 17 29
41 18 52
41 21 81
41 26 52
41 27 41
41 28 58
41 30 58
41 31 87
41 32 71
41 33 4
41 34 29
41 36 25
41 38 61
41 40 70
42 0 79
42 2 19
42 4 76
42 5 77
42 7 18
42 8 71
42 9 35
42 10 55
42 11 6
42 12 73
42 14 78
42 18 3
42 19 92
42 20 71
42 22 22
42 24 47
42 26 2
42 27 69
42 28 66
42 29 55
42 30 43
42 32 75
42 33 7
42 36 68
42 39 35
42 40 56
43 0 15
43 3 95
43 4 37
43 5 13
43 7 26
43 8 86
43 10 64
43 11 1
43 14 15
43 16 50
43 19 22
43 21 5
43 22 9
43 23 21
43 26 38
43 28 88
43 31 69
43 32 58
43 37 32
43 39 73
43 41 24
44 1 6
44 2 41
44 5 59
44 9 52
44 10 74
44 14 100
44 16 2
44 17 58
44 18 12
44 21 59
44 24 11
44 27 99
44 28 52
44 29 75
44 36 36
44 37 72
44 39 29
44 42 84
44 43 68
45 0 11
45 2 31
45 3 57
45 6 82
45 8 54
45 9 19
45 11 40
45 12 81
45 17 84
45 19 48
45 22 3
45 23 37
45 24 93
45 25 4
45 27 39
45 30 15
45 31 15
45 32 18
45 34 69
45 36 45
45 38 27
45 43 97
46 2 50
46 3 69
46 4 86
46 5 73
46 6 36
46 7 32
46 10 79
46 12 76
46 16 23
46 20 28
46 22 40
46 23 7
46 25 86
46 26 61
46 31 39
46 32 69
46 34 54
46 37 42
46 38 72
46 40 7
46 41 40
46 42 79
46 43 16
46 44 42
47 1 33
47 5 77
47 9 15
47 11 69
47 12 48
47 15 80
47 18 68
47 20 81
47 26 10
47 29 8
47 31 30
47 33 37
47 35 20
47 36 78
47 37 94
47 40 99
47 41 28
47 42 25
47 43 17
48 1 57
48 4 91
48 5 29
48 7 70
48 8 78
48 9 28
48 11 61
48 12 47
48 13 18
48 14 4
48 16 99
48 20 69
48 22 66
48 23 97
48 24 42
48 25 55
48 27 58
48 28 96
48 29 47
48 30 44
48 31 76
48 32 38
48 33 20
48 37 40
48 38 65
48 40 14
48 45 42
48 46 100
48 47 32
49 0 49
49 3 62
49 4 1
49 6 84
49 7 40
49 11 23
49 12 12
49 13 36
49 14 45
49 16 3
49 17 93
49 18 66
49 20 50
49 23 65
49 26 2
49 27 17
49 28 97
49 30 4
49 31 52
49 32 45
49 33 68
49 35 10
49 36 54
49 37 72
49 38 9
49 39 99
49 41 14
49 44 66
49 46 62
50 0 88
50 2 14
50 3 9
50 4 100
50 6 31
50 10 51
50 13 11
50 15 8
50 17 17
50 19 65
50 21 89
50 22 79
50 23 59
50 26 39
50 29 91
50 30 45
50 31 38
50 33 39
50 34 5
50 35 33
50 36 67
50 38 39
50 39 59
50 40 82
50 41 3
50 42 63
50 43 49
50 44 2
50 45 51
50 47 58
50 48 50
50 49 98
51 0 89
51 1 41
51 3 28
51 5 49
51 6 16
51 9 82
51 13 65
51 14 6
51 15 9
51 19 74
51 21 2
51 23 77
51 24 24
51 26 16
51 27 40
51 28 75
51 33 96
51 34 23
51 37 72
51 40 29
51 41 66
51 42 28
51 44 33
51 46 66
52 0 25
52 2 70
52 3 84
52 5 13
52 6 79
52 7 36
52 11 66
52 13 70
52 14 66
52 16 79
52 17 24
52 19 23
52 20 53
52 21 15
52 22 14
52 24 57
52 32 100
52 33 84
52 35 55
52 37 75
52 38 26
52 39 39
52 42 95
52 47 77
52 48 31
52 51 69
53 3 12
53 7 90
53 9 76
53 12 70
53 13 35
53 14 77
53 15 68
53 17 45
53 18 9
53 19 45
53 20 91
53 25 79
53 28 50
53 29 47
53 32 61
53 36 32
53 40 14
53 41 73
53 43 49
53 44 86
53 45 51
53 46 22
53 47 79
53 50 34
54 0 81
54 1 91
54 2 12
54 3 32
54 4 14
54 6 40
54 8 6
54 11 73
54 12 24
54 14 53
54 15 41
54 17 12
54 19 98
54 22 77
54 24 71
54 25 82
54 26 93
54 30 38
54 31 64
54 33 90
54 37 33
54 44 99
54 45 10
54 47 58
54 53 30
