25
2 0 1
2 1 1
3 2 1
4 1 1
4 2 1
4 3 1
5 2 1
6 2 1
6 3 1
6 4 1
6 5 1
7 2 1
7 5 1
8 2 1
8 3 1
9 0 1
9 7 1
9 8 1
10 0 1
10 1 1
10 2 1
10 3 1
10 4 1
10 5 1
10 7 1
10 9 1
11 0 1
11 1 1
11 3 1
11 6 1
11 9 1
12 0 1
12 2 1
12 3 1
12 4 1
12 6 1
13 1 1
13 2 1
13 3 1
13 5 1
13 6 1
13 12 1
14 0 1
14 1 1
14 2 1
14 8 1
15 1 1
15 2 1
15 8 1
15 9 1
15 10 1
15 13 1
15 14 1
16 0 1
16 1 1
16 3 1
16 4 1
16 5 1
16 10 1
16 12 1
16 13 1
17 0 1
17 2 1
17 6 1
17 7 1
17 8 1
17 11 1
17 12 1
17 14 1
17 16 1
18 6 1
18 10 1
18 11 1
18 12 1
18 13 1
19 1 1
19 2 1
19 3 1
19 4 1
19 5 1
19 6 1
20 0 1
20 5 1
20 6 1
20 7 1
20 11 1
20 12 1
20 14 1
20 18 1
21 2 1
21 4 1
21 5 1
21 9 1
21 10 1
21 13 1
21 15 1
21 16 1
21 20 1
22 9 1
22 10 1
22 12 1
22 13 1
22 14 1
22 15 1
22 19 1
22 20 1
22 21 1
23 0 1
23 5 1
23 7 1
23 8 1
23 9 1
23 10 1
23 12 1
23 13 1
23 14 1
23 19 1
23 21 1
23 22 1
24 1 1
24 3 1
24 4 1
24 5 1
24 7 1
24 11 1
24 14 1
24 15 1
24 16 1
24 20 1
24 21 1
24 23 1
