40
1 0 9
3 0 1
4 0 17
4 1 46
5 0 19
5 3 21
5 4 35
6 0 2
6 1 49
6 4 26
6 5 37
7 1 3
7 2 16
7 4 45
7 5 40
8 0 24
8 1 9
8 2 45
8 4 29
8 5 50
8 7 45
9 1 19
9 3 3
9 5 39
9 6 33
9 8 12
10 2 17
10 5 2
10 7 37
10 9 50
11 0 3
11 1 16
11 2 44
11 4 11
11 8 15
12 3 24
12 4 25
12 10 36
12 11 25
13 2 30
13 4 22
13 6 22
13 7 4
13 11 30
13 12 29
14 2 39
14 3 25
14 4 43
14 5 13
14 8 30
14 11 39
15 0 12
15 3 4
15 4 38
15 5 4
15 6 24
15 12 46
16 0 36
16 1 17
16 2 35
16 3 37
16 4 42
16 5 29
16 6 22
16 8 19
16 9 9
16 11 19
16 13 16
16 15 7
17 2 41
17 4 26
17 5 3
17 6 28
17 8 19
17 9 40
17 10 33
17 11 41
17 12 14
17 14 48
18 1 42
18 2 17
18 7 9
18 9 48
18 11 2
18 12 28
18 13 36
18 14 21
18 15 25
18 17 44
19 1 21
19 3 50
19 7 37
19 10 5
19 13 45
19 14 31
19 17 11
20 3 18
20 4 15
20 6 23
20 7 29
20 10 34
20 14 4
20 16 11
21 1 45
21 5 32
21 6 14
21 9 34
21 10 19
21 12 32
21 13 45
21 15 37
21 18 15
21 19 29
21 20 36
22 2 36
22 4 32
22 7 17
22 11 5
22 17 19
22 18 32
22 20 33
23 2 12
23 4 23
23 9 48
23 11 36
23 13 16
23 15 28
23 18 18
23 19 5
23 20 39
23 21 1
24 0 36
24 2 3
24 3 12
24 5 22
24 6 49
24 7 38
24 10 16
24 13 36
24 20 48
24 21 24
24 22 37
25 0 35
25 2 21
25 3 9
25 4 8
25 6 16
25 7 23
25 8 30
25 9 1
25 10 23
25 12 8
25 13 35
25 17 43
25 19 19
25 20 21
25 23 27
25 24 18
26 0 39
26 2 19
26 3 22
26 4 16
26 8 5
26 9 29
26 10 33
26 12 4
26 15 14
26 17 36
26 18 9
26 20 49
26 21 44
26 25 34
27 0 24
27 6 14
27 9 26
27 10 17
27 14 44
27 21 7
27 22 12
27 23 43
27 24 20
28 0 38
28 1 36
28 4 50
28 5 12
28 6 40
28 8 17
28 10 31
28 11 26
28 12 16
28 15 2
28 21 31
28 22 3
28 24 6
28 27 28
29 0 26
29 2 12
29 4 47
29 5 50
29 6 22
29 7 12
29 10 45
29 11 27
29 13 49
29 16 27
29 19 22
29 21 25
29 23 43
29 25 45
29 26 9
29 27 31
30 1 21
30 2 50
30 3 40
30 8 10
30 9 11
30 10 10
30 12 47
30 13 31
30 14 16
30 15 8
30 16 7
30 17 3
30 22 21
30 23 23
30 26 26
30 27 47
31 2 21
31 3 45
31 4 24
31 6 26
31 7 8
31 11 46
31 14 29
31 15 42
31 16 35
31 17 24
31 18 36
31 21 3
31 22 41
31 25 34
31 28 25
32 0 21
32 1 18
32 3 7
32 4 36
32 5 18
32 6 36
32 7 5
32 9 6
32 10 45
32 12 7
32 13 6
32 15 12
32 16 18
32 17 6
32 19 5
32 20 2
32 21 36
32 22 25
32 23 50
32 27 17
32 28 47
32 30 15
33 0 46
33 1 48
33 3 9
33 5 33
33 6 20
33 7 45
33 8 36
33 12 33
33 13 6
33 14 44
33 16 28
33 18 45
33 20 36
33 26 29
33 29 29
33 30 21
33 32 3
34 0 9
34 2 47
34 3 23
34 7 33
34 8 48
34 9 20
34 10 27
34 11 27
34 14 16
34 17 22
34 19 2
34 21 37
34 22 20
34 24 16
34 25 2
34 26 28
34 27 35
34 28 41
34 31 49
34 32 20
35 0 36
35 1 36
35 3 33
35 4 49
35 5 5
35 7 23
35 9 28
35 10 27
35 17 44
35 18 45
35 19 4
35 20 44
35 21 21
35 22 45
35 23 8
35 24 31
35 26 42
35 27 14
35 29 27
35 31 31
35 32 41
35 33 34
36 0 38
36 1 29
36 3 20
36 4 15
36 7 22
36 8 2
36 9 4
36 10 11
36 11 26
36 13 5
36 16 4
36 18 18
36 22 27
36 23 8
36 25 6
36 27 11
36 32 3
36 35 48
37 0 19
37 2 18
37 5 17
37 6 2
37 13 1
37 14 13
37 21 32
37 22 34
37 26 17
37 28 11
37 31 21
37 32 49
37 34 21
37 35 29
37 36 3
38 0 44
38 2 27
38 5 3
38 8 18
38 10 3
38 11 25
38 17 24
38 18 5
38 19 23
38 20 13
38 24 19
38 25 10
38 27 5
38 28 14
38 30 22
38 32 10
38 33 40
38 37 17
39 0 48
39 2 41
39 3 6
39 5 28
39 7 20
39 8 50
39 13 20
39 15 15
39 17 45
39 23 15
39 25 49
39 26 45
39 29 39
39 31 11
39 32 25
39 33 25
39 37 31
