70
4 1 58
4 2 21
4 3 43
5 1 31
5 3 31
6 2 20
6 3 6
6 5 75
7 4 78
8 0 52
8 1 26
8 2 55
8 5 82
8 7 80
9 0 2
9 2 3
9 4 22
9 5 50
9 6 11
9 7 86
9 8 91
10 0 43
10 7 59
10 8 22
11 2 10
11 4 10
11 5 48
11 8 26
11 9 76
12 0 84
12 1 5
12 2 83
12 3 32
12 5 6
12 8 70
12 11 81
13 0 73
13 2 55
13 4 34
13 8 98
13 11 68
14 0 54
14 1 96
14 2 45
14 3 91
14 4 12
14 8 93
14 9 44
14 11 97
14 12 43
14 13 27
15 1 31
15 5 4
15 6 82
15 8 50
15 10 87
15 11 32
15 14 64
16 0 51
16 1 83
16 3 91
16 8 24
16 11 13
16 12 62
16 13 65
16 14 82
17 0 58
17 2 4
17 5 44
17 6 16
17 8 48
17 9 69
17 11 58
17 14 19
17 15 6
17 16 95
18 0 64
18 1 40
18 4 17
18 6 60
18 7 99
18 10 1
18 11 74
18 12 11
18 14 55
18 16 67
18 17 20
19 0 45
19 2 97
19 3 12
19 5 52
19 6 6
19 7 8
19 10 82
19 11 55
19 13 42
19 14 46
19 15 88
19 16 80
19 18 68
20 0 80
20 3 16
20 5 98
20 10 82
20 11 44
20 12 6
20 13 97
20 15 13
20 16 41
20 19 88
21 1 61
21 3 26
21 4 35
21 5 32
21 6 28
21 7 91
21 11 29
21 12 66
21 13 43
21 15 65
21 16 27
21 18 2
21 19 30
21 20 32
22 0 18
22 2 11
22 5 16
22 9 54
22 11 96
22 12 40
22 13 99
22 14 80
22 15 6
22 21 10
23 0 97
23 1 26
23 4 87
23 5 100
23 6 16
23 9 77
23 11 64
23 14 15
23 15 71
23 17 91
23 19 70
23 22 80
24 0 83
24 2 12
24 3 43
24 12 13
24 14 79
24 16 38
24 17 82
24 20 6
24 21 27
25 1 72
25 2 75
25 5 91
25 8 11
25 9 100
25 10 88
25 12 22
25 14 40
25 15 78
25 16 67
25 20 50
25 22 94
25 24 74
26 1 99
26 3 56
26 4 79
26 5 3
26 7 11
26 11 97
26 14 14
26 15 45
26 22 63
26 23 80
26 25 35
27 0 95
27 3 77
27 6 75
27 8 11
27 9 16
27 12 62
27 13 14
27 16 40
27 17 6
27 20 67
27 23 47
27 25 84
28 2 35
28 3 7
28 4 16
28 5 35
28 6 100
28 7 66
28 8 74
28 13 69
28 14 66
28 15 4
28 16 82
28 18 81
28 22 16
28 23 51
28 24 56
28 25 85
28 26 21
29 1 15
29 3 34
29 5 80
29 8 23
29 9 56
29 10 25
29 11 20
29 15 94
29 16 100
29 19 59
29 20 58
29 21 86
29 23 40
29 26 90
30 0 61
30 1 93
30 4 79
30 6 85
30 13 71
30 14 99
30 16 54
30 19 28
30 20 58
30 21 84
30 22 51
30 23 28
30 25 89
30 28 33
30 29 8
31 0 51
31 2 65
31 4 96
31 6 45
31 7 50
31 9 94
31 10 25
31 11 81
31 15 73
31 16 50
31 17 86
31 19 10
31 20 30
31 23 69
31 24 2
31 28 13
31 30 63
32 3 77
32 9 96
32 10 26
32 11 10
32 17 80
32 22 64
32 24 53
32 25 71
32 26 20
32 30 14
32 31 27
33 0 77
33 2 1
33 4 6
33 7 30
33 9 38
33 11 13
33 13 41
33 14 80
33 17 75
33 19 61
33 22 34
33 24 66
33 25 15
33 26 8
33 27 56
33 28 43
33 30 94
33 31 28
34 0 22
34 1 72
34 2 75
34 5 45
34 6 51
34 10 28
34 11 1
34 13 65
34 15 76
34 19 43
34 20 2
34 22 38
34 25 62
34 29 40
34 31 70
35 0 60
35 5 27
35 7 68
35 9 69
35 14 82
35 15 44
35 21 55
35 23 64
35 24 80
35 26 27
35 27 15
35 30 98
35 31 99
36 0 87
36 1 39
36 3 68
36 4 68
36 6 33
36 8 6
36 9 49
36 10 49
36 13 92
36 14 69
36 15 99
36 16 10
36 18 79
36 20 64
36 22 53
36 25 24
36 28 74
36 31 15
36 32 69
37 1 28
37 2 35
37 3 96
37 6 16
37 7 99
37 9 24
37 10 55
37 11 74
37 17 36
37 19 84
37 28 3
37 29 74
37 30 26
37 33 52
37 35 41
38 1 57
38 4 11
38 5 38
38 6 10
38 12 72
38 13 56
38 15 73
38 16 71
38 19 12
38 22 92
38 24 64
38 25 62
38 26 62
38 27 32
38 29 14
38 30 69
38 31 47
38 37 14
39 2 5
39 4 98
39 5 12
39 8 58
39 9 86
39 10 95
39 11 66
39 16 27
39 17 88
39 19 30
39 21 36
39 26 38
39 27 9
39 30 75
39 32 68
39 36 63
39 37 54
40 2 25
40 3 62
40 4 38
40 7 18
40 8 94
40 9 64
40 10 32
40 12 6
40 13 61
40 15 5
40 18 44
40 20 23
40 22 9
40 23 63
40 27 43
40 28 24
40 29 14
40 31 3
40 34 70
40 36 47
40 37 97
40 38 94
40 39 97
41 1 47
41 2 91
41 3 32
41 4 49
41 6 66
41 8 36
41 9 60
41 11 82
41 14 53
41 21 93
41 22 12
41 23 67
41 25 63
41 26 48
41 27 74
41 28 41
41 33 78
41 35 38
42 2 5
42 3 11
42 4 73
42 9 50
42 12 91
42 13 97
42 16 14
42 17 59
42 22 18
42 25 86
42 27 44
42 28 87
42 30 32
42 32 39
42 33 87
42 34 10
42 36 54
42 38 27
42 39 8
42 41 23
43 0 35
43 1 3
43 4 52
43 7 28
43 11 65
43 12 73
43 15 43
43 18 10
43 21 73
43 22 28
43 26 71
43 27 7
43 29 16
43 30 68
43 31 9
43 32 99
43 34 80
43 35 78
43 36 84
43 38 45
43 40 82
43 41 41
44 0 81
44 1 78
44 6 68
44 8 1
44 9 99
44 10 78
44 11 6
44 13 56
44 15 6
44 20 82
44 21 94
44 23 8
44 24 5
44 25 47
44 26 70
44 29 36
44 30 78
44 32 68
44 35 82
44 37 65
44 38 13
44 39 29
44 41 37
44 42 8
44 43 47
45 1 55
45 3 80
45 4 61
45 5 66
45 6 16
45 7 98
45 8 58
45 11 84
45 14 97
45 15 96
45 18 36
45 19 62
45 21 44
45 24 54
45 26 96
45 29 50
45 30 93
45 35 85
45 40 65
46 0 10
46 1 39
46 2 68
46 4 78
46 7 33
46 8 36
46 12 62
46 13 46
46 15 99
46 16 82
46 17 84
46 18 36
46 19 70
46 21 39
46 26 10
46 27 26
46 29 83
46 30 8
46 32 64
46 37 21
46 38 28
46 42 68
46 43 64
47 0 91
47 1 23
47 4 95
47 5 31
47 6 3
47 7 76
47 9 25
47 10 79
47 16 4
47 18 80
47 20 49
47 21 47
47 22 81
47 23 33
47 25 91
47 26 85
47 27 40
47 28 67
47 29 17
47 31 81
47 32 7
47 35 30
47 39 22
47 40 29
47 42 3
47 44 54
47 45 48
47 46 2
48 1 38
48 3 84
48 4 58
48 5 100
48 6 67
48 9 13
48 10 86
48 11 80
48 12 91
48 13 13
48 14 28
48 18 21
48 25 27
48 26 57
48 27 18
48 30 96
48 32 17
48 37 85
48 39 35
48 40 50
48 43 47
48 44 81
48 45 55
48 46 90
48 47 15
49 0 12
49 4 6
49 5 82
49 6 73
49 9 18
49 14 50
49 19 70
49 20 37
49 21 65
49 22 37
49 24 38
49 26 61
49 30 67
49 32 24
49 34 25
49 38 3
49 39 40
50 0 86
50 2 33
50 3 50
50 5 23
50 6 63
50 7 57
50 12 37
50 15 100
50 16 47
50 17 85
50 19 28
50 29 24
50 30 5
50 31 52
50 34 50
50 35 96
50 37 27
50 41 29
50 48 58
51 5 32
51 7 71
51 8 55
51 11 95
51 12 88
51 13 67
51 15 94
51 17 48
51 18 88
51 20 85
51 21 30
51 22 23
51 23 37
51 25 77
51 26 35
51 28 78
51 29 96
51 34 83
51 36 98
51 37 60
51 38 67
51 39 32
51 44 15
51 46 71
51 47 7
52 2 12
52 5 41
52 6 55
52 8 83
52 12 10
52 13 2
52 15 83
52 16 36
52 18 72
52 22 45
52 23 1
52 27 47
52 28 88
52 29 82
52 30 3
52 33 99
52 35 17
52 39 80
52 40 85
52 41 44
52 44 36
52 47 67
52 48 32
52 49 34
52 50 7
52 51 68
53 0 67
53 1 72
53 2 52
53 3 84
53 5 63
53 7 61
53 9 95
53 11 26
53 12 67
53 13 31
53 14 48
53 16 1
53 17 36
53 18 35
53 21 46
53 22 6
53 23 42
53 25 64
53 27 88
53 28 6
53 29 34
53 32 93
53 34 95
53 35 1
53 40 62
53 41 72
53 45 22
53 49 23
54 0 80
54 1 72
54 4 22
54 5 60
54 7 39
54 8 40
54 9 51
54 11 100
54 12 50
54 16 40
54 17 64
54 18 85
54 20 32
54 26 28
54 29 58
54 35 17
54 36 8
54 38 77
54 40 84
54 41 47
54 43 36
54 45 79
54 46 34
54 47 81
54 50 8
54 52 21
55 0 36
55 2 27
55 4 61
55 6 7
55 7 94
55 8 21
55 12 78
55 13 12
55 15 40
55 19 82
55 22 12
55 25 52
55 30 91
55 31 60
55 32 81
55 33 93
55 34 57
55 35 77
55 36 86
55 38 48
55 39 49
55 45 67
55 46 7
55 48 11
55 49 100
55 51 68
55 54 17
56 1 100
56 4 12
56 6 89
56 7 15
56 8 39
56 10 72
56 12 77
56 13 81
56 15 26
56 17 4
56 19 78
56 21 30
56 24 72
56 25 38
56 26 91
56 27 86
56 29 98
56 30 73
56 32 30
56 34 52
56 35 18
56 37 19
56 38 37
56 39 23
56 40 58
56 42 31
56 43 67
56 47 70
56 52 79
57 4 7
57 5 51
57 7 13
57 11 78
57 15 67
57 16 28
57 20 14
57 23 94
57 27 24
57 30 23
57 31 40
57 32 72
57 33 43
57 34 34
57 35 16
57 38 12
57 39 17
57 40 55
57 41 6
57 42 63
57 46 7
57 49 49
57 51 88
57 55 67
58 0 19
58 1 65
58 2 19
58 4 67
58 5 94
58 7 80
58 8 40
58 9 32
58 11 41
58 12 83
58 17 68
58 21 36
58 24 67
58 25 35
58 26 32
58 27 15
58 28 46
58 30 5
58 31 47
58 33 10
58 38 25
58 40 17
58 45 4
58 48 54
58 49 90
58 51 88
58 53 91
58 56 60
58 57 2
59 0 29
59 2 71
59 7 98
59 9 36
59 10 66
59 12 70
59 13 45
59 15 75
59 20 93
59 21 56
59 22 85
59 25 95
59 30 5
59 31 15
59 32 44
59 33 67
59 35 26
59 37 45
59 39 53
59 40 14
59 47 77
59 48 39
59 51 57
59 52 26
59 53 73
59 55 8
59 57 71
59 58 36
60 1 99
60 2 19
60 3 25
60 6 3
60 8 60
60 9 100
60 11 2
60 12 52
60 13 95
60 16 25
60 18 74
60 20 90
60 21 31
60 22 26
60 24 83
60 28 99
60 29 29
60 31 99
60 32 36
60 34 53
60 35 6
60 36 71
60 37 48
60 38 47
60 44 54
60 45 11
60 49 39
60 53 47
60 54 12
60 55 41
60 56 4
60 59 87
61 2 87
61 5 68
61 6 3
61 10 19
61 11 17
61 13 8
61 14 36
61 16 56
61 20 16
61 21 12
61 22 32
61 23 20
61 24 85
61 25 29
61 27 92
61 28 16
61 30 5
61 31 16
61 32 11
61 34 44
61 35 39
61 37 71
61 40 38
61 43 11
61 45 25
61 47 16
61 48 93
61 54 83
61 55 27
61 58 78
61 59 42
62 1 18
62 3 67
62 4 51
62 5 36
62 6 4
62 7 2
62 9 78
62 11 90
62 12 87
62 14 39
62 16 67
62 17 78
62 18 12
62 19 49
62 20 81
62 21 63
62 22 93
62 23 14
62 25 55
62 29 75
62 34 61
62 36 53
62 39 42
62 41 82
62 42 57
62 43 75
62 44 60
62 45 28
62 55 7
62 61 94
63 0 70
63 1 15
63 2 80
63 3 63
63 4 91
63 5 79
63 8 68
63 10 51
63 11 38
63 16 37
63 17 30
63 20 24
63 21 82
63 24 1
63 25 49
63 26 71
63 27 80
63 28 76
63 29 35
63 30 82
63 36 36
63 37 90
63 40 32
63 41 73
63 42 9
63 44 40
63 45 80
63 47 78
63 48 12
63 50 83
63 51 15
63 52 76
63 54 48
63 55 95
63 56 66
63 57 99
63 58 88
63 59 26
63 60 95
63 62 83
64 5 40
64 6 9
64 7 21
64 8 8
64 10 98
64 12 48
64 13 64
64 14 95
64 15 17
64 16 46
64 17 53
64 18 51
64 22 90
64 24 35
64 25 40
64 27 47
64 29 34
64 31 61
64 32 83
64 37 13
64 38 56
64 39 4
64 40 86
64 45 92
64 46 99
64 47 83
64 48 22
64 49 53
64 50 16
64 51 50
64 52 66
64 53 69
64 57 48
64 58 32
64 60 88
65 0 31
65 2 17
65 3 2
65 5 58
65 6 40
65 10 24
65 14 29
65 17 33
65 19 62
65 22 50
65 23 90
65 26 45
65 28 44
65 30 10
65 31 59
65 33 31
65 38 75
65 40 98
65 43 92
65 45 48
65 46 84
65 47 96
65 50 61
65 54 75
65 57 34
65 61 1
65 64 46
66 1 88
66 3 58
66 4 33
66 6 83
66 11 60
66 12 51
66 13 67
66 18 9
66 19 70
66 22 69
66 24 34
66 27 27
66 32 21
66 34 16
66 37 98
66 38 72
66 42 94
66 44 42
66 46 26
66 50 6
66 51 71
66 52 62
66 53 39
66 55 99
66 56 25
66 57 48
66 58 64
66 60 24
66 62 38
67 1 100
67 4 44
67 7 68
67 8 50
67 9 20
67 14 39
67 15 53
67 17 29
67 20 89
67 21 4
67 22 35
67 23 28
67 24 72
67 28 37
67 29 94
67 32 27
67 35 38
67 36 5
67 37 12
67 39 50
67 40 10
67 41 100
67 43 18
67 45 6
67 46 23
67 48 4
67 49 69
67 53 61
67 54 35
67 58 10
67 59 77
67 60 74
67 62 54
67 63 11
67 64 80
67 65 87
67 66 32
68 1 82
68 2 80
68 6 87
68 8 52
68 9 9
68 10 86
68 13 48
68 14 89
68 15 87
68 16 38
68 17 56
68 18 38
68 21 23
68 24 51
68 27 53
68 28 23
68 29 5
68 30 10
68 32 29
68 33 54
68 35 20
68 36 75
68 37 46
68 38 52
68 39 56
68 41 86
68 43 37
68 47 38
68 48 82
68 51 14
68 55 26
68 57 56
68 60 34
68 63 76
68 65 84
68 67 34
69 0 91
69 2 22
69 4 36
69 5 34
69 6 67
69 7 98
69 8 45
69 9 74
69 14 96
69 15 75
69 16 11
69 17 59
69 19 79
69 20 18
69 21 48
69 22 45
69 23 26
69 24 14
69 25 50
69 26 34
69 31 34
69 33 5
69 39 13
69 40 75
69 43 27
69 44 100
69 45 12
69 52 84
69 53 39
69 59 62
69 60 12
69 61 62
69 66 12
69 68 35
