35
3 2 20
4 0 17
4 2 7
5 0 77
5 1 32
5 2 31
6 3 48
6 4 57
7 3 26
7 4 61
7 5 23
7 6 14
8 2 44
8 3 19
8 4 26
8 7 1
9 1 49
9 2 99
9 5 9
9 6 77
9 7 97
10 2 34
10 4 27
10 5 11
10 6 7
10 7 42
11 5 39
11 6 84
11 8 24
11 9 53
11 10 62
12 2 60
12 3 90
12 4 76
12 6 81
12 7 46
12 8 85
12 10 39
12 11 79
13 0 25
13 3 86
13 4 95
13 6 9
13 8 28
13 9 80
13 12 46
14 1 24
14 3 56
14 4 26
14 7 10
14 10 33
15 4 7
15 5 94
15 7 19
15 8 66
15 9 33
15 12 63
15 13 15
16 0 54
16 3 15
16 5 81
16 7 13
16 11 30
16 15 96
17 1 32
17 2 75
17 3 17
17 4 95
17 5 41
17 8 90
17 9 60
17 13 93
18 1 61
18 5 34
18 8 93
18 9 61
18 11 70
18 12 83
18 14 87
19 0 55
19 3 10
19 6 17
19 9 26
19 11 64
19 13 73
19 16 77
19 18 73
20 1 73
20 3 66
20 5 96
20 8 76
20 9 57
20 10 38
20 12 14
20 14 51
20 15 20
21 3 42
21 4 91
21 5 96
21 8 55
21 9 57
21 10 91
21 11 36
21 15 71
21 17 70
21 18 4
21 19 96
22 0 65
22 1 21
22 2 94
22 3 30
22 5 60
22 7 10
22 8 13
22 15 24
22 16 35
23 1 91
23 2 21
23 3 4
23 5 44
23 9 47
23 13 17
23 15 5
23 16 95
23 20 32
23 21 27
24 8 41
24 9 67
24 10 22
24 12 16
24 15 39
24 16 12
24 18 3
24 19 99
24 21 38
24 22 76
25 3 76
25 5 67
25 8 25
25 10 96
25 13 71
25 17 78
25 22 88
25 23 38
25 24 17
26 0 36
26 1 69
26 2 7
26 3 74
26 4 1
26 7 10
26 8 98
26 10 95
26 13 79
26 15 82
26 16 74
26 18 84
26 20 11
26 21 24
26 24 74
27 0 77
27 2 30
27 3 98
27 6 58
27 7 99
27 9 40
27 11 53
27 14 92
27 16 80
27 17 73
27 18 34
27 21 79
27 22 99
28 2 27
28 4 39
28 5 29
28 8 1
28 9 79
28 10 21
28 11 9
28 13 24
28 16 34
28 17 84
28 18 63
28 21 85
28 22 67
28 23 90
28 24 22
28 25 90
29 0 81
29 2 99
29 5 35
29 6 17
29 7 86
29 11 66
29 12 3
29 17 26
29 18 19
29 20 39
29 21 29
29 24 60
29 25 72
29 26 7
30 3 29
30 4 45
30 7 62
30 8 84
30 9 91
30 12 57
30 13 46
30 15 88
30 17 94
30 19 7
30 20 96
30 21 16
30 23 47
30 24 46
30 26 71
30 27 35
31 0 100
31 2 42
31 5 88
31 6 9
31 9 66
31 10 88
31 11 91
31 12 69
31 14 66
31 15 73
31 17 42
31 18 81
31 19 80
31 20 58
31 21 95
31 22 42
31 24 43
31 27 54
31 28 4
31 30 78
32 1 20
32 2 54
32 3 11
32 4 97
32 5 78
32 6 5
32 8 10
32 9 52
32 12 60
32 13 43
32 15 60
32 16 47
32 18 68
32 19 64
32 22 20
33 0 45
33 2 58
33 3 60
33 4 54
33 5 8
33 11 48
33 12 28
33 13 48
33 14 44
33 15 51
33 17 66
33 20 51
33 23 90
33 24 38
33 30 57
33 31 12
33 32 60
34 0 51
34 2 60
34 4 33
34 5 2
34 8 15
34 9 52
34 11 27
34 13 44
34 14 21
34 15 55
34 16 86
34 17 41
34 19 18
34 21 9
34 22 39
34 26 85
34 29 98
34 30 49
34 32 77
