65
2 0 51
3 0 64
3 2 83
5 1 53
5 3 91
6 2 53
6 3 67
6 5 69
7 0 59
7 3 82
7 4 63
7 5 3
8 0 28
8 1 7
8 3 80
8 4 24
8 6 13
9 1 27
9 6 72
9 8 62
10 0 62
10 2 44
10 4 32
10 5 13
10 6 8
10 8 86
10 9 35
11 1 4
11 2 5
11 3 53
11 4 33
11 6 6
11 7 61
11 8 21
11 9 98
12 0 5
12 2 94
12 3 53
12 8 54
12 9 80
12 10 49
13 0 43
13 1 30
13 2 91
13 3 47
13 4 95
13 6 92
13 7 34
13 11 94
14 0 72
14 1 79
14 2 56
14 3 94
14 7 99
14 9 63
14 11 4
14 12 38
14 13 35
15 1 41
15 5 3
15 6 33
15 7 49
15 10 81
15 11 73
16 2 10
16 3 68
16 5 13
16 7 42
16 8 18
16 9 83
16 10 36
16 11 51
16 13 37
16 14 44
17 0 82
17 3 30
17 6 88
17 8 59
17 9 36
17 14 74
17 16 16
18 0 14
18 2 85
18 5 55
18 12 23
18 17 26
19 0 74
19 1 24
19 2 49
19 3 14
19 4 87
19 5 34
19 6 49
19 9 53
19 10 94
19 11 2
19 14 10
19 15 29
19 17 100
20 0 68
20 1 93
20 4 57
20 5 53
20 6 89
20 7 31
20 10 42
20 15 11
20 18 29
20 19 90
21 2 92
21 3 26
21 4 32
21 5 76
21 9 53
21 10 99
21 14 29
21 15 81
21 17 90
21 18 33
21 19 80
21 20 80
22 5 87
22 6 48
22 8 48
22 9 62
22 16 73
22 17 82
22 19 73
22 21 27
23 0 44
23 1 8
23 4 48
23 6 85
23 10 66
23 15 12
23 16 96
23 17 48
23 21 60
23 22 54
24 0 52
24 3 22
24 7 48
24 9 86
24 10 30
24 11 68
24 12 39
24 15 80
24 17 24
24 23 62
25 1 1
25 11 65
25 12 2
25 14 74
25 15 10
25 18 54
25 22 45
25 23 80
25 24 39
26 2 87
26 3 56
26 9 100
26 13 15
26 14 24
26 16 73
26 18 27
26 20 84
26 21 27
26 24 97
26 25 80
27 0 69
27 2 43
27 7 21
27 9 89
27 11 61
27 12 75
27 15 25
27 18 69
27 19 47
27 20 46
27 23 25
27 25 18
28 1 41
28 3 71
28 4 2
28 11 90
28 13 77
28 15 24
28 16 37
28 18 21
28 19 75
28 20 54
28 22 30
28 23 39
28 24 70
28 26 91
28 27 38
29 0 74
29 4 97
29 5 79
29 6 22
29 7 98
29 14 55
29 17 65
29 18 82
29 21 41
29 23 2
29 24 14
29 25 27
29 27 65
29 28 73
30 0 5
30 1 56
30 4 91
30 8 29
30 9 61
30 12 25
30 13 22
30 14 56
30 15 8
30 22 10
30 25 84
30 28 98
31 2 82
31 4 100
31 5 97
31 6 97
31 7 66
31 9 5
31 10 82
31 11 68
31 13 79
31 17 51
31 22 64
31 24 90
31 25 87
31 27 43
31 29 47
31 30 99
32 1 75
32 2 76
32 3 47
32 5 25
32 7 100
32 8 89
32 10 80
32 12 87
32 13 91
32 14 71
32 16 39
32 17 70
32 18 72
32 20 33
32 23 24
32 27 50
32 30 1
32 31 91
33 4 71
33 6 57
33 8 58
33 11 37
33 13 1
33 14 51
33 17 18
33 18 16
33 20 37
33 21 21
33 22 16
33 26 63
33 31 30
33 32 77
34 0 13
34 1 53
34 2 92
34 3 92
34 8 9
34 11 68
34 13 50
34 14 95
34 15 41
34 16 3
34 17 3
34 18 96
34 19 72
34 23 29
34 24 70
34 32 22
35 0 18
35 2 93
35 8 16
35 11 28
35 12 33
35 14 99
35 18 21
35 19 60
35 20 22
35 21 66
35 23 23
35 28 77
35 30 16
35 32 21
35 33 28
35 34 57
36 0 88
36 3 44
36 4 36
36 5 70
36 6 27
36 7 58
36 8 93
36 11 23
36 13 59
36 14 60
36 15 63
36 16 27
36 17 8
36 19 94
36 20 21
36 21 82
36 23 62
36 24 32
36 25 53
36 26 57
36 30 35
36 31 89
36 32 30
36 33 89
37 2 30
37 7 24
37 10 22
37 11 92
37 14 82
37 15 83
37 17 54
37 20 86
37 21 99
37 23 19
37 25 9
37 28 25
37 29 78
37 30 54
37 31 31
37 32 10
37 35 66
38 0 78
38 2 42
38 4 23
38 5 99
38 6 28
38 8 39
38 10 69
38 12 66
38 15 82
38 16 66
38 17 69
38 18 15
38 20 15
38 23 77
38 24 77
38 27 8
38 28 41
38 30 23
38 34 100
38 37 46
39 2 63
39 3 38
39 4 39
39 5 7
39 6 14
39 7 56
39 9 35
39 10 91
39 11 30
39 12 71
39 13 89
39 15 9
39 17 22
39 20 17
39 23 45
39 24 25
39 25 69
39 26 89
39 28 52
39 29 26
39 30 31
39 31 46
39 32 12
39 33 16
39 35 15
39 36 51
39 37 95
39 38 30
40 1 24
40 2 38
40 3 89
40 7 43
40 9 85
40 12 44
40 13 6
40 14 6
40 15 33
40 18 57
40 19 49
40 20 26
40 22 94
40 23 48
40 25 21
40 26 44
40 28 8
40 29 2
40 33 48
40 35 43
40 37 91
40 39 46
41 0 32
41 1 42
41 2 89
41 3 55
41 5 41
41 7 100
41 8 67
41 9 13
41 11 56
41 12 93
41 15 76
41 16 90
41 23 41
41 24 89
41 25 14
41 26 28
41 27 36
41 28 14
41 29 46
41 30 70
41 31 5
41 32 67
41 33 56
41 34 41
41 35 9
41 39 14
42 0 28
42 2 70
42 4 19
42 5 91
42 7 25
42 9 76
42 13 63
42 14 99
42 16 9
42 23 83
42 27 16
42 28 13
42 29 16
42 31 17
42 38 95
43 0 52
43 1 14
43 2 26
43 3 19
43 5 65
43 6 43
43 7 98
43 11 65
43 12 6
43 16 65
43 19 43
43 24 7
43 25 62
43 26 9
43 27 1
43 28 10
43 30 17
43 31 63
43 33 83
43 35 35
43 36 93
43 40 28
44 0 93
44 2 71
44 12 89
44 13 26
44 15 16
44 16 77
44 17 19
44 18 27
44 19 9
44 20 78
44 21 45
44 22 87
44 25 14
44 28 11
44 30 44
44 32 57
44 39 87
44 41 22
44 42 98
44 43 91
45 0 66
45 4 60
45 6 19
45 7 2
45 10 8
45 11 58
45 12 68
45 13 43
45 14 100
45 16 44
45 18 28
45 19 13
45 20 68
45 22 66
45 23 78
45 24 40
45 29 63
45 32 24
45 33 10
45 34 79
45 36 19
45 37 57
45 38 20
45 40 26
45 41 66
45 44 21
46 1 16
46 2 78
46 5 35
46 11 41
46 14 20
46 16 21
46 17 4
46 18 14
46 20 32
46 21 49
46 23 70
46 25 76
46 27 97
46 28 20
46 29 100
46 31 50
46 36 50
46 40 6
46 42 21
47 1 22
47 4 10
47 5 56
47 7 60
47 8 40
47 10 91
47 11 41
47 12 36
47 13 48
47 15 9
47 16 61
47 17 33
47 18 3
47 19 59
47 20 31
47 22 84
47 23 54
47 24 70
47 26 9
47 28 5
47 29 56
47 32 1
47 37 41
47 38 35
47 39 61
47 40 31
47 46 58
48 3 25
48 5 83
48 6 86
48 8 7
48 9 63
48 11 63
48 13 66
48 14 94
48 15 27
48 17 9
48 20 39
48 21 61
48 24 74
48 27 80
48 29 25
48 30 3
48 33 61
48 34 71
48 36 44
48 37 14
48 38 98
48 39 56
48 40 95
48 41 53
48 42 57
48 46 76
48 47 23
49 0 27
49 3 37
49 4 70
49 7 9
49 8 61
49 10 78
49 13 12
49 18 57
49 23 13
49 25 66
49 27 64
49 30 26
49 31 14
49 32 78
49 34 60
49 35 89
49 36 63
49 37 76
49 45 35
49 47 36
50 0 36
50 2 33
50 3 46
50 5 72
50 6 13
50 7 89
50 8 19
50 9 54
50 10 49
50 12 15
50 15 16
50 16 37
50 17 94
50 18 92
50 19 57
50 21 62
50 25 99
50 26 24
50 28 70
50 31 13
50 34 87
50 38 64
50 39 32
50 42 67
50 45 54
50 46 12
50 48 56
51 1 1
51 3 59
51 7 66
51 9 6
51 12 81
51 16 86
51 19 54
51 21 61
51 24 90
51 26 48
51 28 37
51 29 94
51 30 38
51 31 31
51 33 5
51 34 70
51 36 92
51 37 31
51 39 100
51 40 65
51 42 62
51 47 70
51 49 14
52 2 14
52 3 16
52 4 93
52 5 8
52 6 29
52 7 19
52 10 55
52 13 48
52 16 44
52 17 89
52 20 23
52 21 9
52 22 59
52 25 79
52 26 13
52 28 92
52 29 85
52 30 96
52 32 9
52 33 38
52 34 84
52 38 17
52 39 24
52 41 59
52 43 81
52 45 55
52 46 90
52 49 70
52 50 34
52 51 16
53 5 95
53 8 78
53 10 81
53 12 88
53 16 5
53 23 78
53 26 11
53 28 43
53 29 75
53 31 27
53 33 62
53 35 68
53 37 76
53 38 5
53 39 27
53 40 39
53 42 98
53 46 26
53 47 27
53 51 97
53 52 61
54 2 49
54 4 86
54 6 80
54 7 88
54 9 75
54 10 67
54 12 8
54 14 98
54 17 94
54 25 92
54 27 96
54 33 10
54 37 9
54 40 56
54 42 50
54 45 86
54 46 9
54 49 2
54 50 67
54 51 7
55 0 5
55 1 4
55 3 84
55 4 40
55 5 52
55 6 61
55 10 96
55 11 84
55 12 51
55 13 79
55 14 72
55 15 84
55 22 63
55 23 79
55 27 78
55 37 55
55 45 44
55 47 13
55 48 38
55 49 73
55 50 53
56 4 83
56 6 20
56 7 10
56 14 78
56 15 5
56 23 10
56 25 35
56 26 28
56 28 92
56 30 3
56 31 15
56 34 29
56 37 59
56 38 5
56 39 8
56 44 51
56 45 63
56 47 23
56 50 72
56 51 94
56 52 9
56 55 94
57 1 97
57 5 31
57 6 18
57 7 99
57 9 23
57 10 47
57 12 19
57 13 2
57 15 45
57 16 40
57 17 17
57 18 47
57 19 95
57 20 50
57 21 70
57 22 47
57 24 39
57 27 73
57 30 4
57 33 92
57 37 87
57 38 40
57 40 80
57 43 92
57 44 48
57 47 45
57 49 86
57 50 8
57 52 2
57 53 48
57 54 66
57 55 84
58 0 34
58 2 37
58 3 31
58 8 8
58 9 48
58 10 27
58 14 88
58 15 61
58 16 6
58 17 91
58 18 14
58 19 83
58 23 83
58 24 81
58 26 59
58 27 87
58 33 77
58 35 24
58 37 82
58 38 53
58 40 5
58 41 32
58 43 49
58 45 39
58 49 93
58 50 44
58 52 2
59 0 97
59 2 62
59 3 23
59 4 9
59 6 58
59 10 19
59 11 55
59 13 47
59 16 33
59 18 59
59 19 7
59 20 43
59 21 23
59 22 76
59 23 17
59 26 59
59 27 67
59 30 48
59 31 62
59 33 40
59 35 18
59 37 97
59 38 39
59 39 36
59 41 5
59 45 58
59 48 20
59 52 17
59 53 44
59 54 37
60 0 48
60 2 32
60 5 38
60 6 84
60 8 66
60 11 65
60 12 95
60 14 96
60 18 21
60 19 77
60 20 67
60 22 62
60 25 68
60 26 68
60 27 6
60 28 37
60 29 25
60 30 76
60 31 10
60 32 87
60 33 63
60 38 81
60 39 50
60 40 8
60 42 61
60 43 46
60 44 25
60 47 36
60 48 12
60 50 29
60 51 24
60 53 92
60 57 3
60 59 99
61 1 7
61 2 86
61 4 73
61 7 63
61 10 30
61 11 30
61 13 71
61 15 31
61 16 92
61 21 30
61 22 63
61 23 41
61 27 36
61 30 48
61 31 34
61 32 27
61 34 16
61 40 24
61 41 28
61 45 76
61 48 19
61 49 39
61 52 78
61 53 32
61 54 70
61 55 95
61 56 80
62 0 21
62 1 97
62 4 53
62 7 45
62 8 57
62 10 24
62 11 20
62 13 97
62 16 52
62 17 40
62 18 34
62 19 58
62 21 48
62 22 94
62 23 7
62 24 100
62 25 6
62 27 72
62 29 30
62 31 13
62 32 92
62 34 16
62 35 15
62 36 11
62 38 29
62 40 73
62 41 21
62 42 49
62 46 6
62 47 77
62 50 3
62 51 28
62 55 19
62 58 3
62 59 77
62 60 14
62 61 93
63 1 1
63 2 37
63 3 75
63 6 73
63 9 69
63 14 46
63 15 27
63 18 65
63 22 24
63 26 95
63 27 28
63 28 81
63 29 3
63 30 7
63 31 25
63 33 57
63 37 25
63 44 59
63 46 100
63 51 74
63 54 86
63 55 56
63 56 54
63 57 6
63 59 90
63 60 5
63 61 7
63 62 85
64 5 92
64 7 72
64 8 77
64 9 87
64 11 81
64 13 20
64 14 2
64 15 86
64 16 56
64 17 20
64 22 28
64 26 74
64 28 15
64 29 45
64 30 88
64 33 81
64 34 36
64 35 100
64 36 54
64 39 17
64 40 76
64 41 66
64 42 24
64 45 20
64 49 2
64 50 98
64 51 20
64 52 33
64 53 67
64 55 59
64 56 66
64 57 91
64 59 83
64 60 65
64 62 51
64 63 93
