35
2 1 48
3 0 13
3 2 15
4 0 1
4 1 38
4 2 11
5 1 1
5 3 34
5 4 3
6 0 41
6 3 41
6 5 36
7 0 32
7 3 34
7 4 5
7 5 30
7 6 16
8 1 7
8 2 36
8 3 16
8 4 19
8 5 1
8 7 12
9 0 18
9 5 21
9 6 5
9 7 46
10 1 31
10 4 42
10 5 36
10 7 12
10 9 49
11 1 11
11 2 12
11 4 18
11 5 36
11 9 6
12 1 5
12 2 40
12 5 5
12 7 19
12 8 38
13 1 1
13 2 27
13 4 8
13 6 23
13 7 43
13 8 29
13 9 48
13 12 19
14 0 23
14 1 48
14 2 26
14 4 29
14 5 8
14 8 47
14 9 22
14 12 46
14 13 20
15 0 6
15 1 24
15 5 26
15 10 10
15 13 3
16 2 14
16 5 23
16 7 37
16 11 36
16 13 17
16 14 26
16 15 9
17 0 24
17 1 17
17 3 7
17 5 31
17 6 28
17 8 50
17 9 37
17 12 48
17 15 42
18 0 23
18 3 13
18 5 43
18 6 16
18 7 5
18 12 46
18 13 47
18 14 37
18 16 20
18 17 15
19 0 26
19 2 39
19 3 20
19 7 29
19 9 33
19 13 5
19 17 7
19 18 18
20 2 43
20 4 40
20 5 25
20 8 30
20 11 18
20 12 37
20 13 43
20 15 42
20 17 29
20 19 3
21 2 25
21 3 46
21 6 33
21 7 26
21 12 10
21 14 29
21 15 13
21 16 18
21 17 1
22 1 27
22 3 6
22 5 12
22 6 35
22 9 14
22 11 26
22 14 22
22 16 8
22 18 5
22 20 23
23 0 21
23 3 44
23 4 43
23 5 36
23 6 34
23 7 3
23 8 46
23 9 46
23 10 11
23 11 46
23 12 16
23 14 15
23 17 27
23 18 9
23 20 14
23 21 13
23 22 41
24 0 49
24 5 15
24 6 36
24 8 43
24 9 10
24 10 22
24 15 17
24 16 49
24 18 31
24 19 39
24 22 31
25 0 50
25 3 34
25 4 25
25 5 15
25 6 11
25 7 19
25 8 35
25 9 49
25 10 33
25 12 19
25 13 17
25 14 36
25 18 7
25 20 44
25 21 11
25 23 13
25 24 11
26 2 43
26 4 49
26 5 24
26 7 13
26 9 46
26 11 20
26 12 30
26 13 5
26 17 46
26 20 23
26 23 49
26 24 7
27 0 29
27 1 38
27 3 5
27 5 25
27 6 10
27 7 2
27 9 21
27 10 14
27 12 47
27 13 12
27 15 30
27 19 20
27 22 18
27 23 23
27 24 48
27 25 46
27 26 38
28 4 38
28 7 26
28 8 2
28 9 18
28 10 31
28 12 21
28 13 20
28 14 46
28 21 47
28 23 42
28 25 27
29 2 16
29 4 21
29 5 14
29 12 44
29 13 7
29 15 12
29 16 9
29 17 7
29 18 44
29 21 4
29 23 25
29 25 2
29 26 36
29 27 45
29 28 1
30 0 5
30 1 45
30 4 36
30 6 37
30 7 20
30 8 5
30 14 21
30 17 33
30 18 24
30 21 4
30 24 46
30 27 39
30 28 48
31 2 26
31 3 9
31 5 2
31 7 41
31 9 26
31 12 48
31 13 21
31 14 18
31 15 41
31 16 10
31 20 20
31 21 20
31 22 10
31 24 34
31 25 33
31 27 20
31 29 4
31 30 16
32 0 29
32 1 32
32 3 30
32 5 22
32 6 15
32 7 6
32 11 17
32 12 2
32 13 44
32 14 35
32 18 19
32 20 15
32 21 13
32 22 6
32 23 38
32 24 22
32 25 39
32 26 20
32 28 28
32 30 8
32 31 47
33 3 13
33 4 25
33 11 45
33 13 39
33 15 38
33 18 9
33 20 31
33 24 34
33 25 5
33 27 38
33 28 4
33 30 20
34 0 29
34 1 6
34 3 21
34 4 50
34 9 7
34 11 27
34 13 30
34 14 39
34 18 45
34 21 39
34 22 41
34 23 30
34 25 1
34 28 3
34 29 18
34 31 16
34 32 40
34 33 24
