35
1 0 3
2 0 10
2 1 3
3 0 6
3 1 9
4 2 9
4 3 1
5 0 9
5 2 8
6 0 5
6 1 1
6 2 8
6 3 4
6 4 10
6 5 5
7 0 7
7 2 1
7 4 3
8 0 9
8 1 9
8 2 1
8 4 1
8 5 7
9 0 10
9 1 8
9 4 7
9 7 5
9 8 1
10 2 4
10 5 9
10 6 8
11 0 6
11 1 8
11 3 8
11 4 8
11 5 2
11 6 5
11 7 8
11 8 1
12 2 8
12 3 4
12 6 3
12 7 6
12 8 5
13 1 6
13 3 3
13 4 9
13 5 4
13 6 4
13 7 6
13 9 2
13 10 2
13 12 2
14 0 4
14 1 2
14 4 10
14 7 3
14 8 2
14 9 2
14 11 6
14 12 6
15 1 4
15 3 10
15 4 5
15 5 7
15 7 7
15 8 1
15 10 4
15 11 10
15 13 9
16 2 3
16 4 8
16 5 3
16 7 6
16 10 4
16 12 3
17 1 10
17 3 3
17 5 7
17 6 3
17 7 3
17 9 5
17 10 8
17 12 4
17 13 8
17 15 2
18 2 6
18 4 2
18 6 6
18 7 3
18 8 4
18 9 3
18 10 9
18 13 1
19 1 10
19 2 2
19 3 7
19 4 8
19 6 4
19 7 1
19 10 6
19 12 8
19 13 3
20 0 3
20 1 4
20 2 7
20 3 1
20 4 2
20 8 8
20 9 5
20 10 10
20 11 8
20 14 3
20 16 6
20 17 6
20 19 5
21 4 9
21 5 8
21 6 4
21 7 7
21 10 6
21 11 1
21 14 7
21 16 8
21 18 4
22 0 3
22 1 10
22 4 8
22 5 10
22 7 7
22 8 6
22 10 3
22 12 9
22 15 6
22 17 10
22 18 4
22 19 7
22 20 5
22 21 4
23 0 4
23 1 9
23 3 4
23 4 7
23 5 3
23 7 6
23 12 5
23 14 6
23 15 6
23 18 5
23 20 2
23 21 4
24 1 9
24 3 10
24 4 10
24 7 10
24 14 10
24 15 4
24 16 7
24 18 9
24 22 2
25 0 10
25 5 1
25 6 5
25 9 6
25 10 6
25 12 7
25 15 1
25 16 6
25 17 2
25 18 9
25 20 6
25 21 4
25 24 1
26 0 3
26 4 8
26 6 2
26 9 3
26 10 3
26 14 7
26 15 7
26 16 5
26 18 5
26 22 3
27 1 2
27 4 3
27 6 3
27 9 5
27 10 1
27 12 10
27 13 3
27 14 1
27 15 1
27 18 8
27 20 9
27 23 10
27 25 3
28 2 5
28 5 1
28 6 3
28 10 4
28 12 7
28 13 9
28 17 1
28 18 1
28 21 9
28 23 3
28 26 8
29 1 1
29 2 10
29 4 8
29 5 6
29 6 2
29 9 4
29 10 2
29 11 8
29 14 9
29 15 7
29 16 6
29 20 5
29 21 4
29 23 7
29 25 10
29 26 9
30 1 3
30 2 1
30 3 3
30 4 9
30 7 3
30 8 6
30 9 6
30 10 9
30 11 6
30 12 9
30 13 4
30 17 5
30 18 2
30 20 2
30 21 5
30 23 5
31 2 4
31 5 3
31 6 5
31 14 4
31 18 8
31 21 10
31 23 1
31 25 2
31 27 6
31 29 8
32 0 9
32 1 3
32 2 6
32 6 5
32 8 8
32 12 1
32 13 6
32 15 3
32 20 10
32 22 10
32 23 2
32 25 9
32 27 5
32 31 1
33 1 9
33 2 8
33 3 7
33 6 3
33 10 3
33 12 7
33 13 8
33 15 10
33 17 2
33 18 6
33 19 7
33 22 4
33 27 3
33 31 4
33 32 1
34 2 2
34 5 2
34 6 3
34 7 2
34 9 10
34 10 5
34 12 8
34 14 5
34 18 10
34 19 6
34 22 8
34 24 9
34 27 6
34 30 8
34 32 4
