20
2 0 4
2 1 4
3 1 4
3 2 7
4 0 7
4 1 9
4 2 4
5 2 2
5 3 4
5 4 8
6 2 10
6 3 5
7 0 6
7 2 9
7 6 8
8 0 7
8 2 9
8 3 9
8 6 3
9 0 8
9 3 7
9 7 1
9 8 8
10 1 9
10 3 5
10 4 5
10 5 8
10 8 1
11 0 3
11 3 7
11 8 5
11 9 8
11 10 8
12 0 3
12 1 7
12 3 5
12 4 4
12 6 10
12 7 3
12 8 1
12 9 4
13 5 4
14 0 9
14 6 10
14 7 4
14 10 9
14 11 4
14 13 3
15 0 6
15 1 8
15 2 1
15 3 5
15 5 6
15 7 9
15 8 4
15 11 5
15 13 5
15 14 3
16 0 1
16 5 5
16 9 10
16 11 1
16 12 8
17 0 4
17 2 3
17 6 8
17 9 3
17 11 3
17 12 4
17 14 3
17 15 10
18 0 9
18 2 4
18 3 6
18 4 8
18 6 5
18 7 6
18 9 4
18 11 3
18 12 1
18 13 1
18 14 5
18 15 2
18 16 6
18 17 1
19 0 9
19 2 3
19 5 7
19 7 6
19 8 7
19 13 3
19 15 1
19 17 7
19 18 5
