40
1 0 5
2 0 4
2 1 3
3 0 4
3 1 4
3 2 2
4 0 4
4 1 2
4 2 2
4 3 4
5 0 4
5 1 2
5 2 5
5 3 2
5 4 1
6 0 1
6 1 5
6 2 1
6 3 3
6 4 1
6 5 2
7 0 3
7 1 2
7 2 5
7 3 5
7 4 1
7 5 1
7 6 5
8 0 3
8 1 5
8 2 2
8 3 1
8 4 1
8 5 5
8 6 3
8 7 1
9 0 1
9 1 2
9 2 2
9 3 1
9 4 3
9 5 5
9 6 2
9 7 5
9 8 1
10 0 4
10 1 1
10 2 2
10 3 4
10 4 5
10 5 4
10 6 2
10 7 4
10 8 4
10 9 4
11 0 1
11 1 1
11 2 5
11 3 3
11 4 4
11 5 3
11 6 5
11 7 4
11 8 3
11 9 4
11 10 4
12 0 3
12 1 4
12 2 5
12 3 5
12 4 1
12 5 2
12 6 1
12 7 2
12 8 3
12 9 5
12 10 4
12 11 5
13 0 5
13 1 4
13 2 5
13 3 2
13 4 2
13 5 1
13 6 4
13 7 4
13 8 1
13 9 4
13 10 3
13 11 3
13 12 4
14 0 5
14 1 2
14 2 4
14 3 5
14 4 2
14 5 3
14 6 5
14 7 4
14 8 5
14 9 1
14 10 4
14 11 5
14 12 4
14 13 5
15 0 2
15 1 3
15 2 2
15 3 1
15 4 5
15 5 1
15 6 1
15 7 3
15 8 1
15 9 4
15 10 1
15 11 3
15 12 2
15 13 1
15 14 4
16 0 3
16 1 2
16 2 3
16 3 3
16 4 5
16 5 5
16 6 4
16 7 2
16 8 2
16 9 2
16 10 1
16 11 5
16 12 4
16 13 5
16 14 5
16 15 1
17 0 2
17 1 5
17 2 5
17 3 5
17 4 2
17 5 1
17 6 3
17 7 2
17 8 4
17 9 3
17 10 1
17 11 5
17 12 1
17 13 3
17 14 1
17 15 4
17 16 5
18 0 3
18 1 4
18 2 3
18 3 1
18 4 2
18 5 3
18 6 1
18 7 4
18 8 2
18 9 5
18 10 2
18 11 5
18 12 3
18 13 1
18 14 1
18 15 2
18 16 4
18 17 5
19 0 4
19 1 3
19 2 2
19 3 1
19 4 3
19 5 3
19 6 4
19 7 1
19 8 5
19 9 2
19 10 4
19 11 2
19 12 2
19 13 3
19 14 4
19 15 3
19 16 1
19 17 2
19 18 5
20 0 1
20 1 3
20 2 4
20 3 3
20 4 1
20 5 2
20 6 3
20 7 1
20 8 3
20 9 5
20 10 1
20 11 5
20 12 3
20 13 1
20 14 4
20 15 2
20 16 2
20 17 4
20 18 1
20 19 1
21 0 1
21 1 4
21 2 5
21 3 1
21 4 4
21 5 4
21 6 3
21 7 4
21 8 3
21 9 4
21 10 4
21 11 5
21 12 4
21 13 4
21 14 3
21 15 4
21 16 4
21 17 1
21 18 3
21 19 4
21 20 3
22 0 2
22 1 5
22 2 5
22 3 4
22 4 4
22 5 4
22 6 3
22 7 4
22 8 5
22 9 4
22 10 1
22 11 3
22 12 4
22 13 4
22 14 4
22 15 2
22 16 5
22 17 4
22 18 3
22 19 1
22 20 2
22 21 4
23 0 5
23 1 5
23 2 3
23 3 2
23 4 2
23 5 2
23 6 2
23 7 5
23 8 5
23 9 3
23 10 4
23 11 4
23 12 2
23 13 2
23 14 3
23 15 2
23 16 2
23 17 3
23 18 4
23 19 3
23 20 2
23 21 4
23 22 1
24 0 4
24 1 4
24 2 4
24 3 4
24 4 4
24 5 2
24 6 2
24 7 5
24 8 2
24 9 3
24 10 1
24 11 4
24 12 1
24 13 2
24 14 2
24 15 5
24 16 5
24 17 4
24 18 3
24 19 5
24 20 1
24 21 3
24 22 2
24 23 2
25 0 2
25 1 1
25 2 3
25 3 3
25 4 1
25 5 1
25 6 2
25 7 3
25 8 2
25 9 2
25 10 2
25 11 2
25 12 2
25 13 5
25 14 5
25 15 5
25 16 5
25 17 2
25 18 4
25 19 5
25 20 5
25 21 3
25 22 4
25 23 3
25 24 2
26 0 1
26 1 2
26 2 3
26 3 1
26 4 3
26 5 1
26 6 4
26 7 1
26 8 5
26 9 4
26 10 1
26 11 2
26 12 4
26 13 2
26 14 5
26 15 3
26 16 1
26 17 4
26 18 1
26 19 1
26 20 2
26 21 2
26 22 5
26 23 2
26 24 2
26 25 3
27 0 4
27 1 1
27 2 5
27 3 4
27 4 5
27 5 5
27 6 2
27 7 2
27 8 2
27 9 1
27 10 2
27 11 1
27 12 3
27 13 1
27 14 2
27 15 1
27 16 2
27 17 3
27 18 3
27 19 3
27 20 3
27 21 2
27 22 1
27 23 3
27 24 4
27 25 5
27 26 5
28 0 4
28 1 5
28 2 3
28 3 2
28 4 4
28 5 3
28 6 4
28 7 2
28 8 2
28 9 4
28 10 4
28 11 5
28 12 3
28 13 5
28 14 5
28 15 5
28 16 2
28 17 2
28 18 2
28 19 3
28 20 5
28 21 3
28 22 5
28 23 3
28 24 2
28 25 2
28 26 1
28 27 5
29 0 5
29 1 4
29 2 4
29 3 2
29 4 4
29 5 3
29 6 4
29 7 1
29 8 5
29 9 3
29 10 5
29 11 2
29 12 1
29 13 1
29 14 1
29 15 5
29 16 5
29 17 2
29 18 2
29 19 4
29 20 4
29 21 2
29 22 5
29 23 3
29 24 3
29 25 5
29 26 1
29 27 2
29 28 4
30 0 1
30 1 3
30 2 5
30 3 2
30 4 2
30 5 1
30 6 4
30 7 1
30 8 4
30 9 2
30 10 2
30 11 2
30 12 5
30 13 1
30 14 2
30 15 5
30 16 4
30 17 1
30 18 5
30 19 1
30 20 5
30 21 5
30 22 1
30 23 1
30 24 1
30 25 3
30 26 2
30 27 5
30 28 2
30 29 2
31 0 2
31 1 4
31 2 5
31 3 2
31 4 5
31 5 1
31 6 3
31 7 1
31 8 4
31 9 3
31 10 3
31 11 1
31 12 5
31 13 4
31 14 3
31 15 2
31 16 1
31 17 2
31 18 4
31 19 5
31 20 1
31 21 4
31 22 1
31 23 5
31 24 1
31 25 5
31 26 4
31 27 4
31 28 4
31 29 3
31 30 5
32 0 4
32 1 5
32 2 1
32 3 1
32 4 5
32 5 5
32 6 2
32 7 3
32 8 1
32 9 2
32 10 1
32 11 3
32 12 5
32 13 5
32 14 1
32 15 5
32 16 3
32 17 2
32 18 4
32 19 1
32 20 5
32 21 1
32 22 1
32 23 1
32 24 4
32 25 1
32 26 2
32 27 2
32 28 2
32 29 5
32 30 4
32 31 4
33 0 2
33 1 2
33 2 3
33 3 2
33 4 5
33 5 1
33 6 5
33 7 4
33 8 3
33 9 2
33 10 5
33 11 5
33 12 5
33 13 2
33 14 5
33 15 1
33 16 3
33 17 2
33 18 1
33 19 5
33 20 2
33 21 1
33 22 1
33 23 5
33 24 4
33 25 1
33 26 5
33 27 2
33 28 5
33 29 3
33 30 3
33 31 5
33 32 1
34 0 2
34 1 5
34 2 1
34 3 2
34 4 3
34 5 1
34 6 5
34 7 1
34 8 1
34 9 1
34 10 4
34 11 2
34 12 4
34 13 1
34 14 1
34 15 4
34 16 1
34 17 5
34 18 3
34 19 4
34 20 5
34 21 3
34 22 5
34 23 1
34 24 5
34 25 2
34 26 1
34 27 1
34 28 5
34 29 3
34 30 2
34 31 4
34 32 2
34 33 1
35 0 2
35 1 4
35 2 5
35 3 2
35 4 2
35 5 5
35 6 4
35 7 4
35 8 5
35 9 4
35 10 5
35 11 5
35 12 1
35 13 3
35 14 2
35 15 3
35 16 1
35 17 1
35 18 2
35 19 2
35 20 2
35 21 4
35 22 3
35 23 4
35 24 4
35 25 5
35 26 2
35 27 1
35 28 5
35 29 2
35 30 4
35 31 1
35 32 5
35 33 4
35 34 4
36 0 1
36 1 2
36 2 5
36 3 5
36 4 4
36 5 1
36 6 4
36 7 4
36 8 1
36 9 1
36 10 1
36 11 1
36 12 4
36 13 4
36 14 1
36 15 2
36 16 1
36 17 2
36 18 1
36 19 5
36 20 2
36 21 4
36 22 2
36 23 5
36 24 1
36 25 4
36 26 5
36 27 3
36 28 2
36 29 1
36 30 5
36 31 3
36 32 4
36 33 2
36 34 1
36 35 4
37 0 5
37 1 5
37 2 1
37 3 5
37 4 1
37 5 4
37 6 1
37 7 4
37 8 5
37 9 3
37 10 3
37 11 4
37 12 3
37 13 2
37 14 5
37 15 3
37 16 1
37 17 2
37 18 3
37 19 3
37 20 2
37 21 2
37 22 2
37 23 3
37 24 2
37 25 5
37 26 4
37 27 3
37 28 4
37 29 3
37 30 1
37 31 1
37 32 1
37 33 3
37 34 5
37 35 3
37 36 5
38 0 2
38 1 2
38 2 2
38 3 2
38 4 4
38 5 1
38 6 2
38 7 3
38 8 5
38 9 3
38 10 4
38 11 3
38 12 3
38 13 1
38 14 2
38 15 3
38 16 4
38 17 2
38 18 5
38 19 2
38 20 2
38 21 1
38 22 3
38 23 4
38 24 5
38 25 1
38 26 5
38 27 1
38 28 1
38 29 1
38 30 2
38 31 4
38 32 2
38 33 1
38 34 1
38 35 4
38 36 1
38 37 2
39 0 4
39 1 3
39 2 5
39 3 1
39 4 2
39 5 2
39 6 4
39 7 5
39 8 5
39 9 1
39 10 2
39 11 3
39 12 4
39 13 4
39 14 2
39 15 2
39 16 2
39 17 4
39 18 3
39 19 5
39 20 3
39 21 2
39 22 3
39 23 1
39 24 3
39 25 4
39 26 2
39 27 3
39 28 5
39 29 1
39 30 1
39 31 5
39 32 5
39 33 4
39 34 3
39 35 5
39 36 2
39 37 5
39 38 5
