70
2 1 9
3 1 2
3 2 7
4 0 1
4 1 6
4 3 1
5 4 7
6 0 7
6 1 6
6 2 2
7 0 9
7 1 10
7 4 9
7 5 8
8 0 2
8 1 7
8 3 8
8 6 4
8 7 4
9 0 9
9 2 9
9 3 2
9 4 4
9 5 7
9 6 5
10 2 1
10 5 9
11 0 9
11 2 4
11 3 8
11 4 4
11 5 9
11 6 1
12 1 7
12 3 4
12 4 10
12 6 3
12 7 3
12 9 1
13 2 10
13 3 3
13 6 8
13 9 10
13 11 7
14 3 9
14 4 5
14 6 1
14 7 5
14 10 3
14 11 1
14 12 8
14 13 3
15 0 5
15 1 8
15 2 4
15 3 10
15 5 2
15 7 2
15 9 3
16 1 10
16 4 4
16 5 8
16 6 1
16 10 7
16 11 6
16 12 2
16 13 6
16 14 4
17 3 6
17 4 2
17 7 10
17 9 2
17 10 10
17 11 1
17 14 9
18 1 9
18 6 7
18 10 3
18 16 2
18 17 1
19 0 1
19 1 1
19 3 4
19 4 7
19 6 7
19 8 9
19 10 2
19 11 3
19 12 2
19 13 1
19 14 1
19 15 3
19 17 2
20 0 9
20 1 2
20 2 10
20 5 6
20 12 3
20 14 7
21 0 7
21 1 4
21 2 5
21 3 7
21 4 1
21 6 5
21 8 1
21 11 10
21 12 4
21 17 10
21 20 8
22 1 3
22 6 3
22 7 2
22 9 4
22 10 8
22 11 2
22 12 8
22 13 5
22 14 10
22 18 8
22 19 9
22 20 9
22 21 5
23 1 4
23 2 10
23 3 7
23 10 7
23 12 1
23 13 3
23 15 1
23 19 10
23 21 10
23 22 8
24 2 6
24 3 5
24 4 4
24 5 6
24 6 9
24 7 1
24 9 6
24 11 1
24 13 10
24 15 6
24 16 4
24 20 4
24 22 9
24 23 3
25 0 1
25 1 7
25 4 8
25 5 8
25 6 9
25 7 4
25 11 6
25 12 1
25 13 2
25 14 10
25 15 6
25 16 10
25 19 4
25 23 3
26 0 4
26 1 5
26 3 10
26 5 1
26 7 5
26 8 7
26 11 6
26 12 3
26 13 2
26 14 7
26 21 7
26 22 2
26 23 6
26 24 9
27 0 7
27 1 1
27 2 1
27 6 10
27 7 3
27 12 4
27 13 6
27 14 3
27 17 1
27 18 8
27 20 1
27 22 4
27 24 2
27 26 8
28 4 2
28 7 9
28 8 8
28 9 7
28 11 6
28 13 3
28 14 8
28 15 7
28 17 7
28 18 10
28 24 8
28 25 5
29 0 7
29 2 2
29 3 3
29 4 9
29 6 8
29 8 2
29 10 1
29 11 1
29 12 1
29 14 6
29 15 2
29 16 6
29 17 8
29 18 7
29 20 2
29 22 5
29 26 6
29 27 1
30 1 1
30 2 6
30 4 1
30 5 4
30 6 1
30 7 8
30 10 10
30 15 7
30 17 10
30 19 7
30 21 3
30 23 10
30 25 2
31 0 6
31 2 10
31 3 2
31 5 10
31 6 5
31 11 7
31 12 7
31 13 3
31 16 10
31 18 2
31 21 5
31 22 5
31 23 9
31 24 7
31 25 8
31 28 9
31 30 7
32 3 3
32 4 3
32 6 5
32 8 9
32 9 1
32 14 8
32 18 1
32 19 5
32 20 5
32 21 7
32 22 3
32 24 10
32 25 10
32 28 10
32 29 1
33 1 3
33 6 10
33 7 5
33 8 2
33 10 10
33 14 7
33 15 5
33 17 4
33 18 1
33 28 6
33 29 6
33 30 9
33 31 7
34 2 7
34 3 5
34 6 9
34 7 4
34 8 10
34 12 3
34 14 2
34 15 9
34 20 2
34 21 5
34 23 7
34 24 3
34 25 8
34 29 1
34 32 8
35 3 7
35 4 2
35 5 6
35 7 1
35 8 8
35 9 10
35 11 5
35 12 1
35 13 7
35 14 6
35 18 1
35 19 10
35 20 10
35 21 10
35 24 9
35 27 8
35 28 5
35 29 3
35 31 1
35 32 1
35 33 6
35 34 8
36 0 9
36 1 6
36 5 1
36 7 7
36 9 8
36 10 3
36 11 9
36 14 3
36 16 5
36 18 2
36 20 3
36 25 5
36 26 6
36 32 1
36 33 2
36 35 6
37 0 9
37 1 4
37 2 10
37 4 8
37 5 5
37 9 2
37 10 1
37 11 6
37 12 7
37 13 8
37 14 4
37 18 7
37 20 1
37 21 1
37 24 6
37 25 4
37 26 9
37 27 9
37 28 3
37 31 6
37 32 8
38 0 4
38 1 4
38 2 6
38 6 4
38 8 4
38 9 2
38 11 4
38 13 10
38 14 8
38 16 10
38 18 1
38 20 10
38 21 3
38 23 9
38 27 2
38 29 4
38 30 6
38 32 8
39 2 8
39 4 2
39 6 5
39 7 4
39 10 5
39 13 6
39 14 1
39 15 7
39 16 9
39 18 7
39 22 6
39 23 7
39 24 3
39 25 4
39 26 8
39 27 2
39 28 2
39 30 1
39 31 10
39 34 10
39 35 8
39 36 8
39 37 9
40 1 10
40 2 8
40 4 9
40 5 6
40 6 7
40 7 6
40 10 5
40 14 7
40 15 8
40 17 2
40 19 10
40 22 7
40 23 4
40 26 8
40 30 9
40 32 7
40 33 6
40 39 7
41 0 9
41 2 1
41 4 2
41 6 6
41 7 4
41 9 8
41 11 7
41 14 5
41 15 5
41 16 9
41 17 3
41 19 10
41 20 6
41 21 3
41 25 8
41 26 2
41 27 7
41 29 8
41 30 5
41 32 4
41 33 8
41 34 6
41 36 4
41 39 8
42 0 2
42 1 8
42 4 3
42 5 7
42 6 3
42 7 2
42 10 7
42 13 5
42 15 1
42 18 2
42 20 9
42 21 3
42 23 8
42 26 10
42 29 8
42 32 6
42 36 2
42 37 7
42 39 3
42 40 1
43 1 8
43 2 6
43 3 10
43 4 10
43 7 8
43 9 10
43 13 4
43 14 2
43 18 1
43 19 5
43 20 3
43 22 3
43 23 6
43 24 10
43 25 1
43 30 2
43 31 2
43 32 3
43 34 2
43 35 8
43 37 1
43 39 5
43 42 5
44 1 1
44 6 2
44 8 1
44 9 9
44 10 1
44 11 5
44 12 3
44 16 8
44 18 10
44 20 5
44 21 5
44 22 9
44 29 5
44 30 1
44 31 3
44 33 3
44 35 6
44 37 4
44 39 7
44 40 10
44 43 6
45 0 4
45 3 4
45 4 6
45 5 5
45 6 2
45 10 8
45 12 7
45 13 2
45 14 7
45 15 2
45 22 3
45 24 2
45 25 9
45 27 8
45 28 6
45 30 1
45 34 4
45 37 9
45 41 3
45 42 1
45 44 3
46 0 2
46 3 2
46 4 1
46 5 9
46 6 10
46 7 9
46 8 9
46 10 5
46 13 3
46 14 5
46 15 4
46 16 5
46 17 1
46 18 3
46 19 4
46 20 6
46 21 2
46 22 5
46 23 3
46 24 6
46 25 10
46 26 1
46 28 4
46 33 4
46 36 6
46 39 1
46 40 7
46 41 5
46 44 2
47 1 6
47 2 2
47 3 9
47 4 1
47 5 10
47 7 7
47 8 7
47 9 1
47 10 2
47 11 8
47 13 4
47 15 10
47 17 3
47 19 9
47 21 1
47 22 9
47 23 3
47 24 9
47 25 9
47 26 6
47 29 4
47 31 9
47 32 5
47 35 5
47 36 7
47 38 6
47 39 4
47 40 6
47 41 9
47 42 7
48 0 3
48 2 4
48 4 1
48 6 6
48 8 6
48 11 9
48 14 6
48 15 9
48 17 3
48 18 8
48 23 1
48 26 2
48 27 2
48 28 9
48 29 2
48 32 6
48 33 5
48 37 3
48 39 4
48 40 6
48 41 7
48 43 3
48 44 10
48 45 1
48 47 8
49 0 10
49 1 10
49 3 7
49 4 7
49 5 6
49 8 1
49 10 3
49 12 6
49 15 8
49 18 10
49 19 8
49 20 7
49 22 3
49 23 1
49 26 4
49 29 10
49 30 4
49 32 2
49 34 4
49 35 2
49 38 9
49 39 3
49 44 3
49 46 9
50 0 5
50 2 8
50 3 2
50 5 4
50 6 10
50 7 6
50 8 7
50 10 3
50 11 8
50 12 1
50 13 3
50 15 9
50 16 1
50 20 4
50 26 6
50 28 8
50 29 2
50 30 9
50 32 5
50 33 3
50 35 6
50 37 9
50 42 9
50 44 6
50 45 2
50 49 10
51 0 9
51 1 8
51 2 4
51 3 7
51 4 2
51 8 6
51 9 7
51 11 1
51 12 10
51 13 10
51 15 7
51 16 10
51 21 1
51 24 10
51 26 2
51 27 3
51 29 3
51 30 5
51 32 5
51 33 7
51 37 3
51 38 9
51 39 4
51 40 8
51 41 5
51 47 1
51 48 9
52 1 4
52 2 3
52 3 9
52 7 4
52 9 8
52 15 2
52 16 10
52 17 7
52 19 6
52 23 6
52 27 10
52 28 8
52 29 6
52 31 5
52 32 3
52 33 8
52 35 6
52 36 2
52 45 6
52 46 6
52 47 8
53 4 3
53 5 10
53 9 2
53 10 2
53 11 6
53 20 6
53 26 8
53 27 9
53 28 7
53 29 7
53 30 2
53 33 10
53 36 9
53 41 5
53 42 9
53 46 10
53 48 7
53 50 7
54 2 6
54 3 9
54 4 1
54 7 10
54 8 5
54 9 1
54 12 2
54 15 4
54 16 8
54 19 3
54 22 5
54 24 1
54 30 1
54 32 3
54 34 5
54 36 4
54 37 8
54 38 9
54 40 2
54 42 6
54 43 8
54 44 10
54 45 6
54 49 4
54 52 1
55 0 2
55 2 8
55 3 8
55 6 5
55 9 10
55 12 7
55 14 1
55 16 2
55 18 10
55 25 4
55 29 5
55 30 6
55 32 9
55 33 1
55 35 4
55 37 6
55 39 8
55 46 10
55 49 9
55 53 4
56 0 9
56 3 4
56 5 8
56 8 1
56 10 5
56 11 4
56 12 7
56 13 6
56 14 1
56 19 9
56 20 9
56 23 2
56 24 7
56 25 2
56 29 6
56 30 10
56 32 10
56 33 1
56 35 9
56 37 6
56 41 8
56 43 1
56 44 2
56 49 4
56 51 1
56 53 10
56 55 1
57 3 1
57 4 1
57 5 5
57 8 1
57 9 5
57 10 9
57 11 3
57 14 4
57 15 3
57 16 6
57 18 3
57 21 3
57 22 10
57 26 6
57 30 5
57 33 9
57 34 4
57 36 9
57 37 6
57 38 7
57 39 2
57 40 10
57 42 2
57 43 7
57 45 6
57 46 1
57 47 8
57 48 8
57 49 5
57 52 4
57 54 3
57 55 1
57 56 9
58 0 6
58 1 7
58 2 6
58 4 2
58 5 10
58 14 3
58 15 9
58 20 3
58 22 9
58 23 7
58 24 2
58 29 2
58 30 2
58 32 2
58 33 4
58 35 8
58 37 6
58 39 7
58 40 5
58 43 2
58 44 3
58 46 7
58 48 8
58 49 4
58 50 2
58 51 2
58 52 1
58 53 3
59 1 3
59 2 10
59 4 2
59 7 8
59 8 10
59 9 5
59 10 8
59 11 5
59 12 2
59 15 4
59 18 9
59 19 3
59 20 8
59 21 9
59 23 10
59 24 2
59 25 7
59 26 7
59 27 3
59 30 5
59 31 2
59 36 8
59 40 5
59 41 8
59 42 7
59 43 3
59 45 8
59 46 6
59 47 4
59 50 6
59 53 4
59 54 10
59 57 10
59 58 5
60 0 7
60 4 1
60 5 3
60 8 4
60 9 3
60 12 3
60 14 8
60 17 1
60 18 2
60 20 5
60 21 5
60 23 8
60 24 4
60 25 9
60 27 10
60 31 10
60 32 2
60 36 6
60 37 7
60 38 3
60 39 9
60 41 1
60 46 8
60 47 7
60 50 3
60 52 2
60 53 10
60 55 9
60 56 1
60 58 4
61 1 8
61 3 4
61 4 4
61 7 7
61 11 9
61 14 4
61 17 10
61 18 4
61 19 6
61 22 10
61 24 3
61 25 3
61 26 9
61 27 6
61 28 10
61 29 4
61 32 10
61 35 2
61 36 5
61 40 6
61 41 5
61 42 8
61 45 7
61 46 8
61 48 9
61 49 10
61 50 5
61 51 7
61 52 2
61 53 8
61 54 8
61 55 3
61 58 10
61 60 7
62 2 3
62 3 3
62 5 2
62 8 1
62 10 4
62 12 8
62 14 10
62 21 5
62 22 1
62 23 1
62 24 3
62 25 10
62 26 10
62 27 7
62 28 1
62 29 7
62 30 3
62 34 5
62 36 6
62 37 9
62 39 5
62 40 8
62 44 10
62 46 1
62 47 9
62 48 9
62 52 6
62 55 9
62 57 4
62 58 6
62 60 8
63 2 4
63 3 10
63 6 6
63 7 3
63 9 10
63 11 5
63 12 3
63 13 8
63 14 7
63 16 3
63 19 1
63 21 3
63 23 4
63 24 1
63 25 2
63 26 4
63 28 6
63 29 6
63 33 8
63 34 5
63 35 8
63 38 6
63 39 5
63 41 1
63 43 9
63 44 5
63 45 4
63 47 4
63 50 8
63 51 9
63 52 9
63 53 10
63 55 4
63 56 5
63 59 5
63 60 7
64 2 1
64 3 3
64 4 5
64 7 3
64 8 5
64 9 8
64 10 4
64 11 2
64 13 5
64 14 1
64 17 3
64 19 10
64 22 3
64 23 6
64 25 7
64 26 8
64 27 5
64 29 7
64 30 1
64 32 10
64 36 6
64 40 6
64 44 1
64 45 2
64 46 6
64 48 2
64 55 6
64 56 9
64 57 5
64 58 3
64 59 6
64 61 8
64 63 4
65 1 8
65 3 1
65 4 8
65 5 5
65 7 8
65 9 5
65 10 1
65 13 4
65 14 9
65 16 5
65 17 10
65 18 2
65 20 5
65 21 7
65 24 3
65 26 5
65 27 2
65 29 2
65 31 4
65 36 5
65 37 8
65 38 9
65 39 8
65 40 8
65 42 7
65 43 10
65 46 7
65 47 2
65 51 9
65 55 9
65 56 5
65 59 9
65 60 9
65 62 8
65 63 1
66 1 5
66 2 8
66 4 1
66 5 8
66 8 2
66 13 8
66 14 9
66 15 9
66 16 9
66 23 9
66 25 6
66 28 10
66 29 1
66 30 6
66 31 5
66 32 9
66 35 9
66 36 3
66 37 2
66 39 5
66 43 6
66 49 7
66 50 1
66 51 4
66 54 4
66 56 4
66 60 4
66 62 8
67 0 1
67 1 10
67 14 6
67 15 6
67 16 2
67 20 3
67 22 8
67 26 7
67 27 7
67 28 2
67 29 5
67 31 6
67 33 7
67 35 7
67 37 9
67 38 2
67 39 7
67 42 6
67 44 5
67 47 6
67 49 1
67 54 1
67 57 8
67 64 5
67 65 10
68 3 3
68 6 8
68 8 3
68 10 9
68 16 1
68 19 8
68 21 4
68 22 10
68 25 2
68 29 4
68 30 1
68 32 3
68 34 7
68 36 6
68 37 8
68 39 8
68 40 5
68 43 8
68 45 7
68 46 7
68 47 2
68 51 3
68 52 8
68 53 4
68 54 4
68 55 10
68 58 2
68 59 6
68 60 7
68 62 1
68 63 7
68 66 10
68 67 9
69 0 1
69 1 3
69 3 5
69 9 7
69 10 9
69 12 1
69 16 2
69 18 3
69 20 2
69 22 10
69 24 10
69 26 3
69 28 10
69 29 8
69 30 4
69 31 5
69 32 1
69 33 5
69 34 9
69 35 9
69 37 4
69 39 1
69 40 7
69 41 5
69 42 4
69 43 9
69 45 8
69 46 9
69 48 4
69 49 4
69 52 6
69 53 1
69 55 2
69 57 10
69 58 10
69 59 2
69 61 5
69 62 7
69 63 8
69 64 9
69 67 3
69 68 9
