25
3 0 42
3 2 47
4 1 30
5 1 24
6 1 16
6 3 42
6 4 26
7 0 37
7 1 27
7 5 39
7 6 50
8 1 24
8 2 20
8 5 49
9 0 15
9 2 41
9 3 21
9 4 38
9 5 25
9 8 13
10 0 15
10 1 20
10 3 34
10 6 48
10 7 5
11 0 41
11 3 21
11 4 9
11 5 36
11 6 11
11 7 36
11 8 49
11 9 42
12 1 31
12 3 3
12 4 40
12 5 22
12 6 47
12 7 12
12 8 24
12 10 17
13 1 18
13 3 47
13 4 44
13 5 16
13 6 26
13 7 6
13 8 25
13 9 49
13 10 24
13 11 13
14 1 39
14 4 43
14 6 24
15 2 43
15 5 3
15 9 19
15 10 24
15 12 43
15 13 42
15 14 2
16 0 24
16 2 17
16 4 12
16 5 39
16 7 14
16 8 17
16 10 11
16 11 45
16 15 28
17 4 44
17 5 28
17 6 37
17 7 49
17 8 19
17 11 34
17 16 13
18 1 28
18 2 20
18 4 12
18 5 34
18 7 22
18 8 22
18 10 1
18 12 5
18 13 12
18 14 7
18 16 39
18 17 17
19 0 6
19 2 29
19 4 46
19 5 6
19 8 9
19 15 2
19 16 18
19 17 2
19 18 38
20 0 33
20 1 33
20 4 16
20 5 12
20 6 14
20 8 33
20 11 1
20 12 30
20 13 9
20 15 39
20 16 49
20 18 31
20 19 14
21 0 22
21 1 44
21 2 6
21 5 20
21 12 15
21 13 41
21 15 13
21 16 19
21 17 17
21 20 7
22 0 50
22 4 17
22 6 23
22 12 45
22 14 48
22 15 7
22 16 39
23 0 13
23 2 26
23 3 8
23 6 23
23 7 3
23 9 11
23 10 18
23 13 15
23 14 28
23 16 15
23 17 31
23 18 39
23 19 31
23 20 4
24 0 5
24 1 35
24 3 49
24 5 49
24 6 4
24 8 42
24 11 42
24 15 9
24 16 9
24 17 16
24 22 29
24 23 49
