55
2 0 4
2 1 1
4 0 5
4 2 4
5 0 3
5 2 1
5 4 2
6 0 4
6 1 1
6 2 4
6 5 1
7 2 5
7 4 3
7 6 4
8 0 1
8 1 2
8 3 3
8 5 2
8 6 4
8 7 1
9 3 3
9 4 5
9 6 1
11 2 4
11 4 1
11 5 3
11 6 1
11 8 1
11 9 5
12 1 1
12 2 4
12 3 3
12 5 1
12 6 1
12 8 2
12 10 5
12 11 4
13 0 3
13 1 4
13 3 2
13 5 5
13 6 1
13 8 4
13 12 2
14 2 2
14 5 2
14 6 3
14 8 5
14 9 3
14 12 3
14 13 2
15 0 3
15 1 5
15 5 5
15 8 4
15 9 2
15 10 3
15 11 1
15 14 2
16 0 4
16 1 4
16 5 4
16 7 1
16 9 3
16 11 4
16 12 2
16 13 3
16 14 5
17 0 1
17 2 4
17 5 1
17 6 3
17 9 3
17 10 4
17 12 2
17 13 1
17 14 4
17 15 2
18 2 3
18 5 2
18 6 5
18 7 1
18 9 4
18 12 4
18 14 1
18 15 5
18 17 5
19 2 5
19 3 4
19 5 5
19 10 2
19 14 3
19 15 1
19 16 4
19 17 1
19 18 1
20 1 3
20 4 4
20 6 5
20 8 4
20 11 2
20 15 4
21 5 2
21 8 5
21 9 3
21 10 2
21 12 2
21 14 5
22 0 3
22 1 2
22 2 2
22 3 3
22 7 1
22 8 2
22 15 3
22 17 1
22 21 4
23 1 3
23 2 5
23 3 4
23 6 2
23 7 5
23 9 1
23 10 3
23 11 4
23 12 4
23 13 5
23 14 5
23 16 5
23 17 3
23 18 2
24 0 3
24 4 3
24 5 3
24 6 4
24 12 2
24 15 5
24 17 3
24 18 1
24 23 5
25 0 1
25 1 3
25 2 1
25 3 4
25 4 4
25 5 3
25 11 2
25 13 4
25 16 3
25 17 5
25 19 1
25 20 5
25 22 1
25 23 5
26 2 1
26 10 1
26 11 2
26 17 5
26 19 2
26 21 2
26 22 2
26 24 4
27 2 1
27 4 1
27 5 1
27 7 4
27 8 1
27 10 3
27 15 1
27 17 5
27 18 2
27 19 2
27 20 5
27 21 3
27 22 3
27 26 2
28 1 1
28 4 3
28 6 5
28 7 5
28 10 2
28 13 3
28 14 3
28 15 2
28 16 3
28 17 4
28 18 4
28 21 2
28 22 2
28 24 4
28 25 5
29 1 2
29 4 5
29 6 2
29 8 4
29 9 5
29 10 5
29 11 3
29 13 1
29 15 5
29 16 1
29 17 1
29 18 2
29 20 1
29 21 2
29 23 4
29 24 5
29 25 4
29 26 1
29 28 3
30 1 5
30 6 1
30 8 5
30 9 1
30 10 5
30 12 2
30 15 5
30 17 1
30 19 2
30 21 5
30 22 2
30 23 5
30 24 4
30 29 5
31 0 1
31 1 2
31 2 1
31 3 2
31 4 2
31 7 2
31 8 5
31 9 2
31 10 3
31 14 3
31 15 5
31 19 4
31 21 1
31 23 2
31 25 1
31 27 2
32 0 5
32 3 2
32 4 4
32 7 4
32 10 5
32 17 5
32 18 3
32 19 5
32 22 3
32 25 2
32 26 4
32 27 4
32 28 2
32 30 1
32 31 5
33 2 2
33 3 3
33 5 1
33 7 2
33 10 2
33 11 3
33 13 4
33 14 4
33 23 4
33 24 4
33 26 4
33 28 2
33 30 2
34 0 1
34 2 4
34 3 2
34 4 1
34 5 2
34 6 5
34 12 4
34 14 3
34 15 2
34 16 2
34 21 5
34 22 4
34 23 4
34 24 3
34 25 3
34 28 4
34 29 3
34 32 3
34 33 1
35 2 2
35 7 4
35 9 2
35 11 2
35 13 4
35 14 2
35 15 1
35 17 5
35 18 3
35 19 3
35 20 4
35 21 4
35 22 4
35 23 3
35 24 3
35 27 2
35 28 3
35 29 1
35 30 1
35 31 5
35 32 3
35 34 5
36 0 2
36 1 3
36 2 4
36 3 1
36 5 1
36 6 2
36 9 1
36 10 1
36 11 2
36 12 1
36 14 5
36 15 3
36 17 5
36 19 5
36 20 4
36 22 3
36 23 5
36 24 3
36 25 2
36 26 3
36 27 4
36 30 2
36 31 3
36 33 5
36 34 2
36 35 3
37 0 2
37 1 2
37 3 4
37 5 4
37 9 5
37 11 3
37 12 2
37 17 5
37 18 5
37 19 1
37 20 4
37 23 4
37 27 1
37 31 3
38 3 2
38 10 5
38 12 3
38 13 3
38 14 2
38 16 1
38 17 3
38 18 4
38 19 1
38 22 5
38 23 5
38 24 4
38 26 1
38 28 3
38 29 4
38 30 2
38 31 3
38 36 4
39 3 5
39 4 4
39 7 3
39 8 5
39 9 5
39 12 1
39 13 4
39 16 2
39 19 2
39 21 3
39 22 1
39 23 2
39 26 3
39 27 1
39 30 4
39 35 5
40 0 1
40 1 2
40 3 2
40 5 2
40 7 5
40 8 4
40 9 3
40 10 1
40 12 1
40 14 5
40 16 4
40 18 3
40 19 3
40 20 5
40 22 3
40 25 3
40 27 5
40 31 5
40 32 2
40 33 2
40 34 3
40 35 3
40 37 4
41 2 1
41 4 2
41 9 4
41 11 5
41 12 5
41 14 4
41 22 1
41 25 2
41 26 4
41 28 5
41 30 5
41 33 2
41 37 5
41 38 4
42 0 3
42 1 3
42 2 5
42 5 2
42 6 1
42 9 4
42 14 2
42 15 4
42 16 4
42 18 2
42 20 4
42 21 2
42 22 2
42 23 4
42 27 1
42 29 3
42 32 1
42 34 1
42 38 3
42 41 3
43 2 2
43 3 3
43 6 3
43 11 4
43 12 1
43 14 4
43 15 5
43 17 5
43 19 1
43 20 1
43 21 1
43 22 3
43 24 5
43 25 2
43 26 5
43 27 4
43 28 5
43 30 3
43 31 2
43 32 2
43 34 1
43 35 1
43 36 4
43 38 1
43 40 2
44 6 2
44 8 4
44 10 5
44 11 3
44 12 2
44 14 2
44 15 4
44 17 4
44 18 2
44 20 2
44 21 3
44 22 4
44 23 1
44 24 5
44 26 3
44 28 1
44 30 4
44 31 2
44 32 3
44 33 5
44 34 3
44 40 5
44 43 1
45 1 1
45 3 4
45 4 3
45 5 5
45 6 5
45 7 1
45 8 3
45 17 4
45 19 4
45 21 4
45 22 4
45 23 3
45 24 3
45 25 1
45 27 1
45 28 1
45 29 1
45 31 2
45 32 3
45 35 1
45 40 4
45 44 1
46 5 5
46 8 5
46 10 2
46 13 3
46 14 2
46 15 1
46 22 1
46 23 3
46 25 2
46 26 4
46 28 3
46 29 5
46 31 2
46 32 5
46 34 4
46 35 2
46 36 4
46 38 1
46 42 2
46 43 4
47 0 2
47 1 4
47 4 5
47 6 4
47 10 3
47 12 5
47 14 5
47 16 5
47 19 3
47 23 1
47 27 3
47 29 4
47 32 4
47 33 4
47 34 3
47 37 3
47 38 1
47 39 1
47 40 4
47 42 4
47 45 1
48 3 1
48 4 5
48 7 3
48 8 5
48 9 1
48 10 1
48 11 5
48 14 5
48 15 4
48 16 1
48 17 3
48 18 5
48 19 5
48 25 4
48 26 3
48 30 1
48 31 5
48 35 2
48 38 1
48 40 2
48 41 5
48 42 4
48 43 2
48 45 2
49 2 3
49 5 1
49 7 4
49 8 5
49 9 5
49 12 1
49 13 1
49 14 5
49 15 5
49 18 2
49 20 5
49 22 3
49 23 5
49 25 4
49 26 2
49 29 4
49 30 2
49 32 3
49 33 2
49 36 5
49 38 5
49 41 5
49 44 4
49 46 1
49 47 5
50 0 4
50 1 2
50 4 4
50 6 1
50 7 4
50 16 4
50 17 5
50 20 1
50 21 4
50 22 1
50 25 1
50 26 2
50 29 5
50 30 2
50 31 4
50 33 5
50 34 5
50 35 3
50 37 2
50 40 2
50 41 4
50 42 1
50 44 1
50 46 3
50 48 2
51 2 4
51 3 2
51 8 3
51 10 1
51 11 2
51 13 4
51 15 4
51 18 5
51 19 1
51 22 4
51 23 1
51 25 4
51 29 1
51 32 4
51 34 3
51 35 1
51 37 5
51 38 2
51 39 3
51 40 1
51 41 1
51 43 3
51 44 4
51 48 4
51 50 4
52 0 2
52 2 1
52 3 2
52 7 4
52 8 1
52 9 2
52 10 3
52 11 4
52 16 1
52 17 5
52 18 4
52 21 3
52 22 5
52 24 2
52 26 3
52 27 2
52 28 1
52 31 1
52 36 3
52 37 2
52 38 1
52 40 1
52 41 3
52 42 5
52 43 2
52 44 2
52 45 2
52 46 4
52 50 5
53 0 4
53 3 2
53 5 4
53 6 4
53 8 2
53 13 2
53 14 1
53 17 2
53 19 5
53 20 2
53 21 5
53 26 3
53 27 4
53 28 5
53 29 5
53 30 2
53 31 2
53 32 4
53 34 1
53 36 3
53 37 5
53 39 2
53 40 1
53 41 3
53 43 5
53 44 3
53 45 5
53 46 4
53 47 5
53 51 5
53 52 2
54 1 2
54 3 2
54 7 4
54 8 4
54 10 4
54 11 4
54 13 3
54 19 5
54 21 2
54 22 5
54 23 4
54 24 4
54 28 3
54 30 2
54 31 1
54 35 2
54 36 5
54 38 4
54 41 3
54 45 2
54 47 1
54 50 1
54 53 5
