50
2 0 41
2 1 32
3 2 35
4 0 27
4 1 30
4 2 34
5 0 4
5 2 42
6 0 50
6 1 43
6 5 49
7 3 41
7 5 13
8 0 47
8 1 39
8 6 5
9 0 19
9 5 36
9 7 14
9 8 25
10 0 49
10 1 11
10 2 38
10 6 32
11 0 2
11 2 48
11 7 19
12 0 20
12 1 39
12 4 45
12 5 49
12 8 21
13 0 7
13 2 10
13 3 36
13 4 48
13 6 31
13 7 19
13 9 34
13 10 29
13 11 36
13 12 49
14 0 42
14 1 47
14 4 49
14 5 46
14 7 8
14 8 48
14 9 10
15 2 29
15 4 40
15 10 28
15 11 30
15 13 7
16 0 19
16 2 21
16 5 41
16 6 42
16 7 40
16 8 33
16 9 8
16 12 5
16 13 45
16 14 42
16 15 8
17 0 17
17 1 48
17 3 14
17 4 34
17 6 26
17 10 11
17 15 26
18 4 14
18 5 7
18 11 26
18 13 24
18 14 30
18 15 25
18 16 33
18 17 47
19 1 30
19 2 48
19 4 45
19 5 12
19 6 21
19 8 27
19 9 3
19 10 9
19 12 24
19 14 36
19 15 3
19 16 2
19 17 32
20 3 36
20 4 13
20 5 1
20 6 30
20 10 41
20 11 11
20 12 2
20 15 30
20 17 30
20 18 22
21 0 5
21 2 1
21 5 20
21 8 22
21 10 28
21 11 15
21 12 24
21 14 17
21 19 44
21 20 40
22 1 44
22 2 24
22 3 1
22 6 23
22 7 23
22 10 5
22 11 38
22 12 20
22 13 2
22 16 22
22 17 15
22 19 36
22 20 27
23 0 31
23 2 40
23 8 30
23 10 15
23 14 21
23 16 11
23 17 41
23 18 17
23 20 35
23 21 33
23 22 23
24 1 1
24 2 50
24 3 25
24 4 34
24 5 38
24 6 12
24 7 29
24 8 30
24 9 7
24 14 1
24 15 1
24 17 14
24 20 23
24 22 7
25 1 14
25 3 10
25 5 35
25 6 7
25 7 43
25 9 39
25 10 29
25 11 7
25 14 25
25 15 35
25 16 37
25 18 45
25 19 30
25 21 2
25 22 43
25 23 22
25 24 16
26 0 47
26 1 3
26 3 14
26 9 31
26 12 24
26 14 49
26 15 1
26 16 40
26 17 7
26 18 9
26 22 25
26 23 37
26 24 28
27 0 19
27 3 47
27 4 16
27 5 10
27 6 12
27 8 33
27 9 6
27 12 20
27 13 17
27 14 31
27 15 25
27 19 41
27 21 21
27 24 22
27 26 37
28 0 1
28 1 37
28 2 43
28 4 9
28 5 7
28 7 2
28 8 5
28 9 20
28 13 46
28 16 10
28 18 39
28 19 24
28 20 1
28 21 49
28 22 5
28 23 28
28 25 37
28 26 7
29 1 12
29 8 8
29 9 37
29 10 47
29 12 37
29 14 10
29 20 50
29 22 20
29 25 31
29 27 47
29 28 31
30 3 40
30 9 34
30 10 9
30 12 19
30 16 43
30 18 10
30 19 17
30 20 9
30 21 49
30 22 39
30 26 46
30 29 37
31 0 26
31 1 15
31 2 45
31 3 34
31 4 35
31 5 48
31 6 43
31 9 21
31 13 25
31 14 26
31 15 47
31 16 25
31 17 6
31 18 34
31 22 47
31 25 38
31 26 3
31 27 40
31 28 41
31 30 33
32 2 30
32 4 34
32 5 44
32 8 2
32 9 41
32 12 27
32 13 47
32 17 19
32 18 20
32 20 41
32 23 17
32 24 28
32 26 38
32 27 33
32 30 10
33 0 33
33 3 7
33 4 4
33 5 25
33 6 13
33 9 18
33 11 21
33 14 16
33 15 50
33 17 5
33 18 13
33 20 34
33 23 13
33 25 22
33 26 5
33 30 16
33 31 44
34 0 45
34 1 50
34 2 35
34 3 35
34 6 6
34 7 2
34 9 47
34 10 28
34 11 50
34 12 25
34 13 5
34 17 7
34 20 45
34 23 15
34 25 38
34 26 45
34 27 24
34 29 4
34 31 41
35 5 1
35 7 24
35 8 2
35 9 16
35 11 29
35 12 40
35 15 39
35 16 33
35 18 9
35 19 49
35 20 23
35 21 42
35 23 22
35 24 39
35 28 35
35 29 7
35 31 41
35 34 30
36 0 44
36 3 40
36 7 35
36 8 5
36 9 12
36 11 5
36 14 38
36 15 44
36 18 50
36 19 2
36 20 42
36 21 5
36 25 14
36 26 16
36 30 32
36 32 47
36 35 4
37 1 41
37 3 20
37 5 17
37 8 16
37 9 24
37 11 39
37 13 13
37 15 4
37 17 50
37 21 20
37 22 29
37 25 15
37 28 49
37 29 21
37 30 30
37 31 26
37 33 26
37 34 12
37 35 40
38 1 14
38 3 11
38 6 13
38 8 47
38 11 1
38 12 31
38 14 31
38 16 1
38 17 18
38 18 10
38 19 46
38 22 29
38 26 28
38 27 13
38 33 21
38 34 12
38 36 49
38 37 24
39 0 1
39 1 38
39 2 40
39 4 13
39 5 29
39 6 5
39 7 42
39 8 8
39 14 25
39 15 40
39 16 1
39 17 10
39 18 17
39 19 47
39 20 17
39 21 45
39 23 47
39 26 45
39 27 30
39 29 22
39 31 11
39 34 24
39 36 24
39 37 4
39 38 30
40 2 28
40 8 21
40 12 49
40 13 35
40 16 9
40 17 31
40 18 5
40 20 9
40 21 14
40 26 46
40 28 7
40 31 22
40 32 43
40 38 9
40 39 39
41 2 20
41 3 34
41 5 5
41 7 36
41 11 5
41 13 19
41 15 45
41 17 25
41 18 24
41 19 29
41 23 30
41 24 34
41 26 41
41 28 49
41 31 30
41 33 42
41 39 10
42 3 14
42 4 2
42 6 1
42 7 7
42 8 22
42 13 38
42 14 7
42 20 50
42 21 5
42 22 45
42 23 13
42 28 6
42 30 18
42 34 23
42 37 42
42 38 36
42 39 30
42 41 40
43 1 50
43 2 20
43 3 12
43 5 20
43 7 47
43 9 26
43 10 35
43 11 47
43 12 24
43 13 17
43 16 43
43 17 48
43 18 23
43 19 5
43 20 31
43 21 45
43 22 6
43 25 38
43 28 27
43 29 14
43 31 47
43 32 30
43 37 4
43 38 41
43 40 26
43 41 49
43 42 34
44 0 31
44 3 47
44 4 31
44 7 30
44 8 14
44 10 25
44 12 34
44 13 13
44 15 31
44 18 32
44 21 34
44 24 42
44 25 31
44 27 33
44 29 33
44 30 14
44 35 7
44 38 24
44 40 20
44 43 28
45 0 37
45 2 47
45 5 49
45 8 45
45 10 11
45 12 21
45 16 46
45 17 35
45 18 36
45 19 20
45 24 8
45 26 49
45 27 49
45 29 47
45 31 13
45 32 7
45 33 44
45 36 14
45 39 32
45 41 28
45 44 49
46 2 6
46 3 20
46 8 34
46 11 13
46 18 25
46 19 32
46 21 47
46 23 39
46 24 21
46 26 46
46 28 49
46 30 21
46 34 17
46 35 29
46 36 21
46 41 37
46 43 47
46 44 7
47 0 39
47 4 1
47 5 5
47 8 35
47 11 46
47 15 19
47 25 47
47 26 39
47 27 19
47 29 26
47 30 44
47 31 12
47 34 39
47 37 49
47 40 10
47 43 13
47 46 15
48 3 26
48 4 45
48 5 24
48 6 14
48 7 13
48 8 35
48 9 42
48 11 19
48 12 8
48 13 10
48 16 23
48 17 38
48 18 43
48 21 47
48 22 37
48 23 2
48 25 3
48 26 33
48 28 22
48 29 19
48 32 24
48 34 17
48 35 38
48 36 32
48 38 6
48 39 7
48 41 11
48 42 9
48 44 13
48 47 29
49 0 29
49 1 18
49 2 2
49 3 49
49 4 47
49 5 21
49 6 38
49 8 17
49 9 18
49 10 43
49 12 1
49 13 23
49 14 45
49 15 11
49 16 39
49 17 17
49 18 43
49 19 12
49 21 19
49 27 2
49 33 9
49 39 4
49 41 17
49 43 45
49 45 6
49 47 31
