50
2 0 35
4 3 16
5 2 48
6 1 2
6 3 35
6 5 40
7 1 44
7 3 40
7 4 12
7 6 27
8 3 2
8 4 49
8 5 21
8 7 24
9 0 17
9 2 32
9 3 4
9 5 32
9 6 21
10 3 39
10 5 13
10 6 39
10 7 16
10 8 45
11 0 36
11 2 36
11 5 2
11 6 18
11 8 34
11 9 37
12 1 25
12 2 40
12 3 4
12 6 1
12 9 18
13 1 32
13 2 41
13 3 31
13 4 36
13 6 19
13 9 10
13 10 1
13 12 9
14 0 40
14 3 30
14 4 30
14 5 24
14 6 24
14 13 18
15 0 47
15 1 35
15 2 37
15 3 2
15 4 22
15 5 11
15 7 35
15 9 46
15 11 37
15 12 46
15 14 15
16 0 44
16 2 34
16 3 21
16 5 46
16 7 1
16 8 14
16 9 13
16 10 18
16 13 31
16 15 47
17 3 41
17 4 14
17 6 5
17 9 10
17 11 45
17 13 45
17 14 27
17 16 19
18 0 11
18 1 19
18 2 3
18 5 29
18 7 3
18 9 36
18 10 48
18 13 5
18 14 30
18 15 36
19 0 11
19 2 34
19 4 43
19 7 25
19 9 50
19 10 4
19 11 18
19 12 21
19 13 40
19 14 24
19 16 48
20 0 8
20 7 8
20 8 4
20 9 9
20 12 48
20 13 6
20 14 12
20 17 28
20 18 33
20 19 43
21 1 35
21 3 10
21 4 30
21 7 8
21 8 26
21 9 27
21 10 37
21 14 3
21 16 11
21 18 12
22 3 33
22 4 31
22 7 14
22 8 29
22 11 43
22 12 10
22 15 26
22 17 12
22 18 42
22 19 8
22 21 44
23 3 19
23 4 13
23 5 29
23 6 24
23 7 43
23 11 42
23 12 41
23 14 28
23 15 42
23 16 22
23 17 47
23 19 23
23 21 48
24 1 36
24 2 18
24 5 30
24 6 36
24 10 37
24 11 33
24 12 22
24 13 5
24 14 48
24 15 39
24 17 10
24 18 32
24 23 31
25 4 38
25 8 3
25 11 11
25 12 15
25 13 17
25 15 5
25 16 49
25 17 4
25 19 29
25 22 24
25 23 28
26 1 2
26 2 2
26 6 40
26 7 35
26 11 39
26 14 7
26 15 26
26 17 40
26 19 9
26 20 1
26 21 37
26 22 11
26 25 12
27 0 11
27 5 34
27 8 8
27 9 18
27 11 11
27 15 4
27 16 38
27 17 40
27 19 10
27 20 34
27 21 12
27 22 10
27 24 11
27 25 12
28 4 49
28 5 27
28 6 23
28 8 28
28 9 47
28 13 42
28 14 44
28 15 38
28 21 23
28 22 7
28 24 13
28 25 24
28 26 12
28 27 8
29 3 11
29 4 47
29 6 44
29 7 45
29 8 26
29 13 26
29 15 10
29 16 33
29 18 27
29 19 35
29 23 38
29 24 9
29 25 4
29 27 28
29 28 35
30 0 18
30 1 34
30 2 3
30 4 7
30 5 41
30 8 14
30 11 14
30 13 45
30 19 6
30 22 17
30 23 12
30 25 2
30 28 40
30 29 16
31 2 36
31 5 18
31 9 18
31 12 12
31 13 25
31 17 12
31 18 31
31 19 44
31 20 35
31 21 49
31 25 12
31 26 15
31 27 11
31 28 20
31 30 18
32 1 21
32 2 39
32 3 13
32 4 8
32 5 4
32 6 41
32 7 7
32 8 30
32 9 22
32 10 2
32 12 10
32 13 49
32 21 6
32 22 47
32 23 28
32 26 14
32 27 34
32 28 44
32 30 31
32 31 34
33 1 14
33 4 45
33 6 20
33 7 45
33 10 18
33 15 10
33 17 42
33 18 16
33 19 21
33 22 43
33 24 24
33 27 19
33 28 4
33 29 44
33 30 18
33 32 47
34 0 36
34 2 14
34 3 36
34 5 29
34 7 30
34 15 37
34 16 22
34 18 21
34 20 31
34 23 13
34 27 8
34 29 38
34 31 1
34 33 28
35 0 35
35 2 37
35 4 37
35 6 29
35 7 22
35 9 27
35 10 38
35 17 43
35 22 6
35 29 36
35 30 18
35 31 8
35 32 32
35 33 42
35 34 43
36 2 9
36 3 12
36 7 5
36 8 28
36 10 30
36 11 33
36 14 26
36 15 16
36 16 24
36 17 12
36 21 29
36 25 14
36 26 41
36 27 38
36 28 16
36 30 45
36 31 42
36 33 38
36 34 13
36 35 33
37 1 24
37 3 41
37 7 38
37 8 2
37 10 20
37 11 41
37 12 46
37 14 35
37 15 10
37 16 46
37 18 28
37 19 14
37 21 38
37 23 10
37 25 19
37 26 10
37 27 32
37 32 31
37 33 42
37 35 26
37 36 33
38 0 35
38 1 19
38 3 50
38 4 31
38 5 18
38 7 7
38 8 5
38 9 35
38 10 18
38 12 5
38 15 16
38 16 32
38 17 15
38 25 29
38 29 26
38 34 19
38 35 2
38 37 9
39 2 28
39 6 20
39 11 12
39 15 5
39 21 22
39 22 47
39 24 41
39 27 7
39 29 44
39 35 16
39 38 28
40 0 38
40 1 41
40 2 46
40 3 38
40 5 35
40 8 14
40 9 35
40 13 32
40 15 19
40 19 16
40 21 23
40 22 35
40 25 15
40 27 12
40 28 8
40 34 49
40 35 8
40 37 25
40 38 11
41 1 50
41 3 2
41 5 14
41 6 35
41 10 4
41 11 46
41 12 33
41 13 39
41 22 36
41 29 22
41 30 43
41 31 26
41 32 37
41 36 9
41 37 19
41 40 17
42 0 4
42 2 13
42 5 33
42 6 25
42 7 40
42 9 22
42 10 35
42 11 36
42 15 46
42 17 49
42 21 1
42 24 11
42 25 27
42 27 8
42 30 10
42 33 25
42 34 1
42 35 17
42 36 18
42 38 27
42 39 24
43 2 20
43 5 26
43 6 4
43 8 22
43 9 33
43 10 18
43 11 28
43 13 25
43 15 38
43 17 13
43 18 4
43 21 40
43 23 37
43 24 14
43 26 26
43 27 24
43 32 13
43 33 1
43 34 16
43 35 2
43 36 45
43 37 30
43 38 23
43 41 49
44 1 24
44 5 27
44 8 25
44 9 30
44 10 19
44 12 37
44 14 4
44 15 36
44 16 35
44 20 36
44 25 13
44 26 30
44 27 12
44 28 48
44 29 34
44 31 12
44 32 30
44 35 16
44 38 41
44 40 4
44 43 46
45 0 5
45 3 21
45 5 31
45 6 21
45 7 48
45 10 49
45 13 19
45 14 32
45 15 30
45 20 3
45 21 1
45 22 32
45 23 31
45 25 44
45 30 22
45 36 8
45 41 35
45 43 10
45 44 29
46 4 1
46 6 47
46 10 47
46 11 30
46 14 48
46 15 24
46 16 46
46 18 7
46 21 25
46 22 45
46 23 31
46 24 1
46 26 18
46 27 29
46 28 1
46 29 40
46 30 29
46 33 5
46 35 15
46 37 4
46 39 41
46 41 29
46 42 14
46 44 26
47 1 44
47 3 11
47 4 6
47 7 41
47 8 46
47 9 20
47 10 27
47 11 8
47 12 8
47 13 47
47 14 27
47 19 28
47 21 31
47 26 20
47 29 23
47 30 11
47 31 3
47 36 14
47 37 16
47 38 34
47 40 48
47 41 26
47 44 33
47 45 36
47 46 47
48 2 14
48 3 29
48 4 40
48 5 8
48 7 19
48 12 28
48 13 26
48 14 48
48 15 6
48 17 24
48 18 4
48 19 21
48 22 43
48 23 22
48 24 5
48 25 4
48 27 43
48 29 7
48 34 36
48 35 50
48 38 42
48 39 10
48 43 48
49 0 3
49 1 42
49 2 43
49 3 39
49 4 24
49 7 25
49 8 20
49 9 28
49 10 29
49 11 3
49 19 45
49 20 10
49 21 19
49 22 4
49 23 2
49 24 23
49 26 30
49 27 30
49 28 46
49 30 32
49 31 44
49 34 23
49 35 7
49 37 22
49 41 31
49 42 23
49 45 36
49 47 3
49 48 18
