20
1 0 1
2 0 5
2 1 8
3 0 3
3 1 9
3 2 5
4 0 6
4 1 6
4 2 5
4 3 9
5 0 6
5 1 1
5 2 10
5 3 1
5 4 8
6 0 5
6 1 5
6 2 7
6 3 1
6 4 2
6 5 4
7 0 9
7 1 4
7 2 10
7 3 9
7 4 7
7 5 1
7 6 2
8 0 1
8 1 8
8 2 4
8 3 10
8 4 3
8 5 8
8 6 9
8 7 5
9 0 6
9 1 2
9 2 8
9 3 2
9 4 6
9 5 2
9 6 8
9 7 1
9 8 7
10 0 9
10 1 3
10 2 10
10 3 7
10 4 10
10 5 2
10 6 10
10 7 8
10 8 10
10 9 8
11 0 5
11 1 10
11 2 6
11 3 4
11 4 2
11 5 1
11 6 4
11 7 6
11 8 6
11 9 2
11 10 10
12 0 10
12 1 10
12 2 1
12 3 4
12 4 3
12 5 2
12 6 1
12 7 4
12 8 2
12 9 8
12 10 2
12 11 5
13 0 2
13 1 3
13 2 1
13 3 8
13 4 5
13 5 8
13 6 1
13 7 9
13 8 9
13 9 7
13 10 1
13 11 3
13 12 10
14 0 5
14 1 5
14 2 1
14 3 4
14 4 6
14 5 8
14 6 2
14 7 10
14 8 6
14 9 7
14 10 10
14 11 10
14 12 6
14 13 6
15 0 8
15 1 1
15 2 10
15 3 7
15 4 3
15 5 3
15 6 9
15 7 8
15 8 6
15 9 6
15 10 7
15 11 3
15 12 4
15 13 9
15 14 10
16 0 10
16 1 8
16 2 10
16 3 4
16 4 6
16 5 6
16 6 10
16 7 3
16 8 4
16 9 8
16 10 6
16 11 9
16 12 6
16 13 4
16 14 5
16 15 8
17 0 5
17 1 10
17 2 9
17 3 6
17 4 4
17 5 10
17 6 2
17 7 2
17 8 6
17 9 9
17 10 8
17 11 10
17 12 1
17 13 10
17 14 8
17 15 9
17 16 2
18 0 8
18 1 3
18 2 10
18 3 9
18 4 3
18 5 5
18 6 7
18 7 6
18 8 5
18 9 2
18 10 10
18 11 2
18 12 4
18 13 10
18 14 8
18 15 3
18 16 7
18 17 6
19 0 10
19 1 1
19 2 6
19 3 9
19 4 7
19 5 10
19 6 2
19 7 10
19 8 7
19 9 4
19 10 8
19 11 9
19 12 10
19 13 5
19 14 10
19 15 3
19 16 7
19 17 3
19 18 9
