60
1 0 20
2 0 35
2 1 3
3 1 11
3 2 17
4 0 19
4 1 12
4 2 27
4 3 23
5 0 26
5 1 33
5 3 32
6 0 42
6 2 26
6 3 8
7 5 41
8 1 30
8 3 33
8 6 44
9 3 22
9 5 3
9 8 7
10 1 3
10 7 6
10 8 26
11 0 50
11 1 47
11 2 8
11 5 19
11 6 30
11 8 41
11 9 46
12 3 4
12 5 45
12 7 5
12 8 5
12 9 49
13 1 15
13 5 11
13 6 44
13 12 8
14 1 2
14 4 1
14 5 41
14 8 25
14 9 29
14 11 10
14 13 1
15 1 46
15 2 43
15 3 27
15 7 8
15 8 41
15 11 23
15 12 16
15 14 23
16 1 35
16 4 10
16 5 35
16 8 45
16 10 22
16 12 48
16 13 20
16 14 42
17 0 28
17 1 11
17 4 42
17 7 23
17 10 13
17 11 21
17 12 30
17 13 32
17 14 25
18 1 37
18 3 14
18 4 21
18 5 26
18 6 4
18 9 12
18 12 5
18 16 22
18 17 2
19 1 33
19 2 30
19 5 5
19 7 43
19 9 1
19 10 30
19 12 20
19 13 26
19 15 13
19 17 4
20 0 50
20 1 43
20 2 23
20 4 48
20 6 4
20 9 20
20 10 1
20 11 14
20 12 33
20 15 21
20 18 32
21 5 1
21 6 36
21 9 7
21 10 14
21 14 40
21 18 42
21 19 24
22 4 28
22 7 31
22 8 11
22 10 4
22 11 47
22 12 36
22 16 11
23 0 31
23 1 23
23 2 13
23 5 5
23 6 4
23 8 12
23 9 28
23 10 45
23 11 45
23 12 12
23 14 34
23 16 26
23 18 4
23 20 34
23 21 9
24 1 45
24 2 25
24 4 18
24 5 6
24 6 47
24 8 12
24 10 38
24 11 21
24 12 21
24 15 4
24 16 16
24 23 36
25 0 47
25 1 3
25 3 8
25 7 11
25 9 42
25 11 6
25 12 13
25 14 29
25 15 29
25 16 35
25 17 12
25 20 2
25 21 43
25 22 9
25 23 26
26 10 9
26 12 12
26 13 45
26 14 38
26 15 47
26 17 24
26 20 20
26 22 26
26 25 34
27 3 10
27 4 39
27 6 40
27 7 31
27 8 39
27 9 20
27 10 41
27 11 6
27 19 17
27 20 21
27 21 44
27 24 17
28 3 12
28 7 20
28 10 41
28 11 45
28 14 14
28 15 39
28 17 23
28 18 42
28 20 31
28 21 50
28 22 6
28 23 37
29 1 50
29 2 25
29 3 32
29 6 6
29 12 22
29 18 15
29 21 27
29 22 2
29 23 34
29 24 22
29 25 8
29 28 5
30 0 50
30 1 14
30 2 20
30 4 7
30 5 27
30 6 46
30 7 43
30 8 46
30 11 3
30 13 35
30 15 3
30 19 37
30 20 2
30 21 34
30 23 21
30 24 34
30 27 44
31 1 25
31 2 2
31 5 31
31 7 7
31 8 39
31 11 10
31 13 43
31 14 7
31 16 5
31 18 43
31 19 40
31 21 33
31 22 40
31 23 30
31 25 45
31 27 33
31 28 24
31 30 13
32 1 2
32 4 13
32 8 26
32 10 23
32 11 42
32 14 7
32 15 30
32 19 12
32 21 31
32 22 22
32 23 17
32 24 34
32 30 19
32 31 2
33 2 43
33 8 31
33 9 3
33 14 46
33 15 4
33 16 36
33 18 38
33 21 46
33 25 48
33 27 18
34 2 25
34 4 17
34 5 23
34 17 29
34 19 2
34 20 8
34 21 10
34 24 19
34 25 4
34 26 12
34 27 26
34 30 7
34 31 26
35 1 1
35 11 18
35 14 20
35 15 23
35 16 16
35 19 28
35 22 50
35 27 36
35 31 30
36 0 23
36 1 37
36 4 21
36 7 45
36 11 22
36 12 10
36 15 25
36 17 22
36 19 18
36 20 18
36 25 45
36 30 4
36 31 37
36 32 8
36 33 42
36 34 45
36 35 25
37 2 12
37 3 41
37 6 4
37 7 33
37 8 21
37 9 22
37 12 6
37 17 7
37 18 13
37 19 25
37 21 29
37 24 43
37 25 47
37 26 10
37 28 7
37 34 3
37 35 2
38 1 33
38 2 12
38 3 30
38 4 29
38 5 18
38 6 22
38 8 12
38 10 37
38 11 50
38 12 43
38 15 25
38 16 41
38 19 6
38 20 12
38 21 17
38 22 8
38 31 32
38 34 39
38 37 41
39 0 32
39 2 21
39 3 18
39 5 23
39 6 48
39 7 9
39 8 16
39 9 7
39 12 50
39 14 8
39 15 8
39 18 13
39 21 50
39 22 47
39 27 24
39 28 5
39 29 30
39 31 29
39 33 34
39 34 14
39 35 15
39 36 31
39 38 48
40 2 47
40 5 41
40 6 15
40 7 23
40 12 26
40 14 31
40 17 30
40 18 23
40 19 33
40 21 25
40 22 35
40 25 2
40 26 25
40 34 32
40 36 26
41 0 30
41 5 15
41 6 50
41 8 13
41 9 8
41 10 40
41 12 23
41 14 7
41 17 10
41 19 28
41 20 44
41 21 28
41 23 25
41 24 48
41 29 45
41 31 36
41 32 29
41 34 44
41 35 39
41 36 6
41 37 18
41 40 27
42 0 4
42 1 3
42 2 20
42 3 36
42 4 11
42 10 33
42 11 11
42 12 39
42 13 4
42 17 23
42 22 42
42 23 16
42 26 35
42 29 1
42 30 11
42 33 49
42 34 20
42 35 21
42 36 9
42 40 38
43 1 32
43 4 6
43 5 27
43 6 48
43 9 35
43 11 13
43 14 36
43 18 12
43 19 49
43 20 18
43 21 11
43 22 36
43 24 39
43 25 31
43 26 20
43 27 38
43 28 50
43 29 7
43 31 37
43 32 45
43 34 50
43 36 26
43 38 13
43 39 19
43 42 33
44 0 17
44 1 33
44 2 14
44 4 25
44 5 38
44 6 20
44 8 22
44 11 19
44 13 35
44 14 2
44 15 35
44 17 16
44 18 47
44 19 27
44 20 3
44 24 29
44 32 12
44 33 5
44 35 11
44 36 12
44 38 1
44 42 49
45 1 45
45 4 23
45 5 16
45 8 4
45 11 6
45 13 33
45 14 21
45 16 30
45 18 32
45 19 11
45 20 27
45 21 50
45 22 21
45 24 21
45 25 50
45 29 23
45 30 23
45 31 25
45 34 24
45 37 17
45 38 24
45 40 5
45 41 43
45 42 14
46 1 29
46 2 29
46 4 47
46 6 38
46 10 3
46 11 30
46 14 23
46 16 45
46 18 15
46 20 10
46 23 12
46 24 8
46 26 18
46 27 45
46 28 17
46 32 30
46 36 43
46 37 11
46 38 42
46 39 2
46 41 22
46 43 11
46 44 47
47 3 19
47 4 41
47 5 12
47 6 24
47 9 18
47 11 22
47 12 3
47 13 42
47 16 35
47 22 7
47 23 27
47 25 7
47 27 14
47 30 48
47 33 9
47 36 19
47 37 7
47 40 36
47 43 48
48 1 40
48 2 49
48 3 41
48 4 13
48 5 26
48 11 14
48 15 49
48 16 43
48 17 9
48 20 11
48 21 30
48 23 36
48 25 40
48 26 24
48 27 11
48 29 31
48 30 28
48 34 47
48 35 24
48 37 43
48 38 15
48 40 41
48 43 4
48 45 1
48 46 32
48 47 46
49 0 40
49 2 37
49 6 7
49 7 13
49 8 9
49 9 1
49 10 36
49 12 19
49 15 37
49 17 12
49 19 3
49 20 14
49 22 14
49 26 9
49 27 31
49 28 16
49 29 19
49 31 13
49 41 46
49 42 21
49 43 25
49 44 41
49 45 7
50 2 6
50 3 2
50 4 6
50 5 33
50 13 40
50 14 37
50 18 4
50 19 37
50 22 20
50 23 34
50 26 47
50 27 39
50 28 50
50 29 50
50 33 12
50 34 8
50 35 18
50 36 47
50 38 14
50 41 12
50 46 28
50 47 6
50 48 50
50 49 26
51 0 45
51 4 42
51 5 2
51 6 45
51 7 16
51 10 3
51 13 27
51 14 21
51 16 38
51 24 18
51 26 47
51 27 48
51 28 12
51 29 22
51 30 34
51 31 31
51 33 28
51 34 31
51 39 33
51 40 48
51 41 14
51 42 14
51 43 22
51 45 2
51 46 17
51 48 47
51 50 35
52 0 36
52 3 47
52 4 36
52 5 25
52 6 35
52 8 35
52 10 11
52 15 42
52 19 31
52 20 6
52 23 24
52 26 23
52 27 2
52 29 50
52 32 33
52 33 29
52 34 22
52 35 9
52 36 46
52 39 2
52 41 1
52 42 34
52 43 33
52 46 10
52 48 40
52 50 19
53 1 27
53 2 4
53 3 49
53 4 23
53 5 14
53 6 22
53 7 6
53 8 48
53 9 21
53 10 32
53 11 28
53 12 13
53 13 50
53 18 33
53 19 24
53 22 4
53 24 33
53 26 50
53 27 33
53 30 8
53 31 34
53 32 7
53 37 20
53 38 28
53 39 49
53 41 4
53 45 34
53 46 8
53 47 18
53 49 6
54 0 36
54 4 12
54 7 20
54 8 30
54 9 6
54 10 46
54 12 18
54 15 16
54 16 24
54 17 19
54 18 11
54 19 46
54 20 26
54 23 30
54 25 32
54 26 49
54 27 9
54 28 50
54 29 12
54 30 48
54 32 27
54 33 38
54 34 30
54 38 28
54 40 48
54 42 26
54 43 22
54 44 3
54 45 41
54 46 6
54 47 36
54 49 36
54 50 2
54 52 24
55 1 48
55 2 43
55 4 34
55 8 11
55 11 29
55 15 46
55 16 18
55 17 42
55 19 49
55 20 30
55 22 22
55 23 2
55 24 7
55 25 50
55 26 20
55 27 24
55 30 32
55 32 1
55 37 12
55 39 30
55 40 41
55 41 8
55 42 32
55 45 24
55 47 30
55 48 42
55 50 24
55 52 36
56 1 46
56 7 37
56 9 48
56 10 36
56 12 15
56 13 11
56 15 3
56 21 49
56 24 19
56 25 4
56 27 38
56 28 29
56 30 37
56 31 36
56 34 29
56 36 23
56 39 23
56 40 30
56 42 48
56 43 34
56 44 25
56 45 1
56 46 15
56 47 6
56 48 25
56 51 46
56 54 14
57 0 8
57 2 41
57 3 3
57 4 50
57 6 48
57 9 11
57 13 36
57 14 49
57 19 41
57 23 15
57 27 1
57 28 48
57 34 35
57 35 31
57 37 46
57 39 36
57 40 33
57 44 40
57 45 35
57 47 43
57 48 11
57 51 26
57 52 20
57 53 1
57 56 22
58 0 45
58 1 32
58 2 27
58 3 24
58 5 42
58 6 22
58 8 6
58 9 8
58 10 4
58 14 49
58 16 48
58 17 32
58 19 3
58 20 17
58 21 48
58 25 18
58 27 49
58 28 30
58 29 18
58 30 46
58 32 29
58 34 35
58 36 44
58 37 45
58 38 31
58 41 17
58 44 42
58 45 42
58 46 38
58 47 4
58 50 28
58 51 13
58 52 50
58 57 50
59 0 23
59 2 32
59 4 6
59 8 43
59 11 36
59 12 29
59 13 3
59 15 16
59 18 37
59 20 20
59 21 29
59 24 8
59 25 38
59 29 28
59 34 3
59 37 13
59 38 30
59 39 33
59 40 7
59 42 20
59 48 9
59 50 7
59 53 20
