75
2 0 1
2 1 1
3 0 1
3 1 1
3 2 1
5 1 1
5 2 1
6 0 1
6 1 1
6 2 1
6 3 1
6 5 1
7 0 1
7 3 1
7 4 1
7 6 1
8 1 1
8 3 1
8 7 1
9 0 1
9 1 1
9 2 1
9 3 1
9 7 1
9 8 1
10 2 1
10 3 1
10 4 1
10 6 1
10 8 1
11 3 1
11 5 1
11 6 1
11 7 1
11 10 1
12 4 1
12 5 1
12 8 1
12 9 1
13 2 1
13 4 1
13 6 1
13 7 1
13 9 1
13 10 1
13 12 1
14 1 1
14 3 1
14 6 1
14 8 1
14 11 1
15 2 1
15 5 1
15 6 1
15 7 1
15 8 1
15 10 1
15 13 1
15 14 1
16 0 1
16 1 1
16 4 1
16 8 1
16 9 1
16 10 1
16 13 1
16 15 1
17 4 1
17 6 1
17 7 1
17 8 1
17 10 1
17 12 1
17 13 1
17 16 1
18 0 1
18 1 1
18 3 1
18 4 1
18 5 1
18 8 1
18 9 1
18 11 1
18 14 1
18 15 1
18 17 1
19 0 1
19 1 1
19 3 1
19 6 1
19 8 1
19 9 1
19 11 1
19 14 1
19 15 1
19 17 1
20 2 1
20 3 1
20 5 1
20 6 1
20 8 1
20 15 1
20 16 1
20 18 1
20 19 1
21 1 1
21 3 1
21 6 1
21 9 1
21 10 1
21 15 1
21 16 1
21 20 1
22 0 1
22 2 1
22 4 1
22 5 1
22 6 1
22 12 1
22 13 1
22 15 1
22 17 1
22 18 1
22 19 1
23 3 1
23 8 1
23 13 1
23 15 1
23 17 1
23 21 1
24 0 1
24 4 1
24 6 1
24 14 1
24 16 1
24 18 1
24 19 1
24 20 1
24 21 1
25 1 1
25 3 1
25 5 1
25 6 1
25 9 1
25 10 1
25 13 1
25 14 1
25 15 1
25 16 1
25 17 1
25 19 1
25 20 1
25 21 1
26 3 1
26 4 1
26 8 1
26 10 1
26 15 1
26 16 1
26 18 1
26 19 1
26 24 1
27 0 1
27 1 1
27 4 1
27 5 1
27 6 1
27 7 1
27 10 1
27 16 1
27 17 1
27 20 1
28 0 1
28 1 1
28 2 1
28 5 1
28 6 1
28 7 1
28 9 1
28 10 1
28 15 1
28 20 1
28 23 1
28 24 1
28 25 1
28 27 1
29 1 1
29 2 1
29 3 1
29 4 1
29 5 1
29 11 1
29 12 1
29 13 1
29 14 1
29 15 1
29 17 1
29 23 1
29 25 1
29 26 1
30 1 1
30 2 1
30 4 1
30 5 1
30 6 1
30 7 1
30 8 1
30 9 1
30 13 1
30 14 1
30 15 1
30 16 1
30 19 1
30 21 1
30 26 1
30 27 1
30 28 1
30 29 1
31 0 1
31 1 1
31 3 1
31 5 1
31 10 1
31 11 1
31 12 1
31 17 1
31 21 1
31 22 1
31 23 1
31 24 1
31 25 1
31 26 1
31 30 1
32 0 1
32 1 1
32 4 1
32 7 1
32 9 1
32 10 1
32 13 1
32 16 1
32 17 1
32 19 1
32 20 1
32 21 1
32 22 1
32 25 1
32 27 1
32 28 1
32 30 1
32 31 1
33 0 1
33 1 1
33 2 1
33 4 1
33 6 1
33 9 1
33 12 1
33 13 1
33 15 1
33 17 1
33 18 1
33 19 1
33 22 1
33 23 1
33 24 1
33 25 1
33 27 1
33 28 1
33 30 1
33 32 1
34 0 1
34 1 1
34 3 1
34 7 1
34 13 1
34 14 1
34 15 1
34 16 1
34 17 1
34 18 1
34 20 1
34 21 1
34 23 1
34 24 1
34 25 1
34 26 1
34 29 1
34 31 1
35 0 1
35 1 1
35 2 1
35 3 1
35 4 1
35 6 1
35 9 1
35 11 1
35 12 1
35 16 1
35 17 1
35 18 1
35 22 1
35 23 1
35 24 1
35 27 1
35 28 1
35 29 1
35 31 1
35 33 1
35 34 1
36 0 1
36 2 1
36 3 1
36 4 1
36 5 1
36 9 1
36 10 1
36 12 1
36 13 1
36 14 1
36 16 1
36 18 1
36 19 1
36 20 1
36 21 1
36 22 1
36 23 1
36 25 1
36 30 1
36 31 1
36 35 1
37 0 1
37 1 1
37 3 1
37 4 1
37 5 1
37 9 1
37 10 1
37 11 1
37 14 1
37 15 1
37 16 1
37 17 1
37 18 1
37 19 1
37 20 1
37 21 1
37 22 1
37 23 1
37 24 1
37 25 1
37 27 1
37 28 1
37 33 1
37 34 1
37 35 1
37 36 1
38 1 1
38 2 1
38 3 1
38 7 1
38 10 1
38 11 1
38 12 1
38 13 1
38 15 1
38 17 1
38 18 1
38 20 1
38 28 1
38 30 1
38 36 1
39 1 1
39 2 1
39 3 1
39 5 1
39 6 1
39 7 1
39 10 1
39 11 1
39 14 1
39 16 1
39 18 1
39 21 1
39 22 1
39 23 1
39 26 1
39 28 1
39 29 1
39 31 1
39 37 1
39 38 1
40 1 1
40 2 1
40 4 1
40 6 1
40 9 1
40 15 1
40 17 1
40 18 1
40 20 1
40 21 1
40 24 1
40 28 1
40 31 1
40 32 1
40 33 1
40 34 1
40 36 1
40 38 1
41 1 1
41 2 1
41 5 1
41 7 1
41 11 1
41 15 1
41 19 1
41 20 1
41 25 1
41 26 1
41 30 1
41 32 1
41 34 1
41 39 1
42 0 1
42 1 1
42 3 1
42 4 1
42 9 1
42 13 1
42 14 1
42 15 1
42 17 1
42 18 1
42 19 1
42 20 1
42 22 1
42 27 1
42 28 1
42 29 1
42 31 1
42 32 1
42 33 1
42 35 1
42 38 1
42 39 1
42 41 1
43 0 1
43 2 1
43 3 1
43 5 1
43 7 1
43 10 1
43 12 1
43 15 1
43 17 1
43 20 1
43 21 1
43 22 1
43 23 1
43 25 1
43 26 1
43 27 1
43 28 1
43 29 1
43 31 1
43 32 1
43 33 1
43 34 1
43 36 1
43 37 1
43 41 1
44 1 1
44 2 1
44 5 1
44 7 1
44 8 1
44 9 1
44 10 1
44 11 1
44 13 1
44 14 1
44 15 1
44 17 1
44 20 1
44 23 1
44 24 1
44 27 1
44 30 1
44 32 1
44 33 1
44 36 1
44 40 1
44 41 1
45 0 1
45 1 1
45 2 1
45 3 1
45 4 1
45 5 1
45 8 1
45 10 1
45 11 1
45 12 1
45 13 1
45 17 1
45 20 1
45 21 1
45 23 1
45 24 1
45 25 1
45 27 1
45 29 1
45 32 1
45 33 1
45 34 1
45 35 1
45 42 1
46 1 1
46 2 1
46 3 1
46 5 1
46 10 1
46 11 1
46 18 1
46 19 1
46 20 1
46 21 1
46 23 1
46 32 1
46 33 1
46 35 1
46 37 1
46 39 1
46 42 1
46 43 1
46 45 1
47 1 1
47 2 1
47 5 1
47 7 1
47 8 1
47 10 1
47 14 1
47 16 1
47 17 1
47 18 1
47 19 1
47 20 1
47 21 1
47 22 1
47 23 1
47 26 1
47 27 1
47 29 1
47 31 1
47 33 1
47 35 1
47 36 1
47 39 1
47 41 1
47 46 1
48 0 1
48 5 1
48 6 1
48 8 1
48 9 1
48 10 1
48 11 1
48 12 1
48 13 1
48 15 1
48 16 1
48 17 1
48 18 1
48 19 1
48 22 1
48 25 1
48 26 1
48 27 1
48 30 1
48 32 1
48 33 1
48 34 1
48 35 1
48 37 1
48 40 1
48 41 1
48 42 1
48 45 1
48 47 1
49 2 1
49 3 1
49 4 1
49 9 1
49 10 1
49 15 1
49 19 1
49 20 1
49 21 1
49 22 1
49 24 1
49 27 1
49 28 1
49 30 1
49 32 1
49 35 1
49 36 1
49 37 1
49 40 1
49 41 1
49 42 1
49 47 1
50 2 1
50 6 1
50 8 1
50 12 1
50 23 1
50 25 1
50 27 1
50 31 1
50 34 1
50 36 1
50 39 1
50 41 1
50 42 1
50 43 1
50 44 1
50 47 1
50 49 1
51 0 1
51 1 1
51 2 1
51 4 1
51 5 1
51 10 1
51 12 1
51 18 1
51 19 1
51 22 1
51 24 1
51 25 1
51 26 1
51 28 1
51 30 1
51 32 1
51 34 1
51 36 1
51 38 1
51 39 1
51 47 1
52 0 1
52 1 1
52 4 1
52 5 1
52 6 1
52 7 1
52 9 1
52 12 1
52 13 1
52 17 1
52 18 1
52 20 1
52 21 1
52 24 1
52 25 1
52 26 1
52 27 1
52 30 1
52 35 1
52 38 1
52 41 1
52 42 1
52 45 1
52 47 1
52 49 1
52 50 1
53 0 1
53 1 1
53 3 1
53 4 1
53 7 1
53 12 1
53 16 1
53 17 1
53 18 1
53 19 1
53 22 1
53 24 1
53 25 1
53 26 1
53 27 1
53 30 1
53 31 1
53 32 1
53 33 1
53 35 1
53 36 1
53 37 1
53 39 1
53 42 1
53 43 1
53 45 1
53 46 1
53 51 1
53 52 1
54 1 1
54 3 1
54 5 1
54 6 1
54 7 1
54 8 1
54 10 1
54 11 1
54 13 1
54 14 1
54 15 1
54 16 1
54 18 1
54 19 1
54 20 1
54 24 1
54 27 1
54 28 1
54 29 1
54 31 1
54 32 1
54 34 1
54 35 1
54 37 1
54 39 1
54 40 1
54 43 1
54 44 1
54 45 1
54 46 1
54 48 1
54 49 1
54 51 1
54 53 1
55 0 1
55 2 1
55 4 1
55 7 1
55 10 1
55 11 1
55 13 1
55 14 1
55 15 1
55 16 1
55 19 1
55 21 1
55 22 1
55 23 1
55 24 1
55 25 1
55 26 1
55 33 1
55 37 1
55 40 1
55 43 1
55 45 1
55 47 1
55 51 1
55 54 1
56 0 1
56 5 1
56 6 1
56 7 1
56 9 1
56 10 1
56 12 1
56 13 1
56 14 1
56 17 1
56 21 1
56 22 1
56 23 1
56 25 1
56 30 1
56 31 1
56 32 1
56 33 1
56 35 1
56 36 1
56 38 1
56 42 1
56 44 1
56 45 1
56 46 1
56 47 1
56 48 1
56 50 1
56 51 1
56 52 1
56 53 1
56 55 1
57 0 1
57 1 1
57 2 1
57 4 1
57 6 1
57 7 1
57 11 1
57 13 1
57 14 1
57 15 1
57 16 1
57 20 1
57 21 1
57 23 1
57 25 1
57 27 1
57 28 1
57 29 1
57 30 1
57 31 1
57 33 1
57 36 1
57 37 1
57 39 1
57 40 1
57 41 1
57 42 1
57 44 1
57 50 1
57 51 1
57 56 1
58 0 1
58 2 1
58 3 1
58 4 1
58 7 1
58 8 1
58 9 1
58 10 1
58 13 1
58 14 1
58 23 1
58 25 1
58 27 1
58 34 1
58 35 1
58 43 1
58 44 1
58 47 1
58 48 1
58 50 1
58 52 1
58 53 1
58 55 1
58 56 1
58 57 1
59 1 1
59 3 1
59 4 1
59 7 1
59 10 1
59 11 1
59 14 1
59 15 1
59 18 1
59 23 1
59 27 1
59 31 1
59 33 1
59 34 1
59 36 1
59 37 1
59 38 1
59 40 1
59 42 1
59 43 1
59 44 1
59 47 1
59 49 1
59 50 1
59 54 1
59 56 1
60 0 1
60 1 1
60 4 1
60 7 1
60 8 1
60 11 1
60 13 1
60 14 1
60 15 1
60 16 1
60 17 1
60 19 1
60 22 1
60 25 1
60 26 1
60 27 1
60 31 1
60 32 1
60 35 1
60 39 1
60 40 1
60 41 1
60 42 1
60 48 1
60 52 1
60 53 1
60 55 1
61 1 1
61 2 1
61 4 1
61 5 1
61 7 1
61 8 1
61 9 1
61 12 1
61 17 1
61 19 1
61 20 1
61 24 1
61 25 1
61 28 1
61 30 1
61 32 1
61 34 1
61 38 1
61 39 1
61 40 1
61 43 1
61 44 1
61 45 1
61 47 1
61 48 1
61 50 1
61 52 1
61 55 1
61 56 1
61 58 1
61 59 1
61 60 1
62 2 1
62 3 1
62 5 1
62 6 1
62 8 1
62 9 1
62 10 1
62 16 1
62 19 1
62 20 1
62 21 1
62 24 1
62 25 1
62 29 1
62 30 1
62 33 1
62 34 1
62 36 1
62 37 1
62 39 1
62 41 1
62 42 1
62 43 1
62 45 1
62 48 1
62 52 1
62 59 1
63 1 1
63 2 1
63 3 1
63 4 1
63 5 1
63 6 1
63 7 1
63 11 1
63 13 1
63 14 1
63 17 1
63 18 1
63 19 1
63 21 1
63 23 1
63 25 1
63 26 1
63 28 1
63 29 1
63 32 1
63 34 1
63 35 1
63 36 1
63 37 1
63 41 1
63 43 1
63 44 1
63 49 1
63 51 1
63 54 1
63 56 1
63 57 1
63 59 1
63 62 1
64 0 1
64 1 1
64 4 1
64 5 1
64 8 1
64 10 1
64 11 1
64 13 1
64 16 1
64 17 1
64 18 1
64 20 1
64 21 1
64 24 1
64 25 1
64 26 1
64 31 1
64 32 1
64 33 1
64 34 1
64 35 1
64 36 1
64 37 1
64 40 1
64 41 1
64 43 1
64 44 1
64 45 1
64 46 1
64 47 1
64 48 1
64 49 1
64 52 1
64 55 1
64 57 1
64 61 1
64 62 1
65 1 1
65 3 1
65 4 1
65 5 1
65 6 1
65 7 1
65 8 1
65 9 1
65 12 1
65 16 1
65 17 1
65 18 1
65 19 1
65 20 1
65 23 1
65 24 1
65 25 1
65 26 1
65 27 1
65 29 1
65 31 1
65 33 1
65 34 1
65 35 1
65 36 1
65 42 1
65 43 1
65 44 1
65 45 1
65 46 1
65 47 1
65 48 1
65 49 1
65 50 1
65 51 1
65 52 1
65 54 1
65 56 1
65 58 1
65 59 1
65 61 1
65 62 1
65 64 1
66 2 1
66 3 1
66 4 1
66 5 1
66 8 1
66 9 1
66 11 1
66 14 1
66 16 1
66 19 1
66 20 1
66 21 1
66 29 1
66 30 1
66 31 1
66 32 1
66 33 1
66 36 1
66 37 1
66 38 1
66 40 1
66 42 1
66 44 1
66 45 1
66 46 1
66 47 1
66 54 1
66 55 1
66 58 1
66 60 1
66 62 1
66 64 1
66 65 1
67 0 1
67 1 1
67 6 1
67 10 1
67 14 1
67 15 1
67 18 1
67 21 1
67 24 1
67 27 1
67 28 1
67 29 1
67 34 1
67 35 1
67 38 1
67 39 1
67 41 1
67 44 1
67 48 1
67 50 1
67 51 1
67 54 1
67 56 1
67 57 1
67 58 1
67 59 1
67 62 1
67 63 1
67 65 1
68 0 1
68 1 1
68 3 1
68 5 1
68 6 1
68 8 1
68 10 1
68 11 1
68 12 1
68 13 1
68 14 1
68 16 1
68 17 1
68 20 1
68 21 1
68 24 1
68 26 1
68 30 1
68 31 1
68 32 1
68 33 1
68 34 1
68 35 1
68 36 1
68 39 1
68 40 1
68 41 1
68 43 1
68 44 1
68 47 1
68 48 1
68 52 1
68 55 1
68 56 1
68 58 1
68 59 1
68 61 1
68 62 1
68 67 1
69 2 1
69 4 1
69 6 1
69 7 1
69 8 1
69 10 1
69 12 1
69 14 1
69 16 1
69 18 1
69 20 1
69 23 1
69 26 1
69 27 1
69 28 1
69 29 1
69 31 1
69 32 1
69 34 1
69 36 1
69 39 1
69 41 1
69 44 1
69 45 1
69 48 1
69 49 1
69 50 1
69 51 1
69 55 1
69 58 1
69 62 1
69 63 1
69 66 1
69 68 1
70 1 1
70 6 1
70 8 1
70 9 1
70 11 1
70 12 1
70 13 1
70 15 1
70 17 1
70 18 1
70 19 1
70 20 1
70 21 1
70 22 1
70 23 1
70 24 1
70 29 1
70 31 1
70 32 1
70 35 1
70 36 1
70 38 1
70 40 1
70 44 1
70 46 1
70 47 1
70 48 1
70 52 1
70 53 1
70 55 1
70 57 1
70 59 1
70 62 1
70 64 1
70 66 1
70 68 1
70 69 1
71 0 1
71 2 1
71 3 1
71 8 1
71 11 1
71 13 1
71 14 1
71 17 1
71 19 1
71 20 1
71 21 1
71 24 1
71 30 1
71 32 1
71 33 1
71 38 1
71 40 1
71 41 1
71 42 1
71 43 1
71 46 1
71 47 1
71 49 1
71 50 1
71 54 1
71 55 1
71 56 1
71 58 1
71 60 1
71 61 1
71 62 1
71 64 1
71 68 1
71 69 1
72 0 1
72 1 1
72 2 1
72 4 1
72 5 1
72 6 1
72 8 1
72 10 1
72 13 1
72 14 1
72 16 1
72 18 1
72 19 1
72 21 1
72 22 1
72 23 1
72 24 1
72 28 1
72 29 1
72 31 1
72 34 1
72 36 1
72 37 1
72 38 1
72 40 1
72 41 1
72 42 1
72 43 1
72 45 1
72 46 1
72 50 1
72 51 1
72 54 1
72 56 1
72 57 1
72 58 1
72 59 1
72 61 1
72 63 1
72 66 1
73 1 1
73 2 1
73 5 1
73 12 1
73 13 1
73 15 1
73 16 1
73 18 1
73 25 1
73 28 1
73 31 1
73 32 1
73 42 1
73 43 1
73 44 1
73 45 1
73 47 1
73 49 1
73 50 1
73 51 1
73 53 1
73 54 1
73 57 1
73 59 1
73 60 1
73 62 1
73 63 1
73 65 1
73 68 1
73 70 1
74 0 1
74 2 1
74 6 1
74 7 1
74 10 1
74 13 1
74 15 1
74 16 1
74 18 1
74 21 1
74 22 1
74 23 1
74 24 1
74 25 1
74 26 1
74 30 1
74 33 1
74 34 1
74 41 1
74 43 1
74 44 1
74 46 1
74 47 1
74 48 1
74 50 1
74 52 1
74 53 1
74 56 1
74 57 1
74 58 1
74 59 1
74 61 1
74 62 1
74 66 1
74 67 1
74 69 1
74 71 1
74 72 1
74 73 1
