65
2 0 4
3 0 67
3 1 45
3 2 15
4 2 81
4 3 49
5 0 59
5 1 1
5 3 1
5 4 67
6 0 4
6 3 35
6 5 80
7 2 72
7 3 5
7 4 74
7 5 89
7 6 43
8 0 45
8 1 3
8 2 93
8 4 3
8 5 13
8 6 29
8 7 66
9 0 79
9 2 29
9 3 25
9 4 36
9 8 56
10 0 4
10 1 35
10 2 65
10 3 42
10 4 76
10 5 34
10 6 63
11 1 24
11 2 76
11 3 10
11 4 65
11 8 56
11 9 57
12 2 91
12 3 64
12 7 29
12 9 22
13 2 74
13 3 1
13 7 84
13 9 18
14 4 55
14 5 32
14 6 94
14 8 13
14 9 53
14 11 3
14 12 88
14 13 35
15 1 17
15 2 48
15 4 61
15 6 37
15 9 18
15 10 85
15 11 19
15 12 4
16 1 78
16 2 11
16 13 31
16 14 66
17 0 58
17 3 34
17 8 43
17 9 58
17 10 11
17 11 82
17 13 96
17 14 18
18 0 72
18 1 87
18 2 17
18 3 24
18 4 43
18 5 47
18 7 35
18 11 1
18 13 86
18 17 13
19 1 63
19 2 64
19 3 43
19 9 22
19 12 84
19 13 59
19 15 41
19 18 37
20 2 71
20 3 33
20 6 57
20 7 49
20 10 93
20 11 24
20 13 31
20 17 37
21 0 49
21 4 81
21 5 65
21 6 52
21 8 11
21 9 15
21 10 94
21 12 59
21 15 25
21 17 6
22 1 60
22 2 49
22 4 32
22 7 24
22 9 22
22 11 26
22 12 25
22 13 20
22 17 91
22 19 20
22 20 47
22 21 3
23 0 94
23 1 80
23 2 35
23 3 76
23 5 48
23 7 9
23 8 51
23 11 84
23 12 20
23 13 30
23 15 26
23 17 62
23 19 57
23 20 51
23 21 10
23 22 3
24 2 93
24 4 14
24 6 69
24 7 11
24 13 32
24 14 4
24 15 49
24 16 38
24 17 34
24 21 64
25 1 92
25 3 17
25 4 57
25 8 39
25 10 51
25 12 63
25 15 39
25 16 12
25 17 97
25 19 61
25 20 86
25 24 1
26 0 19
26 1 52
26 6 71
26 7 57
26 8 65
26 9 45
26 10 76
26 12 42
26 13 36
26 14 28
26 15 97
26 19 99
26 21 41
26 23 25
27 1 36
27 3 10
27 12 81
27 14 79
27 15 93
27 17 85
27 20 2
27 24 84
27 26 24
28 0 77
28 1 47
28 2 19
28 4 39
28 5 74
28 6 73
28 7 42
28 9 30
28 13 26
28 16 56
28 17 1
28 18 58
28 19 15
28 20 59
28 21 61
28 24 91
28 26 56
28 27 42
29 2 18
29 3 89
29 9 70
29 10 55
29 11 84
29 13 47
29 16 54
29 17 44
29 18 77
29 19 44
29 24 95
29 26 11
29 28 8
30 5 50
30 7 83
30 9 72
30 10 20
30 11 7
30 16 69
30 17 91
30 19 81
30 20 93
30 21 42
30 23 41
30 24 6
30 25 28
30 28 36
30 29 9
31 2 79
31 4 87
31 6 62
31 7 93
31 9 12
31 10 19
31 15 39
31 18 25
31 19 19
31 21 23
31 23 38
31 24 74
31 27 43
31 28 15
31 29 3
32 3 65
32 5 42
32 6 1
32 7 9
32 8 33
32 13 25
32 14 88
32 15 48
32 17 36
32 19 61
32 21 4
32 25 25
32 28 52
32 29 49
32 31 16
33 1 51
33 4 31
33 6 9
33 7 63
33 9 9
33 10 91
33 12 1
33 13 80
33 14 50
33 15 78
33 17 97
33 18 14
33 19 71
33 20 10
33 21 50
33 22 70
33 27 61
33 30 85
33 31 60
33 32 78
34 2 49
34 3 86
34 4 88
34 7 41
34 8 7
34 9 28
34 10 1
34 11 51
34 12 65
34 14 88
34 16 68
34 19 84
34 21 68
34 23 89
34 25 97
34 28 39
34 29 88
34 32 9
34 33 11
35 0 90
35 1 1
35 2 96
35 5 45
35 6 13
35 7 44
35 8 25
35 9 9
35 13 26
35 14 77
35 15 79
35 16 29
35 17 93
35 20 66
35 21 93
35 26 8
35 30 100
35 33 56
36 5 49
36 6 53
36 8 39
36 11 76
36 12 60
36 14 95
36 20 77
36 21 61
36 22 61
36 24 68
36 26 3
36 28 14
36 29 66
36 31 4
36 33 27
36 35 45
37 0 50
37 1 83
37 5 70
37 6 14
37 12 73
37 14 8
37 15 13
37 16 22
37 19 50
37 20 53
37 22 38
37 23 45
37 25 84
37 26 25
37 30 87
37 31 59
37 32 85
37 33 75
37 35 73
37 36 44
38 0 36
38 1 34
38 2 51
38 5 23
38 6 28
38 7 50
38 8 9
38 9 84
38 11 74
38 18 48
38 20 30
38 21 6
38 22 13
38 23 3
38 24 84
38 26 59
38 27 53
38 34 34
38 35 48
39 0 27
39 2 75
39 4 4
39 5 54
39 7 54
39 9 84
39 10 22
39 11 58
39 12 51
39 13 8
39 15 84
39 16 93
39 17 12
39 18 65
39 21 8
39 23 75
39 31 83
39 34 78
39 35 75
39 38 67
40 1 34
40 3 75
40 4 22
40 5 79
40 7 65
40 8 75
40 9 50
40 10 24
40 11 72
40 13 29
40 15 58
40 18 87
40 19 86
40 21 16
40 22 95
40 23 36
40 24 18
40 25 10
40 28 11
40 32 81
40 33 43
40 35 5
40 37 48
40 38 9
41 0 84
41 1 3
41 3 20
41 6 99
41 10 91
41 11 77
41 12 53
41 13 4
41 14 56
41 15 71
41 17 31
41 19 76
41 20 72
41 21 55
41 22 84
41 25 30
41 26 45
41 27 91
41 29 12
41 31 9
41 32 2
41 33 92
41 37 95
41 38 32
41 39 64
42 1 51
42 8 54
42 14 36
42 15 59
42 16 74
42 17 71
42 19 40
42 20 90
42 21 97
42 24 94
42 28 30
42 29 51
42 30 8
42 36 95
42 37 31
42 40 22
43 0 74
43 1 37
43 3 80
43 7 57
43 9 78
43 10 38
43 11 88
43 14 55
43 15 92
43 16 93
43 17 7
43 21 88
43 26 90
43 27 48
43 28 75
43 30 83
43 31 90
43 33 50
43 34 13
43 36 41
43 38 27
43 39 29
44 3 37
44 8 12
44 10 87
44 11 48
44 13 61
44 15 97
44 16 49
44 19 50
44 20 61
44 22 55
44 26 96
44 27 10
44 31 7
44 34 96
44 37 90
44 40 94
44 41 34
44 43 1
45 0 68
45 1 83
45 6 51
45 8 92
45 9 43
45 10 45
45 11 24
45 12 55
45 15 74
45 17 79
45 19 77
45 20 49
45 22 52
45 23 92
45 25 82
45 26 33
45 29 8
45 31 47
45 34 47
45 38 30
45 39 58
45 40 20
45 41 19
45 43 23
46 0 77
46 1 28
46 2 81
46 3 97
46 4 57
46 6 83
46 7 1
46 8 16
46 9 45
46 10 7
46 12 69
46 14 48
46 15 87
46 16 38
46 17 37
46 19 65
46 25 59
46 26 59
46 28 58
46 29 76
46 30 37
46 32 27
46 33 46
46 34 48
46 35 10
46 36 23
46 37 43
46 39 54
46 41 96
46 42 81
46 43 77
47 0 62
47 4 3
47 6 44
47 10 48
47 12 70
47 15 5
47 16 94
47 18 79
47 19 38
47 20 21
47 25 60
47 28 34
47 31 16
47 33 80
47 35 80
47 39 37
47 40 77
47 41 65
47 43 52
47 45 61
47 46 14
48 0 18
48 7 54
48 9 68
48 10 90
48 13 47
48 14 56
48 17 27
48 18 11
48 19 71
48 20 59
48 24 82
48 28 33
48 29 26
48 31 6
48 32 28
48 35 26
48 38 98
48 40 7
48 42 12
48 44 40
48 45 8
48 47 79
49 3 15
49 4 61
49 8 8
49 9 54
49 11 44
49 13 61
49 14 44
49 15 40
49 16 63
49 18 25
49 22 57
49 24 87
49 25 28
49 29 56
49 30 27
49 31 10
49 32 46
49 34 18
49 35 90
49 36 7
49 37 62
49 38 72
49 39 36
49 43 5
49 47 34
49 48 9
50 5 10
50 6 100
50 10 11
50 13 18
50 15 71
50 16 13
50 17 39
50 21 73
50 24 98
50 26 11
50 29 36
50 31 58
50 32 61
50 33 52
50 34 69
50 35 47
50 37 1
50 40 26
50 43 50
50 44 80
50 45 7
51 3 13
51 5 35
51 6 26
51 8 81
51 12 8
51 14 67
51 17 17
51 18 19
51 19 13
51 20 1
51 21 62
51 25 93
51 28 44
51 30 35
51 31 10
51 32 75
51 33 26
51 34 48
51 35 31
51 38 29
51 39 56
51 41 75
51 42 7
51 43 78
51 44 37
51 45 18
51 47 70
51 48 27
51 50 72
52 1 89
52 5 36
52 12 12
52 14 86
52 20 20
52 21 83
52 24 97
52 26 54
52 29 51
52 30 16
52 35 40
52 40 56
52 41 92
52 42 51
52 43 73
52 47 8
52 48 21
52 51 25
53 0 22
53 1 33
53 6 72
53 8 43
53 12 12
53 14 73
53 15 47
53 19 48
53 20 27
53 25 54
53 29 78
53 33 2
53 34 44
53 35 56
53 36 64
53 37 6
53 40 46
53 42 37
53 43 39
53 45 68
53 46 75
53 48 10
53 50 74
54 2 78
54 3 99
54 7 89
54 8 26
54 9 72
54 10 91
54 11 10
54 13 25
54 14 46
54 15 73
54 16 74
54 18 60
54 19 12
54 20 36
54 23 29
54 25 12
54 26 27
54 29 15
54 30 22
54 32 80
54 33 43
54 34 38
54 36 8
54 37 23
54 42 63
54 43 53
54 46 71
54 47 57
54 48 2
54 51 51
54 52 10
54 53 31
55 0 18
55 1 45
55 3 70
55 5 71
55 6 30
55 12 76
55 13 75
55 14 9
55 15 30
55 18 47
55 21 16
55 23 26
55 25 77
55 26 80
55 30 2
55 33 21
55 34 43
55 35 62
55 40 96
55 42 90
55 47 77
55 49 70
56 2 28
56 5 11
56 8 41
56 9 74
56 10 77
56 14 5
56 16 70
56 18 40
56 19 56
56 21 90
56 24 20
56 26 47
56 28 56
56 30 5
56 32 61
56 35 52
56 38 23
56 42 92
56 43 45
56 44 18
56 45 94
56 46 7
56 47 6
56 51 3
56 55 65
57 0 81
57 1 47
57 3 80
57 4 79
57 9 14
57 10 66
57 13 13
57 14 97
57 15 2
57 16 57
57 18 71
57 19 87
57 20 65
57 23 77
57 24 40
57 26 20
57 27 23
57 32 100
57 33 83
57 34 58
57 36 15
57 39 36
57 41 77
57 43 76
57 44 80
57 46 92
57 47 50
57 50 2
57 51 45
57 52 73
57 56 69
58 1 64
58 2 26
58 5 90
58 6 72
58 7 62
58 8 29
58 9 64
58 13 34
58 17 9
58 18 86
58 19 65
58 22 18
58 23 96
58 25 17
58 26 67
58 31 7
58 34 21
58 36 72
58 37 88
58 38 77
58 39 5
58 40 19
58 41 75
58 42 5
58 43 56
58 44 28
58 46 64
58 48 63
58 49 16
58 50 44
58 53 6
58 54 60
58 55 49
59 0 72
59 1 34
59 2 37
59 7 42
59 10 17
59 12 28
59 13 61
59 16 67
59 17 44
59 19 66
59 25 97
59 33 19
59 34 96
59 37 74
59 38 48
59 39 16
59 40 4
59 44 37
59 45 18
59 47 6
59 48 9
59 50 50
59 55 14
59 56 75
60 0 13
60 1 6
60 2 85
60 6 67
60 9 7
60 10 84
60 11 66
60 15 45
60 16 61
60 19 36
60 24 39
60 25 53
60 29 34
60 33 18
60 34 86
60 35 63
60 36 21
60 38 98
60 39 49
60 41 2
60 42 5
60 44 38
60 45 69
60 46 18
60 49 40
60 50 13
60 51 38
60 53 54
60 55 68
60 56 42
61 1 42
61 2 38
61 5 55
61 9 7
61 14 71
61 15 1
61 16 94
61 18 27
61 20 88
61 21 63
61 23 22
61 24 34
61 26 37
61 30 85
61 31 48
61 32 31
61 33 34
61 38 15
61 41 19
61 42 46
61 43 81
61 44 40
61 45 51
61 48 91
61 51 39
61 52 27
61 56 38
61 58 59
62 2 85
62 3 48
62 4 83
62 5 77
62 6 72
62 9 55
62 11 96
62 12 17
62 15 15
62 19 26
62 20 4
62 23 30
62 24 47
62 26 27
62 27 19
62 28 95
62 29 69
62 31 10
62 32 36
62 35 98
62 38 59
62 39 79
62 41 48
62 42 72
62 45 80
62 47 35
62 48 5
62 49 82
62 53 27
62 54 22
62 57 53
62 59 23
62 61 15
63 0 29
63 1 25
63 4 23
63 7 12
63 8 96
63 9 33
63 13 60
63 14 28
63 15 51
63 16 36
63 19 58
63 20 42
63 21 48
63 22 21
63 24 65
63 29 40
63 32 71
63 33 98
63 35 35
63 36 42
63 39 36
63 41 25
63 42 57
63 44 44
63 46 61
63 49 39
63 50 12
63 51 22
63 55 25
63 56 63
63 57 11
63 59 100
63 61 27
64 1 92
64 5 97
64 6 13
64 7 59
64 8 95
64 11 53
64 13 85
64 15 72
64 20 39
64 23 94
64 28 72
64 30 35
64 31 29
64 32 23
64 34 74
64 35 65
64 37 72
64 38 51
64 39 27
64 41 85
64 43 41
64 45 33
64 46 10
64 47 2
64 51 68
64 52 48
64 57 60
64 61 68
