75
1 0 36
2 0 16
2 1 28
3 0 47
3 2 6
4 1 40
4 2 2
4 3 41
6 5 39
7 0 25
7 2 22
7 5 50
8 2 48
8 3 46
8 5 18
9 0 46
9 2 41
9 8 11
10 1 50
10 2 11
10 4 20
10 6 45
10 7 34
10 8 17
11 0 32
11 2 41
11 3 43
11 5 16
11 7 47
11 8 36
11 9 50
12 0 12
12 1 46
12 2 22
12 4 22
12 6 6
12 7 45
12 9 49
12 11 23
13 1 9
13 2 45
13 3 49
13 5 25
13 7 35
13 8 17
13 9 28
13 10 25
13 11 5
14 4 4
14 5 11
14 6 20
14 7 28
14 8 5
14 10 46
14 11 32
14 13 10
15 0 42
15 2 13
15 13 46
15 14 40
16 0 29
16 1 33
16 2 24
16 3 38
16 4 3
16 5 16
16 6 20
16 7 18
16 8 12
16 10 48
16 12 24
16 13 20
16 15 49
17 1 9
17 5 13
17 7 49
17 8 13
17 9 17
17 12 27
17 13 23
17 14 5
17 16 15
18 0 32
18 2 22
18 5 37
18 7 25
18 8 34
18 10 18
18 12 11
19 1 22
19 2 48
19 5 6
19 11 39
19 12 31
19 17 2
20 2 7
20 4 46
20 8 33
20 10 11
20 11 49
20 13 43
20 14 29
20 17 45
20 18 47
21 0 33
21 1 34
21 3 16
21 4 30
21 5 14
21 10 22
21 11 15
21 12 25
21 13 29
21 14 3
21 18 29
21 20 25
22 0 14
22 1 27
22 2 26
22 9 47
22 10 38
22 13 6
22 15 9
22 16 30
22 19 27
22 20 4
23 3 37
23 4 41
23 6 6
23 7 48
23 8 14
23 9 31
23 10 21
23 12 44
23 13 32
23 14 26
23 15 46
23 19 25
23 20 23
23 21 40
24 0 1
24 1 18
24 4 43
24 5 34
24 8 23
24 9 36
24 12 23
24 14 27
24 15 8
24 16 20
24 17 43
24 20 43
25 1 12
25 4 33
25 8 15
25 11 43
25 12 37
25 15 27
25 16 11
25 19 3
25 20 43
25 21 49
25 23 49
25 24 10
26 2 18
26 6 43
26 7 5
26 8 22
26 9 26
26 11 2
26 12 12
26 13 43
26 15 30
26 18 12
26 21 16
26 23 39
26 24 9
26 25 9
27 1 11
27 4 38
27 6 16
27 7 45
27 13 49
27 14 2
27 15 26
27 18 34
27 21 44
27 24 47
27 25 3
28 1 49
28 6 49
28 7 22
28 9 49
28 11 6
28 14 29
28 15 15
28 16 44
28 17 8
28 20 30
28 22 22
28 23 38
28 25 12
28 27 23
29 1 19
29 2 31
29 3 49
29 4 41
29 5 36
29 6 1
29 7 4
29 8 11
29 10 6
29 15 49
29 18 4
29 21 13
29 27 18
30 3 38
30 5 43
30 7 42
30 8 28
30 9 24
30 12 38
30 14 36
30 17 41
30 18 32
30 19 18
30 21 39
30 23 5
30 24 26
30 25 2
30 27 42
31 0 49
31 1 37
31 2 39
31 4 46
31 5 10
31 7 17
31 10 45
31 12 26
31 18 18
31 19 41
31 20 14
31 24 42
31 26 14
31 28 36
31 30 50
32 0 28
32 1 26
32 3 4
32 4 42
32 5 17
32 8 28
32 10 10
32 11 12
32 12 20
32 15 20
32 17 20
32 18 19
32 21 2
32 22 36
32 24 8
32 27 30
32 30 5
33 0 24
33 3 39
33 7 21
33 10 28
33 15 24
33 16 23
33 17 49
33 18 15
33 19 24
33 20 3
33 24 39
33 27 32
33 28 3
33 29 11
33 32 4
34 1 25
34 2 18
34 3 49
34 7 7
34 8 42
34 9 44
34 10 21
34 11 36
34 13 45
34 14 16
34 15 24
34 17 20
34 18 39
34 19 16
34 21 20
34 25 44
34 26 42
34 27 48
34 28 19
34 29 25
34 30 36
34 33 2
35 0 45
35 1 46
35 3 24
35 5 22
35 6 23
35 8 23
35 10 21
35 14 30
35 15 22
35 16 31
35 17 44
35 18 22
35 19 11
35 20 26
35 23 44
35 24 49
35 26 28
35 34 42
36 1 45
36 2 49
36 3 5
36 4 15
36 6 26
36 10 3
36 11 19
36 13 26
36 14 20
36 15 10
36 17 44
36 21 28
36 22 36
36 26 5
36 27 32
36 33 34
36 34 7
37 1 1
37 2 30
37 4 14
37 6 12
37 8 19
37 10 1
37 13 47
37 16 43
37 18 28
37 19 32
37 20 50
37 22 13
37 24 33
37 27 32
37 29 5
37 36 4
38 1 16
38 4 6
38 5 18
38 7 25
38 10 24
38 11 38
38 13 13
38 14 26
38 17 17
38 20 6
38 21 19
38 24 4
38 25 6
38 27 41
38 32 44
38 33 26
38 34 14
38 37 41
39 0 45
39 3 9
39 4 46
39 5 31
39 9 4
39 10 30
39 11 50
39 12 46
39 13 15
39 17 10
39 20 47
39 22 15
39 26 17
39 27 44
39 30 27
39 31 41
39 32 20
39 33 38
39 36 40
39 37 41
39 38 35
40 1 48
40 2 20
40 3 40
40 5 15
40 6 22
40 7 35
40 9 20
40 10 25
40 12 2
40 17 20
40 18 42
40 19 39
40 20 42
40 22 4
40 28 26
40 29 3
40 30 27
40 31 19
40 33 47
40 36 11
40 37 11
40 39 35
41 0 1
41 1 43
41 2 48
41 4 11
41 6 40
41 7 33
41 8 18
41 10 30
41 11 46
41 13 7
41 14 45
41 20 30
41 21 21
41 23 13
41 24 26
41 26 18
41 27 8
41 28 43
41 29 25
41 38 27
41 39 35
42 1 4
42 5 46
42 6 22
42 8 6
42 13 4
42 14 15
42 17 26
42 18 1
42 21 45
42 22 20
42 25 19
42 30 49
42 31 20
42 32 37
42 34 32
42 35 27
42 37 29
42 38 50
42 39 27
42 40 6
43 0 48
43 5 44
43 7 49
43 9 22
43 10 8
43 11 28
43 12 50
43 13 4
43 15 10
43 16 27
43 17 12
43 22 32
43 23 27
43 24 19
43 25 12
43 26 47
43 27 25
43 30 5
43 31 46
43 33 39
43 34 44
43 36 29
43 41 32
44 0 28
44 1 4
44 4 30
44 5 50
44 7 45
44 9 16
44 10 17
44 17 8
44 18 27
44 22 46
44 25 1
44 27 45
44 28 33
44 29 17
44 30 40
44 31 7
44 34 33
44 36 28
44 37 30
44 39 26
44 40 42
44 41 10
44 42 2
45 1 28
45 2 16
45 5 24
45 6 18
45 7 37
45 10 43
45 11 38
45 13 11
45 14 10
45 16 37
45 17 15
45 18 33
45 19 42
45 20 24
45 22 5
45 24 43
45 28 35
45 29 32
45 35 41
45 38 22
45 39 29
45 41 10
45 42 15
45 44 48
46 0 41
46 2 2
46 3 22
46 4 37
46 5 23
46 7 32
46 9 9
46 10 37
46 16 15
46 17 28
46 19 10
46 20 39
46 22 2
46 26 2
46 27 30
46 31 27
46 32 13
46 35 13
46 39 35
46 40 27
46 42 22
46 44 9
46 45 10
47 1 20
47 4 20
47 5 31
47 9 45
47 11 3
47 12 47
47 13 45
47 16 28
47 18 24
47 19 46
47 20 35
47 23 41
47 24 50
47 25 13
47 27 14
47 29 34
47 30 31
47 31 39
47 32 47
47 34 3
47 35 36
47 40 5
47 42 29
47 45 3
48 3 29
48 6 29
48 7 31
48 9 50
48 11 5
48 12 43
48 13 30
48 15 31
48 16 18
48 17 45
48 22 37
48 24 1
48 30 28
48 32 5
48 33 9
48 34 34
48 35 31
48 36 43
48 38 3
48 39 40
48 40 33
48 41 8
48 42 12
48 43 10
48 44 10
48 47 21
49 0 25
49 1 45
49 3 48
49 6 1
49 8 35
49 12 17
49 13 4
49 14 3
49 15 4
49 16 47
49 18 2
49 20 50
49 21 41
49 23 27
49 25 27
49 32 16
49 33 41
49 34 13
49 36 39
49 37 22
49 40 21
49 42 40
49 43 24
49 45 4
49 48 44
50 0 43
50 3 50
50 6 39
50 8 35
50 17 3
50 18 20
50 19 11
50 20 41
50 21 43
50 24 34
50 25 3
50 26 5
50 27 12
50 32 41
50 33 4
50 35 28
50 36 28
50 37 8
50 39 23
50 41 4
50 43 37
50 45 40
50 46 34
51 0 1
51 1 43
51 2 26
51 4 42
51 7 25
51 9 27
51 10 20
51 15 49
51 16 24
51 18 46
51 19 33
51 20 32
51 23 49
51 24 11
51 25 12
51 27 18
51 30 50
51 31 14
51 34 16
51 35 38
51 40 32
51 41 14
51 44 30
51 47 15
51 50 6
52 0 5
52 1 29
52 3 37
52 4 9
52 9 34
52 10 41
52 12 16
52 13 41
52 14 15
52 15 43
52 17 35
52 18 48
52 19 50
52 20 39
52 21 7
52 24 15
52 30 6
52 31 50
52 32 10
52 37 48
52 38 45
52 40 41
52 41 23
52 42 18
52 43 5
52 45 22
52 46 18
52 48 17
53 1 41
53 6 11
53 14 6
53 16 8
53 17 46
53 19 34
53 22 32
53 23 21
53 24 20
53 25 48
53 26 8
53 28 2
53 30 1
53 31 35
53 32 3
53 34 50
53 35 19
53 36 8
53 37 24
53 38 31
53 39 44
53 42 42
53 48 32
53 50 16
53 52 9
54 2 26
54 7 13
54 13 49
54 15 26
54 16 49
54 22 20
54 23 41
54 24 32
54 26 13
54 29 41
54 30 42
54 31 19
54 32 34
54 35 48
54 36 31
54 38 50
54 40 12
54 42 3
54 47 46
54 48 1
54 52 18
54 53 34
55 0 24
55 2 35
55 3 24
55 7 48
55 8 23
55 11 1
55 14 40
55 15 10
55 16 29
55 18 19
55 20 23
55 21 41
55 22 12
55 23 12
55 25 18
55 31 43
55 34 39
55 35 41
55 39 7
55 40 45
55 41 47
55 42 22
55 44 13
55 48 32
55 49 41
55 50 23
55 52 4
56 0 50
56 2 16
56 5 25
56 7 37
56 8 25
56 9 37
56 11 26
56 12 36
56 16 42
56 17 23
56 18 25
56 26 27
56 31 50
56 32 19
56 34 45
56 35 1
56 36 43
56 37 12
56 39 50
56 40 15
56 41 2
56 44 38
56 46 38
56 47 29
56 48 16
56 49 49
56 50 32
56 52 7
56 53 10
56 55 27
57 5 37
57 6 42
57 10 10
57 11 9
57 13 40
57 14 16
57 16 15
57 17 37
57 18 39
57 19 27
57 20 26
57 23 4
57 27 16
57 28 50
57 29 23
57 31 18
57 34 24
57 40 26
57 41 9
57 43 46
57 47 3
57 48 19
57 51 16
57 53 41
57 55 4
58 0 42
58 1 45
58 3 28
58 6 42
58 7 34
58 8 9
58 10 12
58 11 43
58 14 7
58 18 26
58 19 24
58 20 40
58 21 26
58 22 24
58 24 46
58 25 47
58 26 36
58 28 50
58 34 38
58 36 24
58 37 11
58 38 21
58 40 45
58 41 5
58 44 50
58 45 21
58 46 7
58 47 47
58 48 10
58 50 47
58 52 12
58 54 13
58 57 23
59 0 1
59 1 42
59 14 22
59 16 21
59 19 7
59 24 1
59 25 49
59 26 49
59 28 16
59 30 18
59 31 23
59 33 14
59 35 39
59 36 38
59 38 15
59 39 42
59 41 28
59 42 33
59 49 25
59 50 10
59 51 32
59 53 39
59 54 39
59 55 16
59 56 36
59 58 6
60 0 17
60 2 49
60 3 33
60 6 1
60 10 20
60 12 41
60 13 35
60 17 42
60 22 38
60 26 44
60 29 26
60 31 43
60 33 50
60 35 2
60 36 25
60 37 40
60 40 13
60 41 37
60 43 50
60 48 50
60 50 39
60 51 47
60 52 46
60 53 41
60 54 34
60 56 1
60 57 37
60 58 13
60 59 19
61 0 15
61 1 44
61 3 22
61 4 12
61 7 43
61 8 8
61 11 42
61 12 44
61 14 49
61 16 47
61 20 7
61 21 24
61 24 40
61 25 34
61 26 7
61 27 14
61 28 2
61 31 33
61 32 36
61 33 27
61 34 19
61 37 42
61 41 35
61 43 40
61 45 42
61 46 36
61 48 49
61 50 38
61 51 5
61 52 41
61 54 50
61 56 38
61 58 50
61 60 39
62 1 2
62 3 16
62 5 29
62 6 14
62 7 18
62 11 10
62 12 6
62 15 34
62 19 23
62 20 40
62 21 25
62 23 18
62 24 4
62 25 12
62 27 50
62 31 3
62 33 13
62 34 16
62 35 10
62 36 12
62 37 41
62 38 42
62 39 8
62 40 8
62 41 28
62 43 13
62 44 13
62 45 19
62 46 30
62 47 24
62 50 46
62 52 24
62 55 47
62 56 27
62 57 26
62 60 8
63 0 7
63 2 44
63 5 47
63 6 27
63 7 23
63 9 47
63 10 46
63 11 28
63 14 43
63 15 27
63 16 1
63 18 17
63 19 16
63 20 16
63 24 20
63 28 16
63 29 38
63 35 11
63 36 37
63 40 25
63 43 43
63 45 11
63 46 44
63 49 43
63 51 46
63 57 6
63 58 25
63 59 26
63 61 18
64 1 1
64 3 35
64 5 34
64 6 2
64 7 40
64 8 40
64 10 48
64 11 42
64 12 23
64 15 47
64 16 26
64 17 31
64 18 36
64 19 48
64 21 16
64 24 34
64 26 26
64 29 5
64 30 14
64 32 9
64 33 3
64 34 29
64 36 22
64 37 49
64 38 30
64 40 49
64 41 9
64 42 43
64 45 21
64 47 45
64 48 18
64 53 36
64 59 4
64 60 37
64 61 20
64 62 13
64 63 16
65 0 28
65 1 4
65 4 15
65 5 30
65 6 47
65 9 17
65 10 19
65 12 25
65 13 25
65 15 22
65 19 30
65 20 37
65 21 8
65 22 27
65 23 1
65 24 24
65 25 6
65 26 22
65 27 24
65 30 27
65 31 44
65 32 11
65 33 41
65 34 11
65 38 2
65 42 13
65 44 35
65 49 48
65 50 28
65 56 50
65 59 22
65 60 6
65 62 40
65 63 31
66 0 34
66 1 35
66 2 32
66 3 15
66 4 20
66 5 33
66 7 10
66 9 22
66 13 25
66 18 3
66 19 22
66 24 46
66 25 13
66 26 3
66 28 44
66 31 36
66 35 21
66 39 9
66 42 9
66 43 15
66 45 44
66 47 45
66 48 5
66 49 35
66 50 43
66 52 11
66 54 42
66 55 35
66 58 29
66 59 19
66 62 25
66 63 45
66 64 22
66 65 34
67 3 18
67 4 6
67 6 23
67 7 23
67 8 25
67 9 12
67 10 40
67 11 38
67 15 24
67 16 14
67 18 33
67 19 26
67 22 21
67 24 26
67 26 16
67 28 31
67 31 36
67 32 8
67 33 6
67 34 32
67 35 34
67 36 32
67 37 50
67 38 3
67 39 19
67 41 33
67 44 6
67 45 2
67 47 14
67 50 23
67 53 38
67 55 3
67 56 1
67 58 4
67 63 16
67 65 29
67 66 42
68 0 25
68 3 17
68 5 39
68 8 16
68 10 27
68 12 5
68 14 15
68 16 39
68 17 8
68 20 4
68 22 33
68 25 25
68 26 12
68 27 42
68 29 16
68 30 45
68 31 34
68 33 39
68 34 7
68 35 2
68 36 50
68 38 41
68 39 9
68 42 42
68 44 48
68 45 18
68 46 4
68 48 7
68 49 6
68 50 14
68 51 4
68 52 47
68 53 22
68 54 5
68 55 21
68 56 19
68 57 24
68 59 49
68 60 26
68 63 36
68 64 37
68 65 18
68 66 7
68 67 14
69 2 47
69 7 47
69 11 30
69 14 19
69 19 13
69 20 8
69 25 43
69 28 6
69 29 50
69 30 42
69 32 10
69 33 46
69 37 39
69 39 7
69 40 15
69 42 30
69 43 24
69 44 5
69 45 6
69 46 36
69 47 37
69 49 44
69 50 14
69 51 31
69 52 23
69 53 47
69 55 36
69 56 37
69 58 32
69 62 39
69 63 13
69 64 17
69 68 10
70 4 21
70 9 17
70 11 46
70 12 19
70 13 37
70 14 29
70 15 44
70 16 2
70 17 25
70 20 12
70 24 44
70 28 9
70 29 1
70 32 12
70 33 21
70 34 26
70 35 15
70 36 34
70 38 12
70 42 21
70 44 14
70 46 21
70 47 3
70 50 10
70 51 19
70 52 40
70 55 25
70 59 38
70 61 30
70 64 49
70 65 48
70 68 30
71 3 29
71 9 15
71 10 28
71 11 10
71 12 49
71 17 6
71 22 12
71 24 34
71 25 40
71 26 6
71 30 19
71 33 25
71 35 37
71 36 46
71 40 8
71 41 31
71 42 15
71 43 19
71 47 47
71 48 17
71 52 11
71 59 45
71 60 49
71 61 9
71 62 3
71 63 7
71 65 19
71 67 9
71 68 17
71 69 16
72 1 5
72 2 13
72 3 21
72 5 25
72 8 39
72 9 7
72 12 1
72 13 9
72 14 7
72 24 1
72 28 21
72 30 1
72 33 1
72 35 44
72 39 27
72 41 8
72 42 48
72 43 2
72 44 47
72 45 39
72 46 24
72 47 36
72 48 43
72 49 16
72 51 43
72 55 30
72 57 33
72 59 47
72 61 37
72 62 32
72 64 25
72 65 28
72 68 1
73 1 10
73 5 39
73 6 41
73 8 13
73 10 29
73 12 17
73 14 36
73 16 36
73 23 40
73 26 37
73 27 48
73 28 22
73 30 18
73 33 24
73 34 22
73 35 24
73 36 40
73 40 27
73 43 12
73 44 16
73 47 25
73 48 29
73 50 41
73 51 10
73 52 7
73 53 21
73 54 49
73 55 29
73 56 23
73 58 47
73 59 44
73 61 15
73 62 35
73 64 19
73 65 44
73 66 4
73 67 13
73 68 34
74 0 35
74 1 47
74 4 39
74 5 21
74 9 35
74 11 22
74 12 19
74 13 28
74 14 38
74 15 8
74 16 8
74 18 15
74 19 10
74 20 23
74 21 8
74 22 42
74 23 21
74 26 31
74 27 7
74 29 37
74 30 1
74 33 20
74 37 31
74 39 1
74 40 20
74 43 34
74 44 48
74 45 18
74 49 4
74 50 16
74 52 40
74 55 46
74 56 34
74 57 36
74 58 29
74 60 9
74 62 23
74 63 10
74 64 9
74 65 35
74 68 32
74 69 50
74 72 44
74 73 12
