65
1 0 45
2 0 27
2 1 37
3 1 31
3 2 48
4 0 27
4 1 23
5 1 28
5 3 17
5 4 41
6 0 48
6 4 11
6 5 25
7 3 20
7 4 6
7 5 32
8 0 26
8 2 19
8 5 10
8 6 45
8 7 8
9 0 40
9 5 41
10 2 48
10 5 31
10 7 7
10 9 27
11 5 50
11 7 50
11 9 16
11 10 5
12 2 12
12 7 36
12 9 10
12 10 18
13 1 1
13 3 9
13 5 1
13 7 31
13 8 5
13 11 9
13 12 30
14 0 46
14 1 36
14 2 37
14 5 3
14 6 24
14 7 38
14 9 28
14 10 6
14 11 24
15 2 39
15 3 34
15 4 46
15 7 21
15 9 40
15 11 3
15 12 18
15 13 14
15 14 38
16 3 25
16 4 27
16 6 30
16 7 18
16 8 34
16 9 46
16 13 35
17 0 26
17 1 43
17 7 10
17 9 49
17 10 3
17 11 13
17 13 50
17 14 25
17 16 43
18 0 47
18 2 31
18 5 50
18 10 32
18 11 4
18 13 7
18 15 12
18 16 28
18 17 36
19 1 5
19 3 5
19 7 21
19 9 1
19 10 34
19 11 35
19 13 49
19 15 13
19 17 17
20 2 10
20 3 48
20 4 49
20 8 38
20 9 44
20 10 35
20 17 19
20 18 31
20 19 14
21 3 38
21 4 8
21 6 15
21 8 4
21 11 33
21 12 8
21 13 8
21 14 18
21 16 47
21 18 49
22 0 11
22 2 3
22 3 49
22 4 50
22 5 24
22 6 4
22 7 1
22 11 15
22 12 38
22 14 11
22 17 36
22 18 25
22 19 16
22 20 35
23 3 26
23 6 4
23 9 21
23 10 3
23 12 1
23 14 17
23 15 4
23 16 8
23 19 28
23 22 2
24 1 26
24 7 46
24 8 49
24 9 28
24 10 47
24 13 19
24 15 11
24 16 14
24 17 6
24 21 7
24 23 8
25 0 22
25 1 4
25 5 12
25 7 23
25 17 38
25 19 22
25 20 7
25 21 49
25 23 49
26 1 6
26 5 41
26 6 12
26 9 50
26 10 19
26 11 34
26 12 21
26 14 9
26 15 35
26 16 47
26 19 35
26 20 4
26 21 21
26 22 44
26 25 7
27 0 24
27 1 18
27 5 39
27 6 34
27 7 46
27 8 44
27 9 45
27 10 21
27 11 22
27 13 47
27 17 41
27 18 38
27 19 5
27 21 10
27 22 6
27 24 5
27 25 38
28 1 25
28 3 23
28 4 32
28 8 8
28 10 13
28 11 41
28 12 33
28 13 15
28 14 5
28 15 21
28 16 28
28 17 47
28 18 47
28 19 4
28 20 27
28 21 13
29 0 43
29 1 12
29 2 37
29 3 22
29 6 41
29 7 38
29 9 13
29 12 29
29 13 4
29 14 3
29 17 28
29 19 5
29 22 39
29 24 1
29 26 36
30 3 44
30 4 34
30 5 24
30 9 39
30 10 14
30 11 4
30 13 8
30 14 5
30 16 24
30 20 3
30 22 27
30 23 12
30 25 33
30 26 8
30 27 14
30 29 34
31 2 20
31 3 15
31 7 15
31 12 14
31 15 33
31 17 4
31 21 27
31 22 48
31 23 14
31 24 47
31 25 1
31 26 32
31 28 36
31 30 41
32 0 6
32 1 10
32 4 13
32 5 43
32 6 36
32 8 17
32 10 13
32 11 44
32 12 10
32 13 7
32 14 4
32 17 42
32 18 10
32 20 25
32 22 40
32 23 38
32 25 35
33 0 14
33 1 49
33 2 2
33 8 48
33 10 15
33 11 7
33 21 34
33 22 28
33 23 30
33 24 42
33 31 45
34 0 13
34 4 50
34 5 13
34 6 6
34 7 20
34 8 46
34 9 5
34 11 34
34 12 29
34 19 27
34 24 5
34 31 38
35 2 8
35 4 4
35 5 26
35 6 5
35 10 23
35 11 16
35 12 29
35 13 20
35 14 27
35 18 48
35 21 10
35 26 2
35 27 7
35 30 9
36 1 23
36 5 40
36 7 19
36 9 39
36 10 39
36 11 18
36 13 37
36 15 32
36 16 35
36 17 7
36 21 20
36 24 37
36 26 49
36 31 1
36 33 29
37 0 37
37 1 14
37 3 44
37 5 25
37 7 1
37 10 8
37 12 5
37 13 22
37 14 47
37 15 23
37 16 10
37 17 46
37 22 49
37 26 44
37 28 41
37 30 41
37 31 5
38 0 4
38 1 24
38 3 4
38 7 44
38 9 14
38 10 13
38 11 34
38 13 24
38 14 7
38 16 8
38 19 26
38 21 32
38 22 4
38 23 41
38 25 9
38 27 6
39 2 8
39 4 11
39 6 23
39 7 46
39 8 18
39 10 4
39 11 39
39 12 34
39 16 1
39 17 34
39 18 4
39 20 25
39 22 44
39 25 15
39 27 1
39 28 28
39 29 22
39 31 9
39 32 16
39 35 38
39 36 34
40 1 34
40 2 20
40 8 49
40 11 10
40 14 32
40 16 50
40 17 9
40 19 33
40 21 39
40 23 5
40 24 2
40 25 33
40 26 41
40 27 47
40 28 15
40 32 31
40 34 17
40 37 43
40 38 3
40 39 33
41 0 21
41 1 1
41 2 24
41 3 21
41 5 15
41 6 11
41 8 1
41 9 47
41 10 5
41 11 47
41 13 2
41 15 3
41 16 25
41 22 27
41 23 24
41 25 41
41 27 15
41 29 49
41 33 14
41 34 15
41 39 22
41 40 21
42 0 17
42 4 27
42 5 6
42 7 46
42 8 19
42 11 28
42 12 39
42 14 7
42 15 21
42 18 1
42 19 12
42 20 39
42 21 50
42 23 26
42 24 41
42 26 41
42 29 28
42 30 31
42 31 40
42 32 25
42 33 19
42 41 45
43 0 8
43 3 10
43 4 50
43 5 38
43 10 45
43 13 17
43 15 9
43 17 33
43 18 3
43 20 47
43 23 49
43 24 1
43 25 30
43 26 14
43 27 39
43 28 36
43 30 4
43 34 25
43 36 36
43 37 9
43 42 20
44 2 23
44 3 11
44 4 1
44 6 50
44 9 3
44 10 25
44 11 26
44 16 16
44 18 36
44 19 34
44 22 42
44 24 20
44 25 13
44 27 4
44 28 32
44 29 18
44 32 32
44 35 16
44 37 20
44 41 6
44 42 13
44 43 42
45 0 44
45 2 24
45 3 21
45 4 46
45 5 49
45 7 10
45 8 45
45 10 42
45 11 30
45 16 6
45 17 26
45 19 21
45 21 11
45 23 2
45 24 42
45 26 23
45 27 38
45 28 36
45 31 5
45 32 32
45 34 36
45 35 4
45 37 6
45 39 13
45 40 34
45 42 7
45 43 44
46 0 45
46 2 13
46 3 20
46 4 17
46 5 8
46 6 41
46 7 22
46 9 15
46 10 47
46 11 25
46 12 9
46 13 18
46 15 47
46 16 13
46 20 47
46 22 25
46 23 21
46 24 38
46 27 38
46 28 3
46 33 38
46 34 45
46 36 24
46 39 49
46 43 46
46 44 17
47 0 18
47 1 44
47 4 37
47 5 10
47 6 48
47 8 4
47 10 26
47 13 22
47 14 49
47 16 35
47 17 7
47 19 15
47 20 13
47 24 1
47 25 29
47 28 32
47 30 15
47 32 50
47 34 19
47 38 5
47 39 41
47 40 38
47 42 16
47 43 11
47 44 22
47 45 48
48 2 29
48 3 48
48 5 8
48 6 6
48 7 11
48 9 11
48 10 44
48 11 4
48 14 11
48 15 1
48 17 22
48 19 15
48 20 12
48 21 41
48 22 41
48 30 5
48 31 18
48 36 50
48 37 47
48 39 15
48 41 16
48 43 45
48 44 36
48 46 33
48 47 4
49 1 41
49 3 3
49 9 4
49 10 12
49 13 42
49 17 38
49 18 46
49 20 9
49 21 27
49 23 18
49 24 30
49 27 9
49 29 28
49 31 13
49 32 8
49 33 41
49 35 4
49 37 26
49 39 5
49 40 42
49 41 19
49 43 22
49 46 35
49 47 41
50 0 29
50 2 47
50 4 24
50 12 13
50 14 44
50 16 13
50 19 14
50 20 30
50 22 40
50 26 15
50 28 7
50 29 46
50 33 48
50 35 29
50 39 27
50 41 25
50 45 48
50 48 38
51 0 24
51 2 18
51 3 26
51 4 33
51 8 47
51 9 7
51 11 21
51 13 25
51 15 32
51 17 11
51 20 33
51 23 31
51 27 30
51 28 7
51 29 40
51 30 47
51 31 40
51 34 17
51 36 22
51 39 44
51 41 12
51 42 31
51 45 25
51 46 5
51 48 47
52 0 16
52 1 18
52 5 46
52 9 23
52 11 4
52 13 43
52 15 3
52 16 8
52 17 5
52 21 46
52 23 17
52 24 2
52 25 29
52 28 25
52 29 32
52 30 34
52 31 48
52 32 39
52 38 34
52 40 38
52 42 20
52 47 18
52 48 39
52 49 13
52 51 21
53 2 36
53 3 42
53 6 4
53 8 6
53 10 1
53 14 45
53 16 22
53 19 49
53 21 28
53 23 50
53 25 47
53 27 48
53 28 49
53 29 39
53 30 48
53 31 11
53 35 33
53 36 32
53 38 48
53 40 34
53 41 19
53 45 2
53 48 34
53 52 10
54 3 38
54 6 26
54 8 31
54 9 15
54 10 20
54 16 26
54 19 47
54 20 45
54 21 49
54 23 19
54 24 22
54 26 10
54 33 12
54 36 14
54 38 39
54 42 40
54 43 43
54 44 3
54 46 46
54 50 33
54 51 40
54 52 1
55 1 30
55 2 40
55 3 6
55 4 20
55 11 27
55 17 38
55 19 28
55 21 10
55 22 23
55 28 46
55 29 31
55 31 33
55 33 29
55 35 17
55 36 33
55 37 46
55 38 28
55 39 19
55 40 11
55 41 17
55 43 44
55 44 1
55 45 6
55 46 30
55 47 28
55 48 48
55 52 37
55 54 47
56 0 44
56 5 10
56 9 20
56 10 35
56 12 43
56 13 16
56 14 47
56 17 21
56 20 37
56 23 41
56 28 33
56 31 48
56 35 41
56 36 31
56 38 16
56 39 25
56 40 50
56 42 6
56 43 17
56 46 32
56 47 8
56 48 8
56 50 29
56 51 36
56 52 3
56 53 28
56 55 6
57 1 43
57 3 45
57 4 29
57 5 37
57 6 24
57 7 46
57 8 19
57 9 18
57 12 35
57 13 6
57 14 37
57 15 33
57 16 25
57 17 38
57 19 10
57 21 34
57 22 12
57 26 25
57 27 33
57 29 1
57 32 42
57 33 27
57 35 14
57 40 39
57 41 40
57 43 25
57 44 46
57 46 33
57 48 9
57 49 29
57 50 6
57 51 35
57 52 24
57 55 1
58 1 25
58 2 30
58 4 19
58 5 44
58 6 26
58 7 6
58 9 30
58 10 42
58 12 11
58 13 40
58 14 39
58 15 16
58 17 37
58 18 39
58 20 5
58 21 13
58 22 32
58 23 29
58 29 13
58 32 27
58 33 47
58 35 9
58 36 10
58 41 30
58 42 47
58 43 14
58 44 12
58 45 12
58 48 17
58 49 19
58 50 7
58 52 26
58 57 9
59 2 46
59 4 31
59 6 13
59 7 13
59 8 18
59 9 6
59 11 48
59 15 28
59 16 26
59 24 27
59 30 16
59 31 24
59 33 32
59 37 33
59 38 11
59 40 14
59 42 50
59 43 18
59 44 46
59 45 45
59 46 29
59 47 15
59 49 37
59 52 47
59 55 3
60 0 14
60 2 46
60 5 39
60 6 40
60 8 26
60 11 34
60 13 5
60 17 15
60 18 15
60 19 23
60 20 13
60 21 35
60 22 12
60 23 22
60 26 1
60 27 36
60 28 9
60 31 36
60 32 11
60 33 8
60 38 45
60 40 19
60 43 29
60 44 15
60 49 39
60 52 47
60 53 1
60 56 16
60 58 25
61 2 42
61 3 21
61 4 22
61 5 19
61 6 19
61 8 13
61 9 38
61 10 45
61 12 31
61 13 7
61 16 47
61 18 1
61 19 18
61 20 45
61 22 18
61 23 26
61 25 45
61 27 12
61 28 6
61 29 46
61 34 49
61 35 44
61 36 24
61 38 2
61 39 25
61 40 10
61 41 38
61 42 5
61 45 35
61 48 23
61 51 8
61 52 50
61 56 1
61 57 17
61 58 21
61 59 35
61 60 41
62 0 50
62 1 11
62 4 23
62 7 34
62 8 19
62 9 49
62 12 10
62 13 34
62 14 18
62 15 29
62 17 26
62 18 34
62 19 35
62 20 30
62 21 42
62 22 2
62 24 32
62 26 18
62 27 45
62 33 19
62 34 11
62 36 50
62 37 49
62 39 34
62 44 44
62 46 47
62 47 9
62 49 34
62 51 31
62 53 21
62 54 24
62 56 38
62 58 44
62 59 20
62 60 30
63 0 23
63 2 30
63 4 50
63 8 31
63 10 3
63 16 10
63 19 48
63 20 9
63 21 34
63 24 23
63 27 26
63 28 30
63 29 5
63 30 33
63 32 15
63 34 34
63 37 42
63 39 17
63 42 4
63 44 18
63 47 5
63 48 16
63 49 37
63 51 15
63 52 48
63 53 34
63 54 37
63 59 50
63 60 48
63 61 35
63 62 22
64 1 41
64 2 33
64 5 16
64 7 41
64 9 49
64 10 2
64 11 37
64 13 46
64 18 8
64 22 1
64 23 22
64 28 35
64 29 5
64 31 23
64 32 14
64 33 36
64 34 30
64 35 36
64 36 32
64 37 14
64 38 16
64 39 11
64 40 44
64 42 33
64 44 40
64 45 46
64 46 29
64 48 42
64 51 34
64 52 13
64 53 14
64 54 16
64 56 12
64 61 20
64 62 1
