20
3 0 17
3 2 59
4 0 21
5 1 55
5 3 55
5 4 84
6 0 69
6 3 49
6 4 12
7 1 76
7 4 86
8 6 31
9 1 79
9 2 61
9 4 18
9 7 85
9 8 25
10 1 100
10 2 85
10 5 85
10 8 68
10 9 23
11 1 33
11 2 22
11 3 82
11 4 90
11 5 62
11 7 40
11 9 8
11 10 53
12 2 37
12 4 19
12 6 42
12 8 79
12 9 64
12 10 20
13 1 65
13 2 100
13 3 6
13 4 16
13 5 80
13 6 27
13 7 23
13 10 54
13 11 13
13 12 44
14 2 64
14 3 92
14 4 37
14 5 88
14 6 16
14 8 45
14 9 68
14 11 72
14 13 51
15 1 48
15 2 89
15 4 100
15 7 26
15 8 79
15 10 12
15 11 31
15 13 16
15 14 84
16 1 53
16 3 25
16 4 83
16 6 93
16 8 49
16 9 83
16 15 78
17 0 36
17 2 12
17 4 23
17 6 72
17 7 10
17 8 61
17 9 6
17 15 22
18 0 1
18 1 20
18 3 79
18 4 53
18 5 78
18 7 34
18 8 13
18 11 1
18 12 5
18 16 87
18 17 68
19 0 46
19 1 84
19 2 5
19 3 64
19 6 55
19 7 14
19 8 61
19 9 29
19 10 65
19 12 4
19 16 89
19 18 96
