75
1 0 13
3 0 59
3 1 57
3 2 57
4 1 20
5 0 75
5 1 79
5 4 32
6 2 46
6 5 88
7 1 21
7 2 15
7 3 17
7 5 54
8 2 31
8 3 71
8 5 69
8 6 54
8 7 36
9 1 74
9 2 32
9 4 9
9 5 72
9 7 81
10 0 60
10 1 25
10 3 91
10 4 59
10 6 10
10 7 25
11 3 17
11 5 46
11 6 65
11 7 34
11 9 47
11 10 61
12 6 89
12 7 12
12 8 77
12 9 13
13 1 46
13 2 49
13 11 36
14 1 67
14 2 57
14 8 6
14 9 69
14 11 69
14 13 20
15 0 56
15 3 30
15 5 44
15 6 23
15 13 78
15 14 97
16 0 45
16 3 32
16 5 75
16 7 47
16 8 75
16 9 80
16 12 41
17 0 51
17 1 12
17 2 37
17 6 78
17 8 63
17 9 18
17 10 44
17 11 39
17 12 17
17 13 19
17 14 51
17 16 42
18 1 89
18 2 19
18 3 99
18 4 74
18 8 42
18 9 16
18 16 24
19 1 20
19 3 71
19 4 84
19 6 76
19 10 66
19 11 30
19 12 99
19 15 50
19 16 82
19 17 22
20 2 54
20 3 54
20 5 50
20 10 43
20 16 97
20 18 4
20 19 24
21 1 79
21 4 63
21 6 35
21 7 32
21 11 77
21 12 40
21 15 9
21 17 78
21 18 84
21 19 86
22 1 99
22 2 9
22 3 50
22 5 33
22 6 31
22 9 45
22 11 11
22 13 24
22 15 44
22 19 1
23 0 37
23 2 75
23 4 97
23 5 65
23 6 27
23 7 82
23 9 41
23 10 42
23 11 5
23 14 28
23 15 19
23 16 28
23 17 48
23 18 98
23 19 19
23 20 96
23 21 93
24 0 23
24 2 26
24 4 85
24 6 44
24 7 37
24 10 33
24 13 58
24 14 48
24 15 6
24 19 89
24 21 39
24 22 78
24 23 70
25 0 86
25 2 90
25 3 81
25 5 70
25 6 50
25 9 23
25 11 89
25 12 53
25 15 48
25 19 10
25 20 44
25 22 38
25 23 80
25 24 10
26 4 79
26 6 90
26 7 93
26 8 92
26 9 4
26 11 45
26 13 56
26 15 4
26 17 50
26 19 2
26 23 86
26 24 62
27 0 17
27 3 52
27 4 31
27 6 33
27 7 66
27 12 27
27 13 99
27 17 89
27 18 32
27 20 71
27 22 8
27 23 85
27 24 55
27 25 77
27 26 95
28 2 13
28 4 60
28 7 29
28 10 76
28 14 62
28 15 18
28 19 85
28 20 55
28 21 3
28 24 24
28 25 66
28 26 10
28 27 68
29 0 36
29 1 73
29 2 47
29 3 69
29 4 68
29 7 23
29 11 4
29 13 65
29 14 97
29 16 74
29 18 91
29 21 1
29 22 31
29 23 62
29 25 24
29 27 53
29 28 43
30 0 12
30 4 15
30 7 4
30 8 37
30 11 97
30 12 91
30 15 84
30 16 73
30 20 83
30 24 80
30 26 41
30 27 69
30 28 26
30 29 15
31 1 97
31 3 49
31 6 52
31 7 40
31 9 40
31 13 79
31 14 10
31 17 85
31 18 54
31 21 89
31 22 40
31 25 38
31 27 71
31 28 93
31 29 9
31 30 19
32 5 51
32 6 43
32 8 77
32 9 70
32 11 34
32 12 66
32 14 25
32 15 53
32 17 49
32 18 9
32 19 54
32 20 60
32 21 92
32 25 62
32 27 92
32 28 51
32 29 57
33 0 65
33 2 19
33 4 5
33 5 94
33 7 82
33 9 35
33 10 85
33 12 20
33 13 99
33 14 2
33 15 93
33 17 59
33 18 97
33 19 92
33 21 58
33 25 23
33 26 93
33 28 76
33 29 80
33 32 61
34 1 94
34 7 94
34 8 41
34 11 100
34 13 79
34 14 16
34 15 91
34 19 100
34 20 40
34 21 18
34 24 83
34 25 79
34 26 26
34 29 39
34 30 29
34 31 74
34 32 66
35 0 20
35 1 59
35 2 100
35 3 71
35 4 67
35 7 86
35 8 67
35 9 18
35 11 52
35 15 54
35 16 13
35 26 86
35 28 20
35 29 19
35 31 65
35 32 11
35 33 64
36 1 58
36 3 9
36 5 42
36 6 67
36 8 91
36 9 31
36 11 21
36 13 88
36 14 11
36 16 81
36 18 91
36 21 62
36 22 3
36 23 37
36 26 74
36 29 57
36 31 85
36 33 62
36 34 68
37 1 14
37 3 80
37 4 87
37 5 46
37 6 7
37 9 36
37 10 98
37 12 18
37 16 13
37 25 76
37 28 88
37 29 97
37 31 26
37 33 91
37 34 52
37 35 47
37 36 12
38 0 19
38 1 78
38 3 43
38 4 59
38 5 65
38 7 50
38 9 90
38 12 61
38 13 78
38 14 16
38 16 91
38 18 41
38 21 66
38 22 95
38 25 2
38 26 37
38 27 93
38 28 2
38 29 89
38 30 100
38 33 16
38 34 13
38 35 3
38 37 20
39 4 46
39 10 42
39 12 32
39 13 12
39 17 71
39 18 78
39 21 79
39 22 94
39 23 64
39 27 28
39 29 93
39 30 94
39 31 7
39 32 92
39 33 22
39 34 3
39 36 57
39 38 42
40 3 25
40 5 83
40 6 52
40 7 48
40 9 6
40 16 77
40 17 79
40 18 6
40 19 96
40 21 37
40 22 59
40 23 7
40 25 64
40 27 96
40 29 20
40 32 62
40 33 4
40 34 73
40 37 42
40 38 12
40 39 61
41 0 84
41 2 65
41 7 25
41 11 49
41 12 40
41 14 15
41 15 90
41 17 51
41 18 74
41 20 29
41 22 67
41 23 44
41 24 42
41 27 25
41 28 15
41 33 28
41 36 75
41 38 52
41 39 63
42 1 76
42 3 28
42 4 75
42 5 96
42 9 17
42 11 2
42 12 26
42 13 66
42 14 27
42 16 36
42 17 30
42 18 51
42 20 57
42 25 64
42 28 61
42 30 29
42 31 73
42 32 50
42 33 51
42 36 16
42 39 12
42 40 93
43 2 20
43 3 16
43 4 69
43 6 86
43 9 74
43 12 2
43 13 99
43 14 9
43 15 6
43 16 69
43 17 25
43 18 79
43 19 44
43 20 85
43 21 23
43 22 11
43 24 11
43 25 96
43 26 23
43 27 15
43 28 17
43 29 4
43 30 11
43 32 76
43 33 15
43 35 2
43 37 33
43 38 59
43 41 89
44 0 26
44 1 99
44 2 34
44 3 39
44 4 84
44 5 82
44 6 95
44 11 70
44 14 69
44 15 61
44 18 80
44 22 48
44 24 49
44 25 2
44 26 77
44 30 92
44 32 63
44 34 39
44 35 49
44 36 27
44 38 63
44 42 56
44 43 75
45 0 77
45 1 57
45 4 80
45 6 42
45 8 81
45 13 19
45 14 26
45 15 93
45 16 46
45 17 10
45 19 75
45 21 34
45 24 26
45 27 44
45 31 16
45 32 1
45 33 67
45 34 60
45 35 82
45 37 65
45 39 93
45 42 83
46 2 42
46 3 36
46 4 53
46 8 29
46 10 48
46 14 43
46 16 96
46 17 86
46 18 76
46 20 50
46 21 37
46 22 71
46 24 85
46 26 12
46 29 92
46 31 76
46 32 84
46 36 63
46 37 93
46 38 57
46 40 89
46 41 37
46 44 36
46 45 45
47 0 3
47 1 25
47 6 7
47 7 25
47 10 56
47 12 29
47 13 96
47 15 59
47 17 11
47 19 34
47 20 91
47 21 22
47 22 12
47 24 61
47 25 34
47 26 89
47 27 5
47 28 12
47 29 78
47 34 74
47 35 21
47 36 30
47 38 71
47 40 62
47 43 68
47 45 54
48 0 24
48 1 74
48 3 6
48 5 69
48 6 30
48 7 54
48 9 1
48 20 71
48 22 78
48 23 49
48 24 91
48 28 25
48 30 60
48 36 19
48 38 93
48 40 31
48 41 84
48 44 74
48 47 78
49 1 46
49 5 9
49 6 57
49 7 23
49 9 60
49 13 57
49 15 41
49 17 36
49 19 66
49 21 59
49 23 58
49 24 50
49 27 64
49 29 62
49 33 86
49 37 44
49 41 87
50 3 44
50 4 60
50 5 76
50 6 99
50 7 60
50 9 73
50 11 82
50 16 1
50 19 36
50 20 38
50 21 86
50 22 19
50 28 59
50 29 27
50 30 34
50 31 74
50 32 50
50 34 63
50 35 44
50 40 17
50 44 45
50 45 24
50 46 82
50 47 13
50 49 98
51 1 77
51 4 89
51 5 42
51 6 85
51 8 43
51 9 9
51 10 52
51 12 81
51 16 88
51 18 26
51 21 86
51 24 60
51 28 84
51 34 49
51 38 43
51 43 70
51 44 94
51 45 16
51 47 96
51 50 61
52 0 69
52 4 9
52 5 10
52 6 96
52 10 91
52 13 25
52 14 41
52 16 76
52 17 96
52 19 32
52 21 7
52 24 71
52 29 55
52 37 94
52 38 39
52 39 89
52 40 8
52 45 60
52 46 70
52 47 68
52 48 90
52 50 77
52 51 61
53 8 4
53 9 61
53 10 99
53 14 46
53 15 61
53 18 16
53 25 86
53 29 61
53 30 95
53 32 36
53 33 12
53 39 97
53 41 100
53 43 8
53 44 57
53 47 31
53 48 64
53 49 1
53 50 58
53 51 82
53 52 8
54 1 38
54 3 78
54 4 59
54 5 69
54 6 23
54 9 71
54 10 65
54 13 46
54 14 30
54 15 60
54 16 1
54 18 13
54 19 58
54 20 67
54 21 57
54 23 76
54 24 51
54 27 83
54 30 2
54 31 98
54 32 94
54 33 69
54 34 15
54 37 60
54 38 60
54 39 60
54 40 64
54 41 51
54 47 78
54 48 25
54 49 11
54 52 56
54 53 100
55 0 33
55 1 98
55 3 26
55 8 22
55 9 6
55 10 8
55 11 60
55 14 98
55 15 88
55 17 90
55 18 29
55 21 25
55 23 68
55 25 17
55 26 34
55 28 70
55 30 43
55 31 63
55 32 28
55 34 33
55 36 70
55 38 92
55 39 34
55 40 59
55 41 50
55 42 23
55 43 97
55 44 42
55 45 89
55 46 38
55 47 19
55 48 60
55 53 14
56 3 16
56 6 31
56 8 99
56 9 58
56 10 22
56 12 26
56 14 78
56 16 39
56 17 87
56 19 92
56 21 80
56 27 63
56 28 1
56 30 46
56 34 10
56 35 39
56 36 86
56 38 53
56 39 80
56 41 58
56 43 85
56 47 77
56 49 58
56 50 10
56 51 25
56 52 74
56 54 82
57 0 84
57 2 17
57 3 23
57 4 89
57 6 51
57 10 38
57 13 30
57 16 34
57 18 77
57 19 44
57 21 16
57 22 7
57 24 24
57 27 58
57 31 23
57 32 54
57 35 51
57 38 63
57 39 21
57 41 1
57 45 62
57 47 52
57 49 88
57 52 46
57 53 47
57 54 35
57 55 47
57 56 47
58 1 80
58 2 33
58 4 80
58 5 48
58 7 52
58 9 69
58 11 37
58 12 67
58 16 69
58 17 91
58 19 95
58 20 100
58 22 10
58 24 13
58 25 72
58 26 7
58 27 19
58 28 17
58 29 16
58 31 20
58 32 61
58 34 55
58 35 17
58 36 11
58 39 27
58 41 16
58 42 86
58 43 72
58 46 35
58 47 98
58 50 23
58 54 25
58 55 43
58 57 69
59 0 54
59 1 72
59 5 87
59 7 27
59 9 32
59 10 38
59 12 8
59 15 73
59 18 23
59 19 92
59 23 85
59 24 57
59 26 98
59 28 51
59 30 72
59 31 98
59 32 45
59 37 4
59 38 22
59 40 52
59 41 64
59 44 98
59 47 41
59 48 35
59 50 36
59 51 13
59 57 53
59 58 55
60 0 14
60 2 86
60 10 92
60 11 96
60 13 63
60 20 96
60 21 85
60 23 29
60 24 15
60 25 40
60 28 53
60 29 67
60 32 77
60 35 21
60 36 13
60 37 35
60 39 90
60 42 29
60 44 68
60 46 37
60 47 95
60 49 94
60 51 2
60 54 14
60 57 51
60 58 19
60 59 34
61 1 5
61 3 66
61 8 84
61 9 16
61 11 31
61 17 76
61 22 57
61 23 96
61 25 54
61 26 58
61 27 17
61 28 80
61 32 72
61 34 4
61 35 2
61 38 72
61 40 4
61 42 76
61 45 14
61 51 36
61 52 52
61 53 48
61 55 30
61 57 57
61 59 87
61 60 48
62 0 28
62 2 87
62 3 52
62 6 31
62 8 15
62 13 91
62 15 10
62 16 73
62 17 39
62 21 43
62 23 99
62 30 20
62 32 96
62 33 51
62 36 20
62 37 79
62 40 53
62 51 27
62 52 37
62 58 76
62 59 25
62 60 62
62 61 17
63 1 6
63 2 20
63 4 97
63 5 36
63 7 76
63 8 7
63 11 16
63 13 51
63 14 73
63 15 82
63 17 91
63 18 90
63 19 1
63 20 36
63 21 55
63 23 50
63 24 88
63 25 54
63 29 85
63 30 61
63 31 19
63 32 31
63 33 47
63 34 88
63 35 84
63 38 15
63 39 31
63 40 6
63 41 3
63 44 26
63 47 11
63 48 47
63 50 34
63 51 59
63 52 21
63 53 15
63 55 83
63 56 29
63 57 13
63 58 20
63 61 93
63 62 31
64 3 25
64 4 84
64 6 4
64 8 16
64 10 51
64 11 82
64 12 45
64 13 72
64 14 88
64 15 71
64 18 28
64 19 46
64 20 13
64 21 86
64 26 65
64 31 14
64 32 65
64 33 21
64 36 67
64 37 100
64 42 24
64 45 63
64 47 53
64 48 21
64 49 51
64 50 93
64 51 6
64 53 94
64 55 22
64 56 71
64 59 90
64 60 65
64 61 42
64 62 98
64 63 82
65 2 55
65 6 70
65 9 28
65 11 63
65 14 63
65 15 48
65 16 85
65 18 78
65 20 68
65 21 3
65 22 77
65 25 79
65 26 32
65 30 87
65 35 27
65 37 25
65 39 71
65 40 76
65 42 93
65 46 92
65 47 25
65 48 69
65 49 39
65 51 67
65 53 49
65 56 14
65 60 51
66 1 39
66 2 58
66 6 80
66 8 80
66 10 33
66 13 35
66 15 84
66 17 47
66 19 91
66 20 80
66 21 4
66 23 73
66 34 65
66 36 6
66 39 91
66 43 61
66 44 8
66 47 37
66 49 93
66 50 58
66 51 81
66 53 57
66 54 50
66 60 89
66 61 99
66 63 65
67 0 36
67 1 47
67 5 67
67 6 15
67 7 18
67 9 31
67 10 57
67 11 67
67 19 51
67 21 98
67 24 72
67 25 95
67 28 35
67 29 53
67 32 100
67 34 94
67 35 100
67 36 37
67 39 70
67 47 16
67 49 65
67 50 80
67 52 61
67 53 83
67 54 96
67 58 37
67 59 39
67 60 52
67 61 56
67 63 38
68 3 43
68 5 19
68 7 12
68 9 90
68 10 30
68 11 11
68 13 5
68 16 95
68 17 34
68 21 53
68 23 38
68 24 100
68 26 55
68 27 21
68 30 76
68 31 9
68 32 95
68 35 10
68 37 12
68 39 73
68 40 64
68 41 32
68 43 85
68 44 16
68 45 45
68 46 97
68 47 61
68 48 90
68 52 95
68 54 93
68 55 75
68 56 66
68 57 73
68 59 34
68 60 35
68 62 87
68 63 4
69 3 81
69 4 77
69 5 33
69 6 8
69 9 40
69 10 43
69 11 1
69 13 61
69 16 53
69 17 66
69 18 73
69 21 71
69 24 96
69 26 52
69 27 55
69 30 10
69 31 96
69 32 89
69 39 82
69 40 56
69 41 57
69 43 66
69 48 88
69 49 55
69 50 60
69 52 12
69 61 62
69 63 98
69 67 66
69 68 9
70 0 18
70 1 19
70 4 96
70 6 18
70 7 78
70 8 66
70 12 13
70 13 17
70 16 60
70 23 40
70 27 69
70 29 12
70 34 13
70 35 26
70 36 50
70 37 50
70 40 47
70 42 29
70 49 56
70 50 68
70 51 16
70 52 67
70 53 51
70 54 27
70 56 82
70 58 59
70 60 83
70 61 39
70 62 89
70 64 84
70 65 71
70 67 88
70 68 47
70 69 70
71 2 5
71 5 22
71 6 56
71 9 87
71 10 65
71 13 13
71 14 83
71 15 38
71 16 69
71 17 77
71 18 9
71 22 37
71 33 50
71 34 84
71 37 9
71 40 70
71 41 27
71 43 62
71 44 19
71 48 74
71 50 75
71 51 29
71 52 93
71 54 51
71 55 36
71 56 21
71 61 57
71 62 52
71 66 36
71 69 46
72 2 88
72 4 47
72 6 26
72 7 94
72 9 68
72 14 27
72 15 19
72 16 52
72 19 96
72 21 47
72 22 69
72 23 8
72 25 85
72 41 87
72 42 66
72 43 49
72 44 89
72 45 47
72 46 7
72 47 53
72 48 17
72 51 90
72 52 61
72 53 18
72 54 17
72 56 39
72 57 3
72 60 58
72 62 35
72 64 57
72 65 62
72 67 90
72 69 19
73 0 59
73 3 64
73 6 93
73 7 48
73 11 88
73 13 42
73 16 46
73 17 49
73 20 38
73 24 46
73 25 13
73 26 38
73 28 50
73 34 91
73 36 82
73 37 100
73 39 48
73 43 94
73 46 91
73 52 68
73 54 45
73 55 44
73 57 14
73 58 29
73 59 55
73 61 68
73 64 7
73 65 77
73 66 53
73 67 16
73 68 81
73 70 63
74 0 13
74 1 54
74 6 33
74 7 69
74 8 90
74 9 85
74 12 73
74 14 73
74 17 20
74 23 100
74 24 23
74 28 9
74 29 31
74 30 86
74 32 80
74 33 66
74 35 12
74 36 2
74 38 48
74 39 30
74 41 57
74 44 19
74 48 24
74 49 29
74 53 26
74 54 72
74 56 98
74 58 6
74 62 7
74 65 13
74 67 94
74 68 84
74 72 18
74 73 45
