40
1 0 55
2 0 42
2 1 11
3 0 94
4 0 41
4 1 90
4 2 61
4 3 17
5 1 82
5 2 95
6 5 62
7 1 28
7 2 60
7 3 90
8 0 31
8 2 41
8 5 82
8 7 86
9 3 16
9 4 59
9 8 71
10 0 24
10 1 71
10 3 95
10 5 56
10 6 82
10 8 53
11 0 77
11 5 4
11 7 59
11 8 13
11 9 57
12 1 93
12 4 76
12 6 4
12 8 84
12 9 57
12 11 42
13 5 59
13 7 45
13 9 98
13 11 1
14 0 83
14 4 75
14 6 87
14 7 23
14 8 73
14 10 39
14 11 61
14 12 7
14 13 15
15 0 13
15 3 2
15 6 54
15 9 23
15 12 34
15 13 49
16 1 26
16 2 60
16 4 10
16 5 3
16 6 50
16 8 86
16 9 11
16 10 2
16 15 9
17 1 73
17 6 95
17 8 92
17 11 92
17 13 2
17 16 12
18 3 75
18 5 32
18 6 25
18 9 29
18 10 70
18 11 21
18 12 49
18 13 71
18 14 52
18 15 8
18 16 18
18 17 76
19 0 79
19 4 49
19 5 41
19 6 37
19 8 94
19 12 29
19 13 18
19 18 17
20 1 19
20 2 47
20 3 40
20 4 6
20 5 58
20 6 94
20 7 58
20 8 37
20 11 28
20 12 81
20 13 1
20 14 90
20 16 54
20 17 58
20 19 24
21 3 51
21 5 22
21 9 18
21 11 43
21 14 41
21 15 82
21 16 7
21 18 28
22 0 91
22 5 92
22 6 26
22 7 44
22 9 23
22 10 61
22 11 55
22 12 73
22 13 47
22 14 71
22 18 18
22 20 60
22 21 75
23 2 62
23 3 55
23 4 54
23 5 84
23 7 14
23 8 48
23 9 80
23 10 71
23 14 59
23 17 90
23 19 45
24 1 47
24 2 72
24 3 48
24 5 1
24 6 44
24 7 55
24 8 33
24 10 1
24 11 28
24 14 60
24 18 71
24 20 85
24 21 60
24 22 9
25 1 81
25 2 2
25 4 45
25 5 25
25 7 75
25 9 91
25 10 100
25 11 19
25 12 26
25 15 38
25 17 12
25 19 43
26 0 25
26 3 96
26 13 90
26 14 67
26 16 99
26 18 100
26 19 97
26 23 59
26 24 35
27 0 5
27 2 58
27 7 58
27 11 59
27 13 51
27 20 42
27 21 46
27 22 2
27 26 37
28 2 64
28 3 59
28 4 4
28 7 39
28 8 35
28 9 81
28 10 95
28 14 97
28 18 30
28 24 3
28 25 74
28 26 32
28 27 51
29 3 89
29 4 20
29 5 94
29 6 24
29 7 1
29 8 29
29 9 18
29 10 15
29 11 43
29 12 36
29 13 27
29 14 90
29 19 61
29 20 53
29 24 31
29 26 25
29 28 41
30 0 46
30 1 55
30 6 32
30 7 52
30 12 86
30 14 30
30 16 29
30 17 8
30 18 7
30 23 53
30 26 10
30 27 10
30 28 60
31 0 76
31 1 78
31 7 25
31 9 94
31 15 21
31 16 57
31 17 93
31 19 52
31 21 10
31 27 80
31 28 100
31 29 42
32 1 4
32 2 18
32 5 5
32 6 19
32 7 6
32 8 53
32 10 35
32 11 13
32 12 83
32 13 74
32 14 27
32 15 88
32 16 27
32 18 50
32 24 98
32 25 3
32 26 81
32 28 11
32 31 2
33 0 49
33 3 59
33 4 16
33 5 30
33 7 33
33 8 54
33 12 51
33 16 33
33 19 94
33 23 44
33 30 59
34 0 71
34 1 34
34 2 8
34 3 1
34 4 30
34 8 64
34 9 65
34 10 27
34 12 24
34 14 86
34 16 95
34 17 32
34 19 32
34 20 74
34 21 83
34 23 57
34 24 22
34 27 49
34 28 5
34 30 62
34 32 4
34 33 65
35 0 97
35 8 29
35 12 84
35 13 78
35 14 22
35 15 60
35 16 28
35 17 74
35 21 94
35 23 2
35 24 67
35 25 1
35 26 95
35 30 12
35 31 72
35 34 76
36 0 38
36 2 96
36 3 6
36 4 30
36 5 53
36 6 81
36 8 93
36 9 57
36 10 6
36 11 21
36 12 86
36 13 86
36 14 87
36 16 98
36 17 83
36 18 21
36 20 85
36 22 97
36 23 27
36 25 31
36 26 77
36 27 73
36 31 32
36 32 75
36 33 29
36 34 86
36 35 55
37 1 72
37 2 59
37 3 91
37 4 55
37 5 24
37 6 64
37 7 49
37 11 82
37 14 79
37 15 14
37 16 60
37 17 31
37 20 43
37 24 84
37 29 40
37 32 29
37 35 83
38 1 4
38 2 7
38 3 61
38 4 16
38 10 49
38 13 10
38 14 67
38 15 37
38 17 11
38 18 87
38 19 45
38 20 5
38 21 85
38 22 79
38 24 65
38 26 12
38 27 64
38 31 51
38 34 91
39 0 92
39 2 86
39 5 14
39 6 87
39 7 25
39 8 28
39 12 42
39 14 25
39 15 28
39 17 43
39 18 32
39 20 40
39 21 18
39 22 2
39 23 15
39 24 57
39 27 5
39 28 92
39 32 38
39 34 21
