75
1 0 85
2 0 9
3 1 43
3 2 13
4 1 93
4 2 31
5 2 48
5 3 9
6 0 83
6 1 56
6 2 50
6 3 25
6 4 71
7 1 95
7 2 20
7 6 62
8 1 37
8 2 60
8 3 29
8 4 4
8 5 61
8 6 17
9 4 32
10 3 19
10 4 88
10 6 66
11 1 30
11 3 55
11 4 82
11 5 12
11 6 79
11 7 12
11 8 51
11 9 26
11 10 55
12 0 70
12 1 73
12 2 17
12 5 61
12 7 60
13 0 72
13 2 33
13 3 28
13 4 3
13 9 71
13 10 18
13 12 28
14 2 36
14 3 82
14 8 52
14 10 1
14 11 15
14 12 55
15 1 85
15 4 74
15 6 97
15 7 62
15 10 16
15 11 56
15 12 12
16 0 70
16 1 23
16 8 71
16 11 77
16 12 74
16 14 39
16 15 73
17 1 41
17 2 28
17 5 60
17 7 35
17 12 88
17 13 55
17 16 20
18 1 65
18 7 36
18 9 95
18 10 41
18 11 12
18 12 1
18 13 81
19 3 56
19 5 90
19 7 81
19 10 22
19 11 19
19 12 54
19 13 41
19 18 93
20 1 28
20 2 86
20 5 12
20 6 16
20 12 72
20 14 45
20 17 54
21 1 94
21 3 19
21 4 41
21 5 31
21 6 50
21 7 62
21 8 52
21 10 55
21 15 13
21 17 83
22 5 35
22 6 14
22 9 44
22 12 99
22 13 92
22 17 63
22 18 56
23 2 94
23 3 8
23 4 23
23 5 40
23 9 3
23 13 93
23 15 79
23 21 15
24 0 42
24 2 57
24 4 20
24 5 73
24 6 67
24 8 91
24 15 15
24 16 93
24 19 83
24 22 11
25 0 93
25 4 73
25 6 10
25 8 77
25 10 42
25 11 44
25 14 73
25 15 89
25 18 94
25 19 22
25 21 92
25 22 63
25 23 24
26 0 6
26 2 87
26 3 25
26 5 81
26 6 87
26 8 15
26 9 69
26 11 49
26 12 28
26 16 62
26 22 29
26 23 85
26 24 31
27 0 90
27 3 91
27 4 36
27 8 78
27 11 100
27 13 6
27 14 49
27 16 100
27 17 83
27 18 87
27 19 71
27 21 85
27 23 10
27 25 55
27 26 10
28 0 68
28 2 88
28 3 64
28 4 41
28 6 53
28 10 51
28 11 75
28 13 24
28 15 79
28 16 35
28 21 91
28 25 42
28 26 61
29 1 36
29 5 91
29 6 12
29 8 76
29 9 24
29 13 80
29 14 37
29 16 41
29 18 72
29 19 1
29 22 100
29 23 43
29 26 81
29 27 23
30 0 40
30 3 16
30 4 3
30 7 31
30 9 81
30 14 43
30 17 87
30 18 66
30 22 27
30 25 93
30 27 67
30 28 76
30 29 52
31 1 90
31 4 42
31 8 30
31 12 4
31 13 28
31 15 10
31 18 7
31 21 82
31 22 82
31 23 53
31 24 28
31 25 23
31 26 82
31 28 41
31 29 21
32 2 68
32 3 54
32 4 27
32 10 9
32 11 34
32 12 65
32 16 26
32 19 59
32 20 11
32 22 56
32 24 91
32 25 21
32 27 21
32 29 37
33 0 15
33 1 70
33 2 90
33 4 33
33 5 70
33 6 47
33 7 7
33 8 51
33 10 71
33 11 78
33 12 23
33 16 90
33 18 100
33 22 67
33 25 2
33 27 14
33 28 64
33 29 3
33 30 71
33 31 80
33 32 5
34 0 3
34 2 89
34 3 61
34 4 2
34 5 69
34 6 12
34 11 81
34 12 65
34 13 86
34 15 53
34 16 100
34 18 83
34 19 55
34 20 28
34 23 63
34 24 92
34 25 33
34 28 10
34 29 87
34 30 18
34 32 30
34 33 38
35 0 7
35 2 98
35 5 48
35 6 29
35 7 17
35 8 13
35 9 42
35 10 100
35 11 91
35 14 100
35 15 56
35 17 9
35 22 19
35 25 72
35 27 78
35 31 49
35 33 59
35 34 36
36 2 45
36 3 55
36 4 95
36 5 7
36 6 30
36 7 7
36 9 52
36 10 85
36 11 21
36 14 93
36 15 15
36 16 20
36 18 13
36 22 29
36 23 68
36 25 69
36 31 18
36 32 89
36 34 65
37 4 95
37 6 6
37 10 46
37 12 75
37 14 19
37 17 61
37 18 46
37 20 20
37 22 97
37 23 9
37 24 21
37 25 10
37 26 36
37 28 19
37 30 34
37 31 91
37 32 21
37 33 27
37 35 59
38 1 32
38 2 36
38 4 57
38 8 15
38 10 77
38 11 71
38 12 96
38 19 22
38 21 76
38 27 18
38 28 40
38 30 15
38 34 53
38 35 87
38 36 17
39 0 99
39 4 43
39 5 89
39 8 100
39 9 72
39 10 2
39 14 56
39 15 94
39 18 43
39 25 40
39 26 81
39 27 7
39 29 38
39 30 69
39 31 30
39 37 43
39 38 83
40 0 22
40 1 5
40 2 86
40 3 23
40 5 58
40 6 31
40 8 79
40 9 32
40 10 66
40 12 44
40 17 1
40 18 22
40 19 70
40 20 54
40 21 66
40 23 84
40 25 65
40 27 95
40 29 40
40 30 10
40 32 73
40 35 38
40 36 96
40 37 63
40 39 75
41 5 34
41 7 86
41 9 8
41 11 74
41 12 1
41 13 88
41 15 42
41 16 15
41 19 60
41 20 80
41 21 50
41 25 99
41 26 79
41 29 81
41 30 54
41 32 64
41 34 68
41 38 76
41 40 96
42 0 42
42 1 43
42 3 62
42 4 46
42 5 30
42 6 10
42 7 27
42 9 38
42 15 16
42 16 100
42 19 52
42 20 25
42 22 71
42 23 99
42 25 84
42 27 74
42 28 8
42 29 31
42 30 25
42 32 49
42 34 23
42 39 76
43 0 54
43 1 82
43 2 75
43 4 89
43 6 7
43 8 24
43 10 22
43 11 31
43 12 60
43 15 28
43 16 65
43 18 42
43 21 64
43 24 32
43 26 10
43 27 23
43 28 63
43 35 22
43 39 64
43 42 20
44 0 14
44 1 63
44 3 11
44 5 81
44 8 37
44 10 9
44 11 41
44 12 82
44 13 89
44 14 84
44 15 79
44 16 32
44 17 65
44 18 50
44 19 53
44 23 88
44 24 94
44 25 72
44 27 10
44 30 19
44 34 29
44 35 77
44 37 72
44 40 47
44 41 79
45 6 72
45 7 74
45 9 26
45 11 100
45 12 76
45 13 30
45 14 52
45 16 33
45 17 1
45 18 54
45 19 16
45 23 95
45 25 47
45 28 68
45 29 36
45 30 16
45 31 81
45 32 99
45 33 50
45 34 35
45 36 21
45 39 1
45 40 93
45 42 52
46 3 32
46 5 76
46 11 92
46 12 83
46 14 3
46 18 49
46 19 54
46 20 51
46 23 14
46 24 66
46 25 100
46 28 79
46 29 93
46 31 80
46 33 37
46 36 95
46 37 80
46 38 10
46 40 53
46 41 27
46 44 46
46 45 14
47 1 38
47 2 44
47 3 81
47 5 63
47 8 52
47 9 46
47 11 97
47 12 17
47 15 72
47 16 37
47 18 97
47 19 13
47 21 30
47 34 43
47 36 36
47 38 71
47 41 29
47 43 61
47 44 5
47 45 29
48 2 26
48 3 86
48 5 91
48 8 26
48 11 99
48 12 71
48 13 3
48 14 10
48 15 39
48 19 1
48 20 44
48 22 38
48 26 44
48 27 58
48 29 77
48 31 22
48 32 33
48 37 29
48 40 27
48 43 50
48 44 57
48 45 31
48 46 92
48 47 66
49 1 59
49 3 74
49 4 1
49 6 39
49 8 45
49 9 82
49 10 79
49 11 31
49 12 15
49 13 32
49 14 69
49 15 31
49 16 61
49 22 35
49 28 77
49 30 38
49 31 21
49 32 26
49 33 3
49 34 95
49 37 61
49 39 39
49 40 84
49 44 77
50 1 69
50 2 92
50 3 71
50 4 59
50 6 77
50 7 88
50 8 6
50 10 65
50 16 94
50 19 37
50 23 56
50 27 16
50 29 62
50 32 56
50 33 59
50 34 63
50 35 82
50 37 1
50 38 89
50 41 39
50 42 75
50 46 94
50 47 34
50 49 34
51 0 30
51 2 8
51 3 32
51 9 66
51 10 96
51 11 27
51 13 82
51 14 51
51 16 36
51 18 74
51 19 61
51 24 6
51 25 9
51 26 24
51 28 84
51 30 52
51 32 69
51 35 55
51 37 74
51 39 78
51 43 18
51 45 47
51 48 32
52 2 67
52 3 17
52 8 47
52 9 10
52 11 94
52 12 71
52 14 66
52 15 86
52 21 48
52 23 76
52 26 24
52 31 19
52 35 47
52 36 34
52 37 26
52 38 58
52 39 65
52 40 10
52 41 48
52 43 93
52 44 82
52 45 1
52 46 87
52 51 30
53 0 19
53 1 91
53 2 79
53 6 43
53 8 30
53 10 12
53 11 63
53 12 78
53 13 69
53 14 17
53 15 71
53 16 33
53 20 70
53 22 27
53 25 26
53 27 33
53 28 12
53 29 33
53 30 95
53 32 84
53 33 92
53 34 81
53 38 71
53 39 89
53 42 84
53 44 80
53 46 13
53 47 6
53 48 61
53 49 29
53 50 94
53 51 68
53 52 93
54 0 33
54 1 38
54 7 33
54 8 42
54 9 48
54 10 58
54 12 46
54 13 52
54 14 50
54 17 61
54 18 1
54 19 31
54 20 36
54 26 83
54 31 52
54 37 10
54 39 39
54 42 51
54 44 18
54 45 26
54 46 30
54 47 41
54 48 45
54 52 59
54 53 29
55 0 45
55 1 92
55 2 55
55 4 77
55 5 96
55 7 10
55 11 16
55 12 91
55 14 62
55 17 45
55 19 67
55 21 21
55 22 26
55 24 64
55 25 49
55 26 12
55 27 76
55 30 90
55 32 12
55 34 83
55 37 44
55 40 69
55 42 18
55 43 37
55 46 95
55 48 4
55 52 68
55 53 15
56 1 78
56 2 64
56 3 2
56 5 15
56 6 54
56 10 22
56 11 99
56 14 12
56 15 6
56 17 55
56 18 72
56 19 97
56 22 51
56 23 97
56 24 35
56 27 17
56 28 42
56 29 100
56 30 95
56 31 40
56 32 28
56 33 35
56 34 43
56 36 6
56 40 38
56 41 22
56 44 16
56 47 40
56 48 60
56 51 95
56 53 69
57 0 46
57 1 9
57 3 47
57 5 44
57 6 59
57 7 97
57 8 52
57 9 78
57 10 99
57 11 47
57 12 62
57 15 93
57 20 94
57 22 72
57 25 43
57 26 76
57 28 1
57 29 15
57 31 18
57 33 85
57 35 2
57 37 20
57 42 43
57 43 99
57 44 35
57 46 45
57 49 67
57 51 21
57 53 5
57 54 72
57 56 21
58 0 32
58 1 67
58 4 72
58 5 7
58 6 3
58 8 68
58 9 49
58 14 58
58 16 72
58 21 71
58 22 87
58 23 23
58 24 24
58 25 20
58 26 74
58 29 6
58 30 15
58 31 45
58 34 42
58 35 92
58 40 9
58 44 36
58 45 99
58 47 16
58 48 61
58 52 37
58 55 38
58 56 80
59 2 46
59 3 92
59 8 60
59 10 66
59 11 51
59 12 19
59 13 42
59 18 44
59 21 7
59 22 18
59 27 58
59 28 13
59 29 77
59 31 63
59 33 81
59 34 2
59 35 93
59 36 82
59 37 51
59 39 63
59 40 40
59 41 30
59 42 30
59 44 41
59 52 52
59 55 14
60 0 61
60 1 47
60 2 43
60 5 32
60 8 16
60 10 27
60 12 74
60 15 88
60 16 26
60 19 47
60 21 25
60 22 40
60 23 37
60 24 64
60 26 85
60 27 11
60 29 46
60 30 80
60 33 97
60 37 36
60 38 56
60 40 44
60 41 82
60 44 93
60 45 29
60 47 8
60 50 64
60 51 38
60 53 97
60 55 6
60 59 36
61 0 94
61 2 39
61 3 33
61 5 87
61 6 39
61 7 42
61 10 95
61 11 84
61 12 12
61 15 82
61 17 96
61 19 51
61 20 37
61 21 79
61 22 55
61 23 32
61 24 55
61 25 81
61 26 11
61 27 4
61 32 77
61 33 81
61 34 5
61 36 24
61 37 93
61 38 78
61 43 40
61 44 81
61 45 67
61 47 64
61 49 65
61 51 28
61 52 75
61 54 92
61 58 1
61 60 71
62 10 95
62 11 32
62 12 52
62 15 98
62 18 35
62 21 35
62 23 11
62 26 68
62 31 85
62 32 30
62 34 6
62 37 37
62 38 6
62 39 79
62 40 11
62 42 91
62 44 14
62 46 17
62 47 89
62 50 25
62 52 69
62 55 54
62 56 79
62 59 94
62 60 91
62 61 61
63 3 17
63 5 95
63 10 34
63 14 70
63 20 74
63 24 88
63 27 91
63 29 3
63 30 42
63 31 67
63 32 56
63 33 31
63 36 59
63 42 36
63 43 34
63 44 16
63 47 51
63 51 25
63 52 16
63 55 7
63 56 9
63 57 60
63 59 65
63 60 74
63 62 47
64 0 19
64 2 13
64 3 70
64 7 70
64 8 87
64 10 26
64 11 70
64 14 48
64 15 57
64 16 49
64 17 36
64 25 9
64 27 95
64 28 31
64 30 59
64 32 24
64 33 42
64 35 40
64 36 66
64 38 12
64 41 48
64 43 36
64 44 7
64 47 3
64 48 97
64 52 89
64 55 17
64 59 66
65 2 50
65 3 37
65 6 7
65 9 86
65 10 86
65 13 67
65 15 75
65 16 67
65 17 28
65 18 83
65 19 70
65 20 29
65 24 72
65 27 17
65 28 43
65 29 43
65 30 96
65 31 70
65 32 45
65 36 37
65 38 1
65 41 9
65 43 14
65 44 3
65 45 2
65 48 99
65 49 35
65 50 54
65 56 49
65 57 55
65 58 5
65 59 24
65 60 84
65 62 75
66 3 41
66 6 84
66 10 4
66 15 15
66 16 5
66 17 100
66 20 8
66 23 68
66 25 34
66 26 30
66 27 8
66 30 74
66 35 50
66 36 9
66 37 4
66 40 3
66 48 17
66 51 18
66 52 37
66 55 50
66 60 27
66 61 72
66 62 56
66 63 39
67 0 76
67 2 28
67 3 77
67 4 51
67 6 70
67 8 74
67 10 49
67 15 71
67 17 83
67 18 92
67 20 27
67 21 61
67 22 34
67 24 65
67 26 75
67 28 21
67 30 78
67 31 61
67 33 75
67 35 74
67 36 89
67 38 58
67 40 85
67 41 40
67 42 62
67 45 40
67 46 57
67 47 47
67 49 33
67 58 41
67 59 94
67 61 30
67 62 70
67 63 45
68 2 21
68 5 92
68 6 42
68 7 95
68 10 35
68 11 81
68 14 51
68 15 47
68 17 88
68 19 80
68 20 12
68 21 79
68 23 56
68 24 61
68 25 91
68 28 15
68 31 26
68 32 88
68 33 59
68 37 16
68 38 51
68 39 28
68 40 46
68 41 76
68 44 23
68 46 12
68 47 94
68 51 79
68 52 25
68 53 12
68 54 57
68 57 5
68 60 25
68 62 78
68 65 2
69 2 10
69 3 95
69 4 69
69 11 79
69 13 75
69 15 30
69 17 88
69 18 92
69 20 45
69 22 64
69 29 72
69 34 50
69 37 72
69 44 25
69 45 74
69 47 38
69 51 54
69 52 70
69 53 85
69 56 86
69 59 54
69 62 75
69 63 17
69 65 32
69 67 24
70 0 5
70 4 25
70 5 85
70 6 13
70 9 4
70 13 9
70 17 66
70 18 86
70 20 14
70 23 69
70 24 58
70 26 79
70 34 29
70 35 16
70 37 56
70 38 21
70 39 13
70 42 91
70 43 11
70 44 22
70 47 56
70 48 85
70 49 52
70 50 28
70 51 35
70 52 27
70 55 90
70 60 43
70 61 32
70 64 80
70 65 10
70 69 44
71 2 35
71 5 73
71 6 96
71 7 28
71 8 69
71 9 6
71 11 61
71 12 9
71 15 15
71 17 5
71 18 68
71 19 86
71 20 46
71 24 58
71 25 94
71 28 74
71 29 14
71 31 68
71 33 76
71 34 7
71 36 23
71 38 2
71 39 81
71 42 56
71 45 49
71 46 13
71 47 98
71 49 65
71 50 79
71 51 81
71 54 11
71 55 47
71 56 84
71 57 73
71 60 40
71 61 67
71 63 53
71 65 80
71 66 77
71 68 86
71 69 6
71 70 40
72 1 91
72 2 33
72 3 9
72 6 66
72 7 44
72 9 19
72 10 17
72 15 44
72 16 20
72 17 13
72 18 5
72 20 74
72 24 57
72 28 69
72 31 4
72 32 31
72 34 55
72 39 100
72 40 10
72 41 54
72 45 37
72 46 92
72 47 25
72 51 63
72 53 53
72 57 31
72 58 24
72 61 5
72 62 44
72 64 92
72 66 97
72 67 7
72 69 74
73 0 78
73 1 69
73 3 11
73 5 92
73 6 15
73 7 18
73 11 14
73 12 73
73 18 37
73 19 68
73 20 6
73 21 75
73 22 96
73 25 10
73 26 61
73 27 46
73 28 26
73 30 16
73 33 13
73 36 90
73 40 15
73 41 27
73 43 39
73 44 10
73 45 5
73 46 98
73 47 1
73 53 4
73 54 85
73 55 44
73 56 57
73 59 46
73 60 61
73 62 25
73 63 12
73 68 55
73 70 9
73 72 1
74 0 17
74 2 61
74 3 77
74 5 54
74 6 79
74 7 84
74 10 26
74 11 94
74 13 46
74 14 95
74 15 97
74 16 31
74 20 54
74 21 24
74 23 3
74 26 90
74 30 90
74 31 27
74 33 91
74 34 44
74 35 55
74 39 46
74 40 17
74 42 35
74 50 19
74 52 89
74 55 25
74 61 36
74 62 52
74 64 45
74 65 72
74 66 9
74 67 94
74 69 86
74 70 34
74 72 77
74 73 15
