35
1 0 53
2 1 60
3 1 25
4 0 15
5 1 22
6 0 56
6 1 1
6 2 93
6 4 18
6 5 18
7 0 30
7 2 91
7 4 57
7 5 6
7 6 79
8 0 92
8 1 49
8 3 65
8 4 6
8 5 3
8 6 19
8 7 39
9 3 27
9 4 21
9 5 36
10 2 29
10 5 3
10 7 53
10 8 38
10 9 48
11 0 10
11 2 46
11 3 54
11 5 24
11 8 84
12 3 51
12 6 91
12 7 30
12 9 16
13 1 68
13 3 26
13 5 74
13 7 81
13 8 24
13 9 21
13 10 23
13 12 2
14 1 67
14 2 21
14 3 80
14 5 6
14 6 24
14 7 58
14 8 83
14 9 86
14 12 59
15 0 28
15 2 66
15 3 98
15 4 23
15 6 96
15 9 35
15 11 86
15 12 24
15 14 43
16 1 17
16 3 24
16 4 5
16 6 22
16 10 22
16 13 31
17 1 36
17 3 68
17 4 45
17 7 59
17 8 16
17 10 10
17 14 64
17 15 75
17 16 49
18 2 24
18 3 50
18 4 34
18 5 63
18 6 17
18 8 23
18 9 91
18 11 63
18 12 76
18 13 52
18 15 29
18 17 82
19 2 86
19 4 78
19 6 63
19 7 12
19 8 67
19 9 21
19 10 81
19 12 95
19 15 36
19 16 57
19 17 29
19 18 74
20 1 74
20 2 61
20 3 54
20 4 83
20 6 44
20 8 73
20 9 59
20 11 51
20 15 70
20 17 84
20 19 37
21 1 4
21 3 49
21 4 37
21 6 45
21 7 100
21 8 27
21 13 26
21 14 10
21 15 10
21 16 84
21 17 70
21 18 80
22 0 56
22 1 48
22 2 3
22 7 90
22 8 44
22 10 37
22 12 19
22 13 53
22 14 66
22 16 45
22 20 18
22 21 51
23 0 20
23 1 81
23 2 37
23 3 68
23 4 58
23 7 6
23 9 16
23 12 42
23 13 49
23 17 14
23 19 48
23 21 42
23 22 28
24 0 61
24 2 19
24 4 38
24 7 42
24 10 69
24 12 64
24 13 93
24 14 21
24 16 91
24 18 11
24 19 96
24 20 53
24 22 28
25 2 8
25 3 77
25 5 77
25 6 88
25 8 67
25 9 42
25 10 16
25 11 43
25 16 81
25 17 44
25 19 50
25 20 92
25 23 50
26 0 45
26 2 22
26 4 67
26 6 83
26 7 85
26 9 40
26 11 98
26 15 75
26 18 69
26 22 28
26 24 16
26 25 18
27 0 57
27 3 44
27 4 57
27 14 45
27 15 37
27 16 11
27 17 24
27 19 49
27 21 73
27 22 17
27 23 15
27 24 72
27 25 30
27 26 76
28 0 20
28 1 40
28 3 27
28 4 15
28 8 39
28 9 31
28 10 11
28 12 17
28 13 82
28 15 20
28 16 54
28 17 25
28 18 99
28 20 53
28 27 93
29 2 98
29 4 89
29 5 25
29 8 15
29 11 27
29 12 99
29 14 10
29 18 78
29 20 80
29 24 97
29 28 86
30 2 39
30 5 77
30 8 19
30 10 43
30 11 19
30 12 73
30 14 87
30 15 97
30 17 19
30 23 56
30 26 6
30 27 37
30 29 31
31 0 33
31 1 66
31 2 99
31 8 99
31 11 91
31 14 82
31 15 33
31 17 96
31 18 42
31 19 89
31 21 82
31 22 34
31 23 10
31 24 47
31 25 33
31 29 59
31 30 52
32 0 50
32 1 42
32 3 51
32 5 69
32 8 33
32 9 51
32 11 98
32 15 20
32 19 42
32 21 31
32 22 6
32 26 32
32 27 34
32 28 57
32 30 26
33 1 46
33 3 98
33 4 3
33 6 81
33 7 52
33 8 63
33 15 97
33 16 23
33 17 23
33 19 91
33 20 69
33 21 3
33 22 8
33 25 48
33 26 55
33 28 56
33 32 34
34 0 27
34 3 51
34 4 14
34 6 36
34 7 14
34 8 22
34 9 43
34 13 70
34 15 30
34 17 20
34 19 68
34 23 7
34 24 51
34 30 58
34 32 95
