25
1 0 37
2 0 3
2 1 20
4 1 91
4 2 97
4 3 37
5 1 20
5 3 61
5 4 62
6 0 94
6 1 99
6 4 20
6 5 17
7 0 75
7 1 28
7 3 22
9 2 33
9 5 62
9 6 40
9 7 93
9 8 3
10 0 30
10 1 12
10 6 76
10 7 19
10 8 21
11 1 11
11 3 66
11 5 57
11 6 33
11 7 4
11 8 93
12 1 79
12 2 57
12 3 53
12 4 30
12 5 41
12 6 38
12 7 96
12 8 85
12 9 47
12 11 88
13 0 27
13 1 22
13 7 46
13 8 69
13 9 84
13 11 48
14 0 7
14 2 15
14 5 75
14 6 28
14 9 45
14 10 8
14 11 85
14 13 29
15 1 35
15 6 21
15 7 44
15 8 37
15 11 76
15 12 30
15 13 68
16 2 41
16 5 56
16 6 1
16 7 96
16 8 78
16 9 98
16 11 13
16 13 81
16 14 85
17 0 4
17 3 76
17 7 63
17 9 54
17 10 1
17 12 37
17 16 11
18 0 87
18 1 12
18 2 75
18 4 74
18 5 2
18 15 3
19 1 12
19 5 55
19 6 10
19 7 4
19 8 75
19 9 81
19 10 91
19 11 92
19 12 79
19 15 10
19 18 12
20 1 93
20 3 24
20 5 73
20 6 37
20 10 63
20 11 24
20 12 55
20 13 8
20 18 92
20 19 71
21 0 58
21 3 25
21 5 89
21 11 39
21 12 17
21 13 29
21 15 58
21 17 49
21 18 70
21 19 47
21 20 40
22 0 68
22 2 78
22 5 85
22 9 20
22 13 83
22 14 44
23 0 54
23 1 89
23 2 71
23 4 41
23 8 78
23 12 76
23 14 4
23 16 23
23 18 48
23 19 33
23 20 47
23 21 10
24 1 84
24 3 68
24 4 94
24 5 25
24 14 64
24 15 28
24 19 86
24 22 21
24 23 25
