75
1 0 37
2 0 48
2 1 27
3 0 23
3 1 4
3 2 25
4 0 50
4 1 8
4 2 45
4 3 33
5 0 3
5 1 42
5 2 10
5 3 35
5 4 18
6 0 44
6 1 42
6 2 50
6 3 48
6 4 12
6 5 10
7 0 1
7 1 18
7 2 9
7 3 21
7 4 24
7 5 45
7 6 2
8 0 32
8 1 23
8 2 19
8 3 38
8 4 40
8 5 29
8 6 30
8 7 12
9 0 49
9 1 48
9 2 37
9 3 45
9 4 20
9 5 8
9 6 3
9 7 2
9 8 19
10 0 48
10 1 7
10 2 31
10 3 6
10 4 37
10 5 37
10 6 3
10 7 48
10 8 6
10 9 7
11 0 31
11 1 17
11 2 23
11 3 5
11 4 41
11 5 1
11 6 4
11 7 19
11 8 41
11 9 49
11 10 48
12 0 48
12 1 40
12 2 44
12 3 12
12 4 38
12 5 35
12 6 28
12 7 45
12 8 12
12 9 39
12 10 24
12 11 25
13 0 17
13 1 5
13 2 13
13 3 30
13 4 29
13 5 34
13 6 35
13 7 19
13 8 15
13 9 48
13 10 44
13 11 49
13 12 17
14 0 42
14 1 23
14 2 35
14 3 29
14 4 26
14 5 46
14 6 43
14 7 19
14 8 37
14 9 27
14 10 38
14 11 25
14 12 16
14 13 25
15 0 31
15 1 15
15 2 49
15 3 8
15 4 12
15 5 9
15 6 39
15 7 23
15 8 47
15 9 27
15 10 47
15 11 9
15 12 24
15 13 44
15 14 29
16 0 11
16 1 5
16 2 34
16 3 35
16 4 15
16 5 22
16 6 5
16 7 30
16 8 41
16 9 18
16 10 43
16 11 21
16 12 31
16 13 48
16 14 37
16 15 29
17 0 41
17 1 44
17 2 20
17 3 6
17 4 17
17 5 3
17 6 42
17 7 24
17 8 17
17 9 31
17 10 13
17 11 1
17 12 45
17 13 8
17 14 24
17 15 24
17 16 40
18 0 46
18 1 50
18 2 3
18 3 50
18 4 24
18 5 16
18 6 34
18 7 5
18 8 3
18 9 22
18 10 5
18 11 15
18 12 22
18 13 6
18 14 22
18 15 13
18 16 13
18 17 41
19 0 20
19 1 47
19 2 50
19 3 3
19 4 22
19 5 26
19 6 50
19 7 39
19 8 29
19 9 34
19 10 19
19 11 1
19 12 21
19 13 4
19 14 31
19 15 34
19 16 44
19 17 42
19 18 17
20 0 28
20 1 23
20 2 4
20 3 8
20 4 37
20 5 7
20 6 1
20 7 3
20 8 47
20 9 13
20 10 18
20 11 29
20 12 33
20 13 42
20 14 26
20 15 26
20 16 45
20 17 30
20 18 20
20 19 11
21 0 3
21 1 45
21 2 21
21 3 23
21 4 15
21 5 3
21 6 4
21 7 33
21 8 10
21 9 28
21 10 27
21 11 44
21 12 35
21 13 43
21 14 29
21 15 36
21 16 35
21 17 4
21 18 3
21 19 7
21 20 36
22 0 40
22 1 3
22 2 48
22 3 23
22 4 26
22 5 44
22 6 24
22 7 13
22 8 31
22 9 33
22 10 13
22 11 32
22 12 6
22 13 34
22 14 12
22 15 36
22 16 8
22 17 5
22 18 44
22 19 42
22 20 6
22 21 46
23 0 29
23 1 45
23 2 5
23 3 29
23 4 38
23 5 10
23 6 45
23 7 9
23 8 31
23 9 43
23 10 28
23 11 22
23 12 4
23 13 45
23 14 31
23 15 37
23 16 23
23 17 33
23 18 5
23 19 2
23 20 9
23 21 21
23 22 15
24 0 21
24 1 15
24 2 45
24 3 34
24 4 20
24 5 38
24 6 16
24 7 13
24 8 28
24 9 29
24 10 8
24 11 49
24 12 48
24 13 19
24 14 38
24 15 2
24 16 19
24 17 10
24 18 18
24 19 41
24 20 16
24 21 11
24 22 19
24 23 35
25 0 23
25 1 40
25 2 40
25 3 40
25 4 47
25 5 11
25 6 7
25 7 32
25 8 27
25 9 2
25 10 16
25 11 49
25 12 39
25 13 25
25 14 21
25 15 33
25 16 22
25 17 49
25 18 4
25 19 46
25 20 5
25 21 50
25 22 4
25 23 36
25 24 23
26 0 26
26 1 20
26 2 40
26 3 48
26 4 26
26 5 38
26 6 41
26 7 31
26 8 40
26 9 15
26 10 33
26 11 4
26 12 50
26 13 9
26 14 29
26 15 32
26 16 41
26 17 3
26 18 48
26 19 16
26 20 10
26 21 36
26 22 50
26 23 33
26 24 43
26 25 22
27 0 12
27 1 23
27 2 23
27 3 42
27 4 46
27 5 34
27 6 13
27 7 4
27 8 42
27 9 31
27 10 3
27 11 48
27 12 30
27 13 34
27 14 46
27 15 16
27 16 3
27 17 8
27 18 31
27 19 8
27 20 49
27 21 30
27 22 10
27 23 18
27 24 12
27 25 50
27 26 48
28 0 7
28 1 11
28 2 1
28 3 27
28 4 46
28 5 8
28 6 19
28 7 9
28 8 13
28 9 35
28 10 24
28 11 17
28 12 48
28 13 29
28 14 19
28 15 4
28 16 33
28 17 27
28 18 34
28 19 42
28 20 7
28 21 47
28 22 27
28 23 43
28 24 29
28 25 18
28 26 15
28 27 3
29 0 16
29 1 11
29 2 15
29 3 8
29 4 38
29 5 29
29 6 34
29 7 32
29 8 32
29 9 6
29 10 33
29 11 17
29 12 39
29 13 13
29 14 4
29 15 6
29 16 42
29 17 4
29 18 32
29 19 4
29 20 45
29 21 2
29 22 44
29 23 36
29 24 49
29 25 48
29 26 43
29 27 16
29 28 26
30 0 44
30 1 12
30 2 35
30 3 28
30 4 21
30 5 48
30 6 26
30 7 14
30 8 47
30 9 44
30 10 18
30 11 50
30 12 40
30 13 10
30 14 50
30 15 39
30 16 4
30 17 9
30 18 23
30 19 16
30 20 49
30 21 41
30 22 1
30 23 39
30 24 30
30 25 19
30 26 13
30 27 26
30 28 33
30 29 35
31 0 31
31 1 13
31 2 33
31 3 10
31 4 4
31 5 44
31 6 20
31 7 28
31 8 12
31 9 43
31 10 39
31 11 28
31 12 25
31 13 8
31 14 18
31 15 34
31 16 16
31 17 6
31 18 8
31 19 29
31 20 46
31 21 28
31 22 35
31 23 6
31 24 22
31 25 5
31 26 3
31 27 42
31 28 46
31 29 29
31 30 31
32 0 14
32 1 22
32 2 46
32 3 43
32 4 46
32 5 47
32 6 45
32 7 8
32 8 13
32 9 12
32 10 31
32 11 24
32 12 49
32 13 34
32 14 39
32 15 29
32 16 13
32 17 33
32 18 43
32 19 6
32 20 42
32 21 47
32 22 39
32 23 25
32 24 50
32 25 32
32 26 1
32 27 28
32 28 5
32 29 4
32 30 42
32 31 29
33 0 3
33 1 40
33 2 9
33 3 43
33 4 36
33 5 48
33 6 34
33 7 5
33 8 15
33 9 13
33 10 21
33 11 18
33 12 21
33 13 28
33 14 35
33 15 50
33 16 7
33 17 34
33 18 47
33 19 18
33 20 46
33 21 49
33 22 5
33 23 37
33 24 48
33 25 42
33 26 37
33 27 46
33 28 41
33 29 7
33 30 22
33 31 32
33 32 22
34 0 10
34 1 46
34 2 18
34 3 7
34 4 44
34 5 24
34 6 14
34 7 41
34 8 1
34 9 21
34 10 47
34 11 44
34 12 43
34 13 27
34 14 4
34 15 14
34 16 35
34 17 41
34 18 11
34 19 47
34 20 32
34 21 3
34 22 48
34 23 9
34 24 16
34 25 6
34 26 32
34 27 7
34 28 36
34 29 32
34 30 22
34 31 19
34 32 33
34 33 39
35 0 31
35 1 35
35 2 38
35 3 15
35 4 28
35 5 23
35 6 20
35 7 42
35 8 50
35 9 30
35 10 32
35 11 18
35 12 18
35 13 4
35 14 29
35 15 3
35 16 8
35 17 34
35 18 45
35 19 16
35 20 6
35 21 7
35 22 29
35 23 16
35 24 6
35 25 20
35 26 42
35 27 24
35 28 11
35 29 3
35 30 3
35 31 48
35 32 28
35 33 21
35 34 48
36 0 32
36 1 37
36 2 48
36 3 28
36 4 25
36 5 43
36 6 43
36 7 18
36 8 17
36 9 31
36 10 49
36 11 8
36 12 5
36 13 43
36 14 17
36 15 9
36 16 16
36 17 34
36 18 15
36 19 24
36 20 25
36 21 41
36 22 36
36 23 49
36 24 24
36 25 3
36 26 30
36 27 5
36 28 40
36 29 48
36 30 29
36 31 26
36 32 4
36 33 35
36 34 45
36 35 7
37 0 29
37 1 20
37 2 28
37 3 7
37 4 24
37 5 1
37 6 5
37 7 7
37 8 43
37 9 23
37 10 8
37 11 27
37 12 48
37 13 37
37 14 38
37 15 23
37 16 25
37 17 18
37 18 33
37 19 18
37 20 10
37 21 2
37 22 30
37 23 32
37 24 22
37 25 29
37 26 16
37 27 6
37 28 48
37 29 31
37 30 16
37 31 18
37 32 9
37 33 15
37 34 43
37 35 40
37 36 7
38 0 14
38 1 49
38 2 24
38 3 17
38 4 30
38 5 7
38 6 42
38 7 9
38 8 15
38 9 45
38 10 31
38 11 21
38 12 38
38 13 47
38 14 50
38 15 1
38 16 14
38 17 46
38 18 36
38 19 23
38 20 15
38 21 17
38 22 17
38 23 2
38 24 4
38 25 18
38 26 12
38 27 3
38 28 10
38 29 47
38 30 5
38 31 39
38 32 42
38 33 9
38 34 21
38 35 20
38 36 36
38 37 27
39 0 47
39 1 37
39 2 16
39 3 1
39 4 46
39 5 16
39 6 27
39 7 2
39 8 47
39 9 34
39 10 15
39 11 12
39 12 39
39 13 28
39 14 16
39 15 25
39 16 39
39 17 8
39 18 10
39 19 46
39 20 37
39 21 14
39 22 38
39 23 24
39 24 43
39 25 32
39 26 49
39 27 48
39 28 30
39 29 14
39 30 5
39 31 37
39 32 38
39 33 37
39 34 45
39 35 4
39 36 14
39 37 42
39 38 43
40 0 43
40 1 17
40 2 50
40 3 47
40 4 39
40 5 40
40 6 13
40 7 15
40 8 25
40 9 11
40 10 44
40 11 44
40 12 17
40 13 42
40 14 38
40 15 49
40 16 27
40 17 8
40 18 15
40 19 49
40 20 45
40 21 18
40 22 18
40 23 3
40 24 37
40 25 24
40 26 18
40 27 25
40 28 11
40 29 43
40 30 48
40 31 39
40 32 22
40 33 33
40 34 27
40 35 37
40 36 45
40 37 23
40 38 23
40 39 27
41 0 29
41 1 42
41 2 8
41 3 44
41 4 4
41 5 40
41 6 6
41 7 10
41 8 50
41 9 20
41 10 22
41 11 17
41 12 28
41 13 40
41 14 39
41 15 6
41 16 44
41 17 37
41 18 25
41 19 50
41 20 29
41 21 4
41 22 26
41 23 13
41 24 24
41 25 43
41 26 10
41 27 47
41 28 42
41 29 15
41 30 9
41 31 2
41 32 6
41 33 13
41 34 1
41 35 50
41 36 16
41 37 15
41 38 7
41 39 17
41 40 18
42 0 30
42 1 19
42 2 43
42 3 11
42 4 47
42 5 3
42 6 7
42 7 25
42 8 37
42 9 21
42 10 44
42 11 39
42 12 41
42 13 48
42 14 22
42 15 7
42 16 25
42 17 50
42 18 34
42 19 13
42 20 44
42 21 8
42 22 41
42 23 15
42 24 38
42 25 7
42 26 12
42 27 29
42 28 25
42 29 29
42 30 2
42 31 17
42 32 20
42 33 45
42 34 41
42 35 20
42 36 44
42 37 43
42 38 24
42 39 27
42 40 19
42 41 21
43 0 23
43 1 37
43 2 33
43 3 48
43 4 38
43 5 33
43 6 44
43 7 27
43 8 9
43 9 50
43 10 44
43 11 28
43 12 46
43 13 40
43 14 24
43 15 29
43 16 48
43 17 26
43 18 17
43 19 34
43 20 40
43 21 27
43 22 16
43 23 36
43 24 8
43 25 32
43 26 48
43 27 24
43 28 10
43 29 16
43 30 26
43 31 25
43 32 46
43 33 11
43 34 44
43 35 5
43 36 5
43 37 45
43 38 13
43 39 42
43 40 44
43 41 34
43 42 19
44 0 28
44 1 32
44 2 20
44 3 23
44 4 20
44 5 50
44 6 23
44 7 29
44 8 50
44 9 8
44 10 6
44 11 46
44 12 13
44 13 31
44 14 3
44 15 50
44 16 34
44 17 6
44 18 1
44 19 50
44 20 47
44 21 28
44 22 26
44 23 38
44 24 23
44 25 46
44 26 10
44 27 50
44 28 47
44 29 30
44 30 18
44 31 44
44 32 5
44 33 33
44 34 34
44 35 46
44 36 19
44 37 45
44 38 5
44 39 50
44 40 44
44 41 43
44 42 20
44 43 43
45 0 15
45 1 44
45 2 5
45 3 13
45 4 10
45 5 5
45 6 26
45 7 45
45 8 5
45 9 47
45 10 8
45 11 33
45 12 18
45 13 25
45 14 43
45 15 34
45 16 24
45 17 34
45 18 13
45 19 27
45 20 22
45 21 12
45 22 34
45 23 17
45 24 26
45 25 1
45 26 8
45 27 29
45 28 13
45 29 48
45 30 30
45 31 9
45 32 29
45 33 38
45 34 6
45 35 40
45 36 26
45 37 3
45 38 45
45 39 33
45 40 47
45 41 1
45 42 24
45 43 9
45 44 1
46 0 50
46 1 43
46 2 14
46 3 22
46 4 9
46 5 16
46 6 16
46 7 45
46 8 16
46 9 24
46 10 32
46 11 46
46 12 34
46 13 2
46 14 30
46 15 12
46 16 1
46 17 21
46 18 17
46 19 24
46 20 15
46 21 4
46 22 26
46 23 23
46 24 14
46 25 11
46 26 11
46 27 37
46 28 13
46 29 16
46 30 17
46 31 4
46 32 32
46 33 27
46 34 17
46 35 40
46 36 48
46 37 44
46 38 5
46 39 24
46 40 38
46 41 48
46 42 17
46 43 12
46 44 17
46 45 24
47 0 44
47 1 38
47 2 13
47 3 38
47 4 25
47 5 35
47 6 49
47 7 8
47 8 18
47 9 41
47 10 21
47 11 4
47 12 10
47 13 37
47 14 46
47 15 37
47 16 37
47 17 22
47 18 47
47 19 12
47 20 5
47 21 8
47 22 45
47 23 21
47 24 44
47 25 24
47 26 18
47 27 20
47 28 34
47 29 22
47 30 38
47 31 9
47 32 40
47 33 14
47 34 35
47 35 14
47 36 27
47 37 44
47 38 46
47 39 24
47 40 21
47 41 6
47 42 39
47 43 17
47 44 1
47 45 41
47 46 2
48 0 28
48 1 35
48 2 40
48 3 38
48 4 48
48 5 33
48 6 19
48 7 4
48 8 5
48 9 48
48 10 12
48 11 8
48 12 8
48 13 42
48 14 23
48 15 7
48 16 27
48 17 31
48 18 21
48 19 17
48 20 9
48 21 16
48 22 16
48 23 43
48 24 36
48 25 8
48 26 8
48 27 20
48 28 36
48 29 8
48 30 5
48 31 38
48 32 5
48 33 19
48 34 16
48 35 24
48 36 48
48 37 10
48 38 13
48 39 41
48 40 25
48 41 49
48 42 35
48 43 25
48 44 13
48 45 2
48 46 42
48 47 14
49 0 12
49 1 27
49 2 28
49 3 14
49 4 39
49 5 41
49 6 26
49 7 28
49 8 36
49 9 27
49 10 36
49 11 12
49 12 27
49 13 8
49 14 35
49 15 17
49 16 41
49 17 1
49 18 16
49 19 12
49 20 25
49 21 50
49 22 13
49 23 49
49 24 12
49 25 11
49 26 8
49 27 12
49 28 9
49 29 38
49 30 19
49 31 37
49 32 44
49 33 41
49 34 30
49 35 48
49 36 9
49 37 13
49 38 48
49 39 36
49 40 15
49 41 7
49 42 12
49 43 15
49 44 14
49 45 44
49 46 13
49 47 22
49 48 47
50 0 2
50 1 47
50 2 50
50 3 23
50 4 36
50 5 1
50 6 49
50 7 31
50 8 34
50 9 43
50 10 43
50 11 18
50 12 40
50 13 38
50 14 1
50 15 37
50 16 3
50 17 29
50 18 8
50 19 46
50 20 12
50 21 34
50 22 16
50 23 35
50 24 20
50 25 20
50 26 42
50 27 17
50 28 34
50 29 36
50 30 8
50 31 7
50 32 9
50 33 38
50 34 37
50 35 49
50 36 27
50 37 7
50 38 4
50 39 16
50 40 11
50 41 31
50 42 32
50 43 49
50 44 26
50 45 14
50 46 32
50 47 16
50 48 13
50 49 14
51 0 17
51 1 34
51 2 48
51 3 48
51 4 34
51 5 21
51 6 34
51 7 44
51 8 24
51 9 28
51 10 22
51 11 44
51 12 14
51 13 11
51 14 37
51 15 21
51 16 32
51 17 7
51 18 10
51 19 38
51 20 22
51 21 2
51 22 37
51 23 30
51 24 43
51 25 28
51 26 48
51 27 24
51 28 20
51 29 6
51 30 48
51 31 47
51 32 33
51 33 44
51 34 19
51 35 50
51 36 29
51 37 38
51 38 25
51 39 47
51 40 20
51 41 50
51 42 43
51 43 7
51 44 19
51 45 34
51 46 31
51 47 21
51 48 7
51 49 32
51 50 17
52 0 13
52 1 18
52 2 7
52 3 19
52 4 41
52 5 43
52 6 31
52 7 1
52 8 38
52 9 24
52 10 6
52 11 26
52 12 44
52 13 9
52 14 17
52 15 14
52 16 26
52 17 29
52 18 28
52 19 29
52 20 4
52 21 22
52 22 29
52 23 30
52 24 5
52 25 49
52 26 26
52 27 29
52 28 30
52 29 10
52 30 18
52 31 25
52 32 44
52 33 18
52 34 15
52 35 31
52 36 48
52 37 15
52 38 15
52 39 28
52 40 3
52 41 28
52 42 31
52 43 6
52 44 9
52 45 3
52 46 48
52 47 25
52 48 22
52 49 50
52 50 39
52 51 9
53 0 38
53 1 16
53 2 32
53 3 16
53 4 11
53 5 39
53 6 36
53 7 16
53 8 46
53 9 23
53 10 6
53 11 17
53 12 21
53 13 17
53 14 10
53 15 20
53 16 44
53 17 11
53 18 6
53 19 32
53 20 27
53 21 2
53 22 40
53 23 2
53 24 17
53 25 32
53 26 21
53 27 6
53 28 29
53 29 7
53 30 11
53 31 4
53 32 48
53 33 37
53 34 35
53 35 47
53 36 24
53 37 33
53 38 2
53 39 35
53 40 4
53 41 14
53 42 16
53 43 42
53 44 44
53 45 41
53 46 6
53 47 21
53 48 19
53 49 14
53 50 26
53 51 31
53 52 10
54 0 10
54 1 20
54 2 36
54 3 45
54 4 33
54 5 35
54 6 26
54 7 14
54 8 24
54 9 5
54 10 41
54 11 46
54 12 29
54 13 5
54 14 41
54 15 4
54 16 2
54 17 31
54 18 42
54 19 7
54 20 1
54 21 26
54 22 19
54 23 2
54 24 1
54 25 35
54 26 6
54 27 40
54 28 43
54 29 30
54 30 16
54 31 28
54 32 14
54 33 17
54 34 50
54 35 8
54 36 17
54 37 44
54 38 29
54 39 1
54 40 38
54 41 40
54 42 42
54 43 39
54 44 2
54 45 29
54 46 39
54 47 2
54 48 42
54 49 30
54 50 15
54 51 12
54 52 7
54 53 10
55 0 45
55 1 14
55 2 2
55 3 25
55 4 48
55 5 34
55 6 14
55 7 36
55 8 8
55 9 15
55 10 37
55 11 21
55 12 13
55 13 36
55 14 33
55 15 37
55 16 44
55 17 6
55 18 12
55 19 25
55 20 33
55 21 7
55 22 39
55 23 2
55 24 21
55 25 44
55 26 39
55 27 42
55 28 14
55 29 10
55 30 16
55 31 16
55 32 6
55 33 4
55 34 50
55 35 33
55 36 27
55 37 24
55 38 41
55 39 10
55 40 21
55 41 48
55 42 16
55 43 50
55 44 24
55 45 14
55 46 18
55 47 19
55 48 41
55 49 22
55 50 35
55 51 38
55 52 49
55 53 45
55 54 4
56 0 8
56 1 8
56 2 14
56 3 21
56 4 29
56 5 33
56 6 11
56 7 37
56 8 4
56 9 32
56 10 38
56 11 10
56 12 31
56 13 37
56 14 5
56 15 4
56 16 48
56 17 10
56 18 25
56 19 11
56 20 27
56 21 27
56 22 10
56 23 13
56 24 46
56 25 37
56 26 45
56 27 38
56 28 15
56 29 45
56 30 38
56 31 2
56 32 48
56 33 21
56 34 35
56 35 23
56 36 50
56 37 15
56 38 25
56 39 4
56 40 22
56 41 6
56 42 5
56 43 16
56 44 37
56 45 45
56 46 34
56 47 47
56 48 7
56 49 41
56 50 4
56 51 18
56 52 20
56 53 14
56 54 10
56 55 14
57 0 9
57 1 7
57 2 16
57 3 46
57 4 26
57 5 1
57 6 45
57 7 35
57 8 32
57 9 43
57 10 5
57 11 37
57 12 49
57 13 4
57 14 46
57 15 40
57 16 47
57 17 21
57 18 50
57 19 26
57 20 47
57 21 48
57 22 9
57 23 42
57 24 40
57 25 38
57 26 31
57 27 18
57 28 21
57 29 35
57 30 50
57 31 32
57 32 13
57 33 41
57 34 45
57 35 41
57 36 14
57 37 34
57 38 36
57 39 9
57 40 5
57 41 19
57 42 27
57 43 26
57 44 38
57 45 6
57 46 35
57 47 12
57 48 10
57 49 40
57 50 9
57 51 31
57 52 19
57 53 30
57 54 4
57 55 45
57 56 30
58 0 48
58 1 25
58 2 43
58 3 29
58 4 3
58 5 47
58 6 4
58 7 14
58 8 49
58 9 48
58 10 12
58 11 23
58 12 49
58 13 21
58 14 42
58 15 30
58 16 21
58 17 44
58 18 26
58 19 23
58 20 47
58 21 1
58 22 37
58 23 35
58 24 50
58 25 40
58 26 12
58 27 6
58 28 23
58 29 48
58 30 2
58 31 20
58 32 43
58 33 9
58 34 26
58 35 32
58 36 7
58 37 37
58 38 46
58 39 47
58 40 25
58 41 33
58 42 22
58 43 34
58 44 3
58 45 33
58 46 25
58 47 25
58 48 4
58 49 20
58 50 12
58 51 46
58 52 28
58 53 36
58 54 46
58 55 18
58 56 24
58 57 3
59 0 1
59 1 37
59 2 11
59 3 11
59 4 11
59 5 45
59 6 34
59 7 46
59 8 17
59 9 43
59 10 14
59 11 1
59 12 14
59 13 15
59 14 45
59 15 25
59 16 9
59 17 48
59 18 11
59 19 13
59 20 26
59 21 41
59 22 9
59 23 23
59 24 45
59 25 11
59 26 35
59 27 46
59 28 35
59 29 11
59 30 24
59 31 50
59 32 34
59 33 3
59 34 40
59 35 39
59 36 25
59 37 21
59 38 24
59 39 19
59 40 35
59 41 30
59 42 32
59 43 3
59 44 10
59 45 15
59 46 37
59 47 5
59 48 47
59 49 14
59 50 2
59 51 41
59 52 48
59 53 50
59 54 27
59 55 9
59 56 41
59 57 20
59 58 47
60 0 36
60 1 26
60 2 4
60 3 16
60 4 50
60 5 11
60 6 37
60 7 26
60 8 29
60 9 14
60 10 18
60 11 18
60 12 15
60 13 27
60 14 49
60 15 11
60 16 22
60 17 41
60 18 27
60 19 28
60 20 42
60 21 4
60 22 18
60 23 31
60 24 20
60 25 41
60 26 22
60 27 6
60 28 5
60 29 20
60 30 4
60 31 42
60 32 41
60 33 25
60 34 11
60 35 18
60 36 27
60 37 6
60 38 46
60 39 11
60 40 20
60 41 20
60 42 4
60 43 32
60 44 7
60 45 28
60 46 28
60 47 10
60 48 32
60 49 26
60 50 42
60 51 9
60 52 24
60 53 47
60 54 13
60 55 29
60 56 6
60 57 5
60 58 12
60 59 5
61 0 39
61 1 19
61 2 9
61 3 9
61 4 8
61 5 30
61 6 48
61 7 18
61 8 41
61 9 20
61 10 48
61 11 23
61 12 22
61 13 15
61 14 17
61 15 46
61 16 39
61 17 16
61 18 49
61 19 47
61 20 38
61 21 5
61 22 49
61 23 38
61 24 40
61 25 3
61 26 1
61 27 22
61 28 44
61 29 50
61 30 42
61 31 3
61 32 26
61 33 48
61 34 25
61 35 48
61 36 33
61 37 37
61 38 20
61 39 24
61 40 21
61 41 45
61 42 1
61 43 32
61 44 49
61 45 12
61 46 7
61 47 18
61 48 6
61 49 22
61 50 31
61 51 10
61 52 7
61 53 46
61 54 14
61 55 1
61 56 16
61 57 15
61 58 17
61 59 27
61 60 2
62 0 2
62 1 33
62 2 12
62 3 50
62 4 47
62 5 21
62 6 36
62 7 38
62 8 49
62 9 50
62 10 26
62 11 48
62 12 15
62 13 38
62 14 8
62 15 2
62 16 17
62 17 13
62 18 36
62 19 36
62 20 35
62 21 15
62 22 16
62 23 1
62 24 1
62 25 14
62 26 20
62 27 47
62 28 1
62 29 13
62 30 20
62 31 48
62 32 15
62 33 38
62 34 27
62 35 46
62 36 46
62 37 26
62 38 32
62 39 9
62 40 35
62 41 16
62 42 3
62 43 37
62 44 20
62 45 49
62 46 32
62 47 3
62 48 42
62 49 47
62 50 31
62 51 29
62 52 14
62 53 40
62 54 16
62 55 12
62 56 19
62 57 21
62 58 7
62 59 27
62 60 10
62 61 36
63 0 36
63 1 38
63 2 24
63 3 25
63 4 39
63 5 32
63 6 21
63 7 15
63 8 31
63 9 24
63 10 33
63 11 31
63 12 30
63 13 21
63 14 9
63 15 13
63 16 49
63 17 25
63 18 13
63 19 28
63 20 31
63 21 33
63 22 42
63 23 35
63 24 4
63 25 41
63 26 47
63 27 36
63 28 26
63 29 35
63 30 31
63 31 18
63 32 33
63 33 48
63 34 6
63 35 9
63 36 40
63 37 45
63 38 1
63 39 39
63 40 28
63 41 41
63 42 17
63 43 26
63 44 36
63 45 33
63 46 50
63 47 32
63 48 27
63 49 27
63 50 22
63 51 14
63 52 21
63 53 29
63 54 37
63 55 45
63 56 26
63 57 33
63 58 44
63 59 17
63 60 49
63 61 17
63 62 2
64 0 2
64 1 44
64 2 4
64 3 37
64 4 37
64 5 36
64 6 21
64 7 31
64 8 8
64 9 22
64 10 27
64 11 44
64 12 34
64 13 13
64 14 38
64 15 40
64 16 13
64 17 19
64 18 39
64 19 40
64 20 37
64 21 50
64 22 17
64 23 5
64 24 17
64 25 35
64 26 11
64 27 33
64 28 15
64 29 15
64 30 16
64 31 15
64 32 31
64 33 39
64 34 20
64 35 47
64 36 19
64 37 46
64 38 28
64 39 21
64 40 26
64 41 25
64 42 42
64 43 20
64 44 21
64 45 21
64 46 20
64 47 7
64 48 2
64 49 16
64 50 38
64 51 26
64 52 30
64 53 39
64 54 42
64 55 3
64 56 32
64 57 4
64 58 5
64 59 16
64 60 9
64 61 34
64 62 12
64 63 27
65 0 24
65 1 33
65 2 23
65 3 35
65 4 11
65 5 17
65 6 50
65 7 13
65 8 22
65 9 17
65 10 23
65 11 4
65 12 21
65 13 1
65 14 7
65 15 24
65 16 16
65 17 5
65 18 39
65 19 28
65 20 17
65 21 37
65 22 35
65 23 46
65 24 36
65 25 26
65 26 40
65 27 23
65 28 34
65 29 50
65 30 44
65 31 15
65 32 15
65 33 41
65 34 45
65 35 17
65 36 48
65 37 31
65 38 20
65 39 33
65 40 32
65 41 11
65 42 13
65 43 15
65 44 18
65 45 26
65 46 13
65 47 13
65 48 24
65 49 30
65 50 20
65 51 48
65 52 41
65 53 33
65 54 38
65 55 11
65 56 27
65 57 30
65 58 14
65 59 29
65 60 16
65 61 46
65 62 5
65 63 35
65 64 32
66 0 36
66 1 48
66 2 43
66 3 27
66 4 9
66 5 2
66 6 50
66 7 35
66 8 1
66 9 48
66 10 45
66 11 28
66 12 14
66 13 14
66 14 4
66 15 35
66 16 49
66 17 13
66 18 47
66 19 49
66 20 9
66 21 44
66 22 48
66 23 33
66 24 33
66 25 34
66 26 5
66 27 8
66 28 2
66 29 14
66 30 30
66 31 32
66 32 9
66 33 12
66 34 48
66 35 40
66 36 23
66 37 21
66 38 35
66 39 30
66 40 29
66 41 40
66 42 10
66 43 31
66 44 35
66 45 33
66 46 42
66 47 24
66 48 38
66 49 28
66 50 50
66 51 22
66 52 3
66 53 24
66 54 38
66 55 50
66 56 50
66 57 47
66 58 28
66 59 15
66 60 3
66 61 5
66 62 39
66 63 32
66 64 28
66 65 15
67 0 14
67 1 6
67 2 50
67 3 4
67 4 17
67 5 27
67 6 37
67 7 5
67 8 12
67 9 8
67 10 17
67 11 23
67 12 48
67 13 22
67 14 4
67 15 44
67 16 9
67 17 12
67 18 11
67 19 12
67 20 50
67 21 19
67 22 2
67 23 23
67 24 39
67 25 36
67 26 47
67 27 11
67 28 1
67 29 44
67 30 40
67 31 16
67 32 27
67 33 3
67 34 35
67 35 2
67 36 43
67 37 24
67 38 26
67 39 1
67 40 47
67 41 19
67 42 5
67 43 2
67 44 20
67 45 40
67 46 40
67 47 35
67 48 8
67 49 23
67 50 49
67 51 40
67 52 47
67 53 15
67 54 24
67 55 41
67 56 1
67 57 41
67 58 2
67 59 39
67 60 16
67 61 4
67 62 34
67 63 41
67 64 32
67 65 6
67 66 41
68 0 33
68 1 36
68 2 38
68 3 16
68 4 8
68 5 10
68 6 38
68 7 17
68 8 29
68 9 50
68 10 12
68 11 33
68 12 9
68 13 20
68 14 42
68 15 9
68 16 17
68 17 49
68 18 23
68 19 20
68 20 15
68 21 8
68 22 3
68 23 17
68 24 12
68 25 4
68 26 11
68 27 48
68 28 10
68 29 46
68 30 11
68 31 17
68 32 7
68 33 48
68 34 47
68 35 50
68 36 11
68 37 5
68 38 37
68 39 6
68 40 46
68 41 23
68 42 21
68 43 22
68 44 34
68 45 17
68 46 24
68 47 19
68 48 13
68 49 33
68 50 26
68 51 28
68 52 34
68 53 40
68 54 35
68 55 24
68 56 47
68 57 9
68 58 2
68 59 24
68 60 26
68 61 11
68 62 27
68 63 45
68 64 13
68 65 24
68 66 11
68 67 7
69 0 33
69 1 4
69 2 16
69 3 14
69 4 3
69 5 32
69 6 31
69 7 7
69 8 29
69 9 26
69 10 24
69 11 47
69 12 45
69 13 49
69 14 39
69 15 16
69 16 41
69 17 21
69 18 23
69 19 1
69 20 38
69 21 8
69 22 42
69 23 21
69 24 3
69 25 2
69 26 2
69 27 7
69 28 2
69 29 6
69 30 14
69 31 4
69 32 21
69 33 49
69 34 37
69 35 32
69 36 46
69 37 30
69 38 27
69 39 4
69 40 39
69 41 39
69 42 30
69 43 13
69 44 4
69 45 23
69 46 34
69 47 4
69 48 16
69 49 31
69 50 2
69 51 28
69 52 39
69 53 21
69 54 3
69 55 17
69 56 1
69 57 41
69 58 9
69 59 38
69 60 16
69 61 42
69 62 42
69 63 8
69 64 22
69 65 19
69 66 8
69 67 5
69 68 47
70 0 42
70 1 39
70 2 7
70 3 21
70 4 17
70 5 46
70 6 42
70 7 43
70 8 14
70 9 32
70 10 8
70 11 10
70 12 8
70 13 46
70 14 44
70 15 47
70 16 17
70 17 47
70 18 20
70 19 10
70 20 46
70 21 28
70 22 32
70 23 26
70 24 46
70 25 20
70 26 42
70 27 22
70 28 30
70 29 15
70 30 42
70 31 37
70 32 20
70 33 31
70 34 40
70 35 30
70 36 2
70 37 24
70 38 29
70 39 8
70 40 26
70 41 29
70 42 9
70 43 26
70 44 11
70 45 50
70 46 6
70 47 37
70 48 22
70 49 9
70 50 26
70 51 30
70 52 46
70 53 30
70 54 6
70 55 10
70 56 49
70 57 37
70 58 43
70 59 27
70 60 44
70 61 5
70 62 25
70 63 41
70 64 4
70 65 32
70 66 22
70 67 45
70 68 23
70 69 48
71 0 38
71 1 19
71 2 12
71 3 33
71 4 4
71 5 4
71 6 23
71 7 7
71 8 46
71 9 41
71 10 27
71 11 32
71 12 26
71 13 5
71 14 33
71 15 8
71 16 4
71 17 40
71 18 16
71 19 40
71 20 22
71 21 44
71 22 32
71 23 15
71 24 15
71 25 7
71 26 25
71 27 18
71 28 19
71 29 9
71 30 3
71 31 16
71 32 16
71 33 7
71 34 35
71 35 46
71 36 16
71 37 2
71 38 13
71 39 48
71 40 30
71 41 33
71 42 46
71 43 46
71 44 12
71 45 7
71 46 26
71 47 9
71 48 2
71 49 12
71 50 46
71 51 5
71 52 16
71 53 16
71 54 26
71 55 14
71 56 9
71 57 43
71 58 18
71 59 45
71 60 3
71 61 5
71 62 17
71 63 23
71 64 50
71 65 41
71 66 22
71 67 43
71 68 2
71 69 32
71 70 41
72 0 20
72 1 15
72 2 12
72 3 22
72 4 4
72 5 40
72 6 18
72 7 24
72 8 22
72 9 22
72 10 29
72 11 35
72 12 29
72 13 4
72 14 3
72 15 29
72 16 26
72 17 49
72 18 47
72 19 26
72 20 32
72 21 12
72 22 46
72 23 3
72 24 44
72 25 23
72 26 17
72 27 26
72 28 10
72 29 12
72 30 38
72 31 19
72 32 23
72 33 5
72 34 33
72 35 38
72 36 14
72 37 33
72 38 11
72 39 14
72 40 4
72 41 36
72 42 35
72 43 31
72 44 8
72 45 8
72 46 18
72 47 23
72 48 19
72 49 31
72 50 40
72 51 11
72 52 46
72 53 6
72 54 1
72 55 15
72 56 16
72 57 22
72 58 36
72 59 29
72 60 27
72 61 44
72 62 30
72 63 15
72 64 38
72 65 12
72 66 43
72 67 23
72 68 20
72 69 39
72 70 35
72 71 32
73 0 18
73 1 25
73 2 48
73 3 43
73 4 23
73 5 3
73 6 5
73 7 28
73 8 33
73 9 10
73 10 2
73 11 8
73 12 31
73 13 27
73 14 32
73 15 33
73 16 22
73 17 48
73 18 39
73 19 6
73 20 44
73 21 3
73 22 22
73 23 12
73 24 12
73 25 13
73 26 11
73 27 10
73 28 37
73 29 43
73 30 49
73 31 19
73 32 13
73 33 35
73 34 41
73 35 47
73 36 19
73 37 27
73 38 27
73 39 6
73 40 19
73 41 10
73 42 50
73 43 37
73 44 43
73 45 1
73 46 26
73 47 23
73 48 23
73 49 21
73 50 40
73 51 26
73 52 21
73 53 9
73 54 8
73 55 18
73 56 42
73 57 7
73 58 10
73 59 43
73 60 34
73 61 19
73 62 50
73 63 27
73 64 8
73 65 38
73 66 26
73 67 47
73 68 39
73 69 35
73 70 43
73 71 22
73 72 17
74 0 31
74 1 23
74 2 7
74 3 33
74 4 4
74 5 26
74 6 40
74 7 42
74 8 40
74 9 9
74 10 16
74 11 8
74 12 6
74 13 48
74 14 20
74 15 7
74 16 23
74 17 5
74 18 36
74 19 14
74 20 43
74 21 12
74 22 31
74 23 24
74 24 36
74 25 39
74 26 30
74 27 10
74 28 10
74 29 48
74 30 3
74 31 39
74 32 8
74 33 16
74 34 26
74 35 29
74 36 13
74 37 18
74 38 40
74 39 45
74 40 39
74 41 2
74 42 14
74 43 28
74 44 17
74 45 1
74 46 46
74 47 50
74 48 26
74 49 29
74 50 31
74 51 50
74 52 48
74 53 14
74 54 33
74 55 18
74 56 22
74 57 16
74 58 27
74 59 22
74 60 20
74 61 48
74 62 42
74 63 4
74 64 17
74 65 12
74 66 8
74 67 19
74 68 19
74 69 7
74 70 37
74 71 23
74 72 46
74 73 48
