45
1 0 3
2 0 2
2 1 1
3 0 3
3 1 2
3 2 3
4 0 4
4 1 1
4 2 3
4 3 3
5 0 2
5 1 1
5 2 2
5 3 5
5 4 5
6 0 1
6 1 5
6 2 1
6 3 2
6 4 4
6 5 2
7 0 3
7 1 1
7 2 3
7 3 5
7 4 1
7 5 4
7 6 3
8 0 5
8 1 4
8 2 1
8 3 3
8 4 5
8 5 5
8 6 5
8 7 4
9 0 2
9 1 5
9 2 1
9 3 4
9 4 4
9 5 3
9 6 1
9 7 3
9 8 2
10 0 4
10 1 3
10 2 4
10 3 2
10 4 4
10 5 2
10 6 3
10 7 3
10 8 2
10 9 5
11 0 2
11 1 3
11 2 2
11 3 5
11 4 1
11 5 1
11 6 3
11 7 2
11 8 1
11 9 1
11 10 3
12 0 3
12 1 1
12 2 5
12 3 3
12 4 1
12 5 5
12 6 2
12 7 3
12 8 4
12 9 5
12 10 4
12 11 5
13 0 2
13 1 4
13 2 4
13 3 4
13 4 4
13 5 5
13 6 4
13 7 5
13 8 1
13 9 2
13 10 3
13 11 5
13 12 5
14 0 5
14 1 5
14 2 3
14 3 1
14 4 1
14 5 3
14 6 5
14 7 2
14 8 1
14 9 2
14 10 4
14 11 4
14 12 2
14 13 4
15 0 4
15 1 4
15 2 2
15 3 1
15 4 2
15 5 2
15 6 3
15 7 3
15 8 2
15 9 3
15 10 4
15 11 4
15 12 1
15 13 3
15 14 5
16 0 2
16 1 1
16 2 2
16 3 2
16 4 4
16 5 5
16 6 1
16 7 4
16 8 1
16 9 4
16 10 1
16 11 3
16 12 5
16 13 1
16 14 2
16 15 2
17 0 2
17 1 2
17 2 4
17 3 1
17 4 4
17 5 1
17 6 5
17 7 4
17 8 1
17 9 2
17 10 1
17 11 2
17 12 4
17 13 3
17 14 4
17 15 5
17 16 2
18 0 2
18 1 4
18 2 3
18 3 5
18 4 5
18 5 1
18 6 4
18 7 2
18 8 3
18 9 3
18 10 2
18 11 1
18 12 3
18 13 3
18 14 3
18 15 2
18 16 3
18 17 4
19 0 4
19 1 4
19 2 4
19 3 5
19 4 3
19 5 4
19 6 1
19 7 3
19 8 3
19 9 4
19 10 2
19 11 5
19 12 4
19 13 2
19 14 1
19 15 4
19 16 5
19 17 2
19 18 2
20 0 3
20 1 2
20 2 2
20 3 4
20 4 1
20 5 2
20 6 4
20 7 4
20 8 2
20 9 1
20 10 4
20 11 1
20 12 1
20 13 2
20 14 2
20 15 4
20 16 4
20 17 1
20 18 5
20 19 5
21 0 5
21 1 5
21 2 1
21 3 2
21 4 4
21 5 2
21 6 1
21 7 3
21 8 2
21 9 3
21 10 3
21 11 2
21 12 3
21 13 5
21 14 3
21 15 4
21 16 2
21 17 2
21 18 3
21 19 4
21 20 1
22 0 3
22 1 2
22 2 3
22 3 3
22 4 2
22 5 4
22 6 4
22 7 1
22 8 5
22 9 1
22 10 2
22 11 1
22 12 1
22 13 4
22 14 3
22 15 5
22 16 5
22 17 4
22 18 5
22 19 2
22 20 5
22 21 5
23 0 5
23 1 1
23 2 1
23 3 1
23 4 3
23 5 3
23 6 1
23 7 1
23 8 4
23 9 3
23 10 5
23 11 3
23 12 1
23 13 2
23 14 3
23 15 1
23 16 4
23 17 1
23 18 4
23 19 1
23 20 3
23 21 5
23 22 4
24 0 3
24 1 5
24 2 1
24 3 5
24 4 2
24 5 1
24 6 4
24 7 4
24 8 5
24 9 3
24 10 1
24 11 2
24 12 1
24 13 3
24 14 1
24 15 3
24 16 5
24 17 4
24 18 5
24 19 5
24 20 4
24 21 2
24 22 5
24 23 5
25 0 4
25 1 2
25 2 3
25 3 2
25 4 5
25 5 4
25 6 5
25 7 4
25 8 4
25 9 4
25 10 2
25 11 2
25 12 4
25 13 5
25 14 3
25 15 1
25 16 5
25 17 4
25 18 5
25 19 3
25 20 5
25 21 2
25 22 2
25 23 4
25 24 3
26 0 5
26 1 1
26 2 5
26 3 5
26 4 2
26 5 2
26 6 2
26 7 1
26 8 4
26 9 4
26 10 5
26 11 4
26 12 2
26 13 2
26 14 1
26 15 3
26 16 1
26 17 5
26 18 2
26 19 1
26 20 4
26 21 5
26 22 2
26 23 1
26 24 2
26 25 1
27 0 2
27 1 5
27 2 4
27 3 1
27 4 1
27 5 3
27 6 5
27 7 5
27 8 2
27 9 1
27 10 4
27 11 5
27 12 2
27 13 1
27 14 1
27 15 4
27 16 3
27 17 2
27 18 1
27 19 1
27 20 4
27 21 1
27 22 5
27 23 1
27 24 1
27 25 2
27 26 2
28 0 5
28 1 5
28 2 1
28 3 1
28 4 3
28 5 3
28 6 5
28 7 2
28 8 4
28 9 1
28 10 5
28 11 4
28 12 3
28 13 1
28 14 4
28 15 1
28 16 3
28 17 5
28 18 3
28 19 4
28 20 4
28 21 2
28 22 4
28 23 1
28 24 4
28 25 2
28 26 2
28 27 3
29 0 4
29 1 5
29 2 1
29 3 2
29 4 3
29 5 4
29 6 1
29 7 4
29 8 1
29 9 4
29 10 3
29 11 3
29 12 2
29 13 4
29 14 5
29 15 5
29 16 1
29 17 4
29 18 4
29 19 4
29 20 1
29 21 5
29 22 1
29 23 5
29 24 1
29 25 5
29 26 2
29 27 3
29 28 4
30 0 5
30 1 5
30 2 5
30 3 5
30 4 4
30 5 1
30 6 5
30 7 3
30 8 5
30 9 4
30 10 1
30 11 3
30 12 4
30 13 4
30 14 3
30 15 2
30 16 4
30 17 5
30 18 5
30 19 2
30 20 5
30 21 3
30 22 4
30 23 2
30 24 5
30 25 1
30 26 1
30 27 3
30 28 5
30 29 2
31 0 5
31 1 5
31 2 1
31 3 5
31 4 5
31 5 5
31 6 3
31 7 5
31 8 4
31 9 2
31 10 1
31 11 5
31 12 3
31 13 3
31 14 2
31 15 2
31 16 2
31 17 4
31 18 2
31 19 3
31 20 1
31 21 5
31 22 2
31 23 3
31 24 5
31 25 4
31 26 5
31 27 4
31 28 4
31 29 1
31 30 1
32 0 2
32 1 4
32 2 2
32 3 1
32 4 3
32 5 3
32 6 4
32 7 3
32 8 5
32 9 1
32 10 4
32 11 3
32 12 5
32 13 1
32 14 2
32 15 2
32 16 5
32 17 3
32 18 5
32 19 5
32 20 4
32 21 5
32 22 1
32 23 5
32 24 2
32 25 1
32 26 3
32 27 2
32 28 1
32 29 2
32 30 2
32 31 2
33 0 4
33 1 5
33 2 4
33 3 1
33 4 3
33 5 4
33 6 1
33 7 2
33 8 3
33 9 5
33 10 4
33 11 2
33 12 1
33 13 2
33 14 5
33 15 4
33 16 2
33 17 5
33 18 2
33 19 5
33 20 1
33 21 1
33 22 5
33 23 2
33 24 4
33 25 1
33 26 5
33 27 4
33 28 1
33 29 3
33 30 4
33 31 4
33 32 2
34 0 4
34 1 2
34 2 5
34 3 1
34 4 5
34 5 1
34 6 5
34 7 3
34 8 4
34 9 1
34 10 2
34 11 3
34 12 4
34 13 1
34 14 5
34 15 2
34 16 4
34 17 4
34 18 4
34 19 1
34 20 5
34 21 4
34 22 1
34 23 4
34 24 1
34 25 5
34 26 1
34 27 5
34 28 4
34 29 4
34 30 1
34 31 4
34 32 1
34 33 1
35 0 1
35 1 1
35 2 5
35 3 3
35 4 5
35 5 1
35 6 2
35 7 3
35 8 4
35 9 5
35 10 5
35 11 1
35 12 2
35 13 5
35 14 5
35 15 4
35 16 1
35 17 2
35 18 5
35 19 1
35 20 3
35 21 2
35 22 3
35 23 2
35 24 3
35 25 1
35 26 3
35 27 1
35 28 2
35 29 1
35 30 2
35 31 4
35 32 4
35 33 5
35 34 3
36 0 2
36 1 5
36 2 5
36 3 3
36 4 5
36 5 3
36 6 4
36 7 3
36 8 3
36 9 2
36 10 5
36 11 2
36 12 2
36 13 1
36 14 4
36 15 3
36 16 4
36 17 3
36 18 5
36 19 1
36 20 4
36 21 2
36 22 3
36 23 1
36 24 1
36 25 2
36 26 1
36 27 2
36 28 2
36 29 1
36 30 1
36 31 5
36 32 1
36 33 2
36 34 3
36 35 1
37 0 1
37 1 5
37 2 1
37 3 4
37 4 5
37 5 5
37 6 3
37 7 5
37 8 2
37 9 2
37 10 1
37 11 1
37 12 3
37 13 2
37 14 1
37 15 4
37 16 3
37 17 1
37 18 4
37 19 3
37 20 2
37 21 2
37 22 3
37 23 3
37 24 3
37 25 3
37 26 1
37 27 2
37 28 5
37 29 5
37 30 2
37 31 4
37 32 2
37 33 4
37 34 2
37 35 5
37 36 5
38 0 5
38 1 5
38 2 1
38 3 2
38 4 5
38 5 2
38 6 5
38 7 3
38 8 3
38 9 1
38 10 5
38 11 3
38 12 5
38 13 2
38 14 3
38 15 1
38 16 2
38 17 4
38 18 4
38 19 1
38 20 3
38 21 3
38 22 1
38 23 4
38 24 3
38 25 3
38 26 3
38 27 2
38 28 5
38 29 4
38 30 3
38 31 3
38 32 3
38 33 5
38 34 4
38 35 3
38 36 2
38 37 2
39 0 3
39 1 3
39 2 1
39 3 1
39 4 5
39 5 5
39 6 2
39 7 2
39 8 5
39 9 1
39 10 4
39 11 3
39 12 5
39 13 4
39 14 1
39 15 2
39 16 1
39 17 1
39 18 2
39 19 5
39 20 1
39 21 5
39 22 5
39 23 3
39 24 2
39 25 3
39 26 5
39 27 5
39 28 1
39 29 2
39 30 1
39 31 4
39 32 3
39 33 2
39 34 1
39 35 1
39 36 4
39 37 5
39 38 5
40 0 4
40 1 1
40 2 3
40 3 5
40 4 5
40 5 2
40 6 5
40 7 3
40 8 3
40 9 2
40 10 3
40 11 1
40 12 2
40 13 2
40 14 4
40 15 5
40 16 1
40 17 3
40 18 5
40 19 4
40 20 2
40 21 4
40 22 3
40 23 1
40 24 1
40 25 4
40 26 5
40 27 5
40 28 4
40 29 1
40 30 1
40 31 1
40 32 4
40 33 4
40 34 3
40 35 5
40 36 1
40 37 4
40 38 1
40 39 2
41 0 4
41 1 3
41 2 2
41 3 5
41 4 2
41 5 1
41 6 4
41 7 2
41 8 1
41 9 1
41 10 3
41 11 5
41 12 4
41 13 2
41 14 2
41 15 3
41 16 2
41 17 5
41 18 5
41 19 3
41 20 4
41 21 3
41 22 4
41 23 2
41 24 5
41 25 1
41 26 3
41 27 2
41 28 2
41 29 4
41 30 4
41 31 3
41 32 3
41 33 1
41 34 3
41 35 1
41 36 5
41 37 1
41 38 5
41 39 3
41 40 4
42 0 2
42 1 4
42 2 3
42 3 5
42 4 1
42 5 3
42 6 3
42 7 3
42 8 1
42 9 5
42 10 2
42 11 1
42 12 2
42 13 1
42 14 2
42 15 4
42 16 4
42 17 4
42 18 3
42 19 2
42 20 3
42 21 5
42 22 3
42 23 3
42 24 2
42 25 5
42 26 1
42 27 1
42 28 5
42 29 1
42 30 2
42 31 1
42 32 2
42 33 3
42 34 1
42 35 5
42 36 1
42 37 3
42 38 3
42 39 3
42 40 5
42 41 2
43 0 3
43 1 4
43 2 5
43 3 1
43 4 2
43 5 5
43 6 1
43 7 5
43 8 3
43 9 1
43 10 3
43 11 4
43 12 2
43 13 3
43 14 3
43 15 5
43 16 1
43 17 4
43 18 3
43 19 2
43 20 2
43 21 5
43 22 1
43 23 1
43 24 2
43 25 3
43 26 4
43 27 3
43 28 2
43 29 1
43 30 3
43 31 1
43 32 4
43 33 2
43 34 2
43 35 4
43 36 1
43 37 3
43 38 3
43 39 3
43 40 1
43 41 1
43 42 3
44 0 2
44 1 5
44 2 2
44 3 2
44 4 4
44 5 5
44 6 1
44 7 2
44 8 4
44 9 5
44 10 3
44 11 1
44 12 1
44 13 2
44 14 2
44 15 2
44 16 4
44 17 5
44 18 1
44 19 4
44 20 4
44 21 5
44 22 4
44 23 4
44 24 4
44 25 5
44 26 1
44 27 4
44 28 1
44 29 4
44 30 5
44 31 2
44 32 1
44 33 3
44 34 4
44 35 4
44 36 3
44 37 4
44 38 3
44 39 4
44 40 5
44 41 2
44 42 5
44 43 2
