65
1 0 4
2 1 4
3 1 1
3 2 2
4 1 2
5 3 5
6 0 5
6 1 1
6 4 3
7 2 4
7 5 5
7 6 1
8 2 1
8 5 1
8 6 1
9 2 2
9 3 3
9 4 4
10 1 3
10 2 3
10 3 5
10 4 5
10 5 5
10 9 2
11 4 1
11 5 3
11 8 5
11 9 4
11 10 4
12 0 4
12 3 5
12 5 5
12 6 5
12 11 5
13 0 5
13 1 5
13 3 2
13 4 1
13 6 3
13 8 2
13 9 3
13 10 3
13 11 5
14 2 4
14 4 5
14 5 5
14 7 4
14 8 3
14 10 1
14 13 3
15 0 2
15 2 4
15 5 1
15 6 2
15 14 2
16 0 3
16 1 1
16 3 4
16 4 5
16 5 5
16 7 3
16 10 2
16 12 1
16 14 5
17 2 4
17 3 5
17 4 3
17 5 2
17 6 3
17 7 3
17 9 5
17 11 4
17 12 3
17 14 4
18 1 3
18 3 3
18 6 2
18 7 1
18 8 4
18 10 4
18 12 3
18 14 4
18 16 3
19 3 2
19 4 2
19 6 3
19 7 3
19 8 2
19 13 4
19 15 2
19 16 1
20 4 2
20 8 2
20 9 2
20 10 1
20 12 4
20 14 5
21 2 2
21 3 5
21 4 4
21 7 3
21 9 5
21 11 1
21 15 5
21 16 3
21 18 2
22 0 4
22 3 4
22 10 2
22 11 3
22 12 1
22 13 5
23 0 2
23 1 4
23 5 1
23 7 2
23 8 5
23 9 1
23 13 2
23 15 2
23 18 2
23 19 2
23 21 2
23 22 3
24 2 2
24 3 1
24 5 5
24 6 5
24 8 2
24 12 4
24 14 1
24 15 2
24 17 5
24 21 1
24 22 2
24 23 5
25 2 3
25 3 5
25 4 3
25 5 5
25 9 5
25 11 2
25 12 2
25 13 2
25 14 5
25 18 3
25 20 1
25 21 4
25 23 3
26 2 4
26 3 3
26 4 3
26 6 1
26 8 1
26 9 1
26 11 4
26 12 5
26 19 3
26 21 5
26 24 1
26 25 3
27 1 4
27 2 1
27 3 4
27 5 2
27 7 1
27 8 1
27 9 3
27 12 1
27 15 1
27 16 1
27 22 1
27 24 4
28 2 5
28 3 2
28 10 5
28 11 3
28 12 1
28 14 4
28 16 1
28 18 1
28 21 1
28 22 3
28 23 5
28 24 5
28 27 5
29 1 2
29 2 3
29 3 3
29 4 4
29 5 1
29 8 5
29 11 3
29 12 4
29 13 1
29 14 2
29 15 3
29 16 3
29 18 1
29 22 4
29 25 1
29 26 5
29 27 1
30 0 5
30 1 2
30 2 3
30 5 4
30 6 2
30 9 3
30 10 3
30 11 1
30 12 5
30 15 2
30 19 2
30 20 1
30 26 2
30 27 5
31 1 5
31 6 4
31 8 5
31 9 2
31 13 5
31 14 3
31 17 1
31 18 3
31 21 3
31 23 3
31 24 1
31 25 2
31 27 4
31 30 2
32 2 3
32 5 1
32 6 1
32 7 1
32 8 1
32 9 1
32 17 5
32 18 4
32 19 5
32 21 4
32 22 5
32 23 5
32 24 1
32 27 5
32 29 2
32 31 5
33 1 2
33 2 1
33 4 2
33 6 4
33 8 4
33 10 2
33 11 1
33 12 5
33 16 1
33 17 4
33 18 5
33 20 1
33 22 4
33 25 1
33 26 5
33 28 3
33 29 2
33 30 1
33 32 2
34 4 5
34 5 2
34 6 1
34 9 4
34 10 3
34 13 4
34 15 5
34 18 3
34 19 5
34 20 3
34 22 5
34 23 3
34 24 5
34 25 2
34 26 2
34 30 1
34 33 4
35 1 3
35 2 4
35 4 1
35 5 1
35 6 5
35 9 2
35 11 4
35 12 5
35 14 1
35 16 5
35 17 2
35 21 3
35 24 4
35 25 5
35 27 3
35 28 3
35 29 5
35 31 4
35 33 2
35 34 5
36 1 5
36 2 2
36 3 1
36 4 4
36 5 5
36 7 5
36 9 3
36 11 1
36 12 5
36 23 4
36 24 1
36 25 5
36 29 4
36 33 2
36 35 2
37 1 2
37 2 2
37 8 4
37 9 4
37 10 1
37 11 1
37 16 2
37 18 2
37 20 2
37 21 5
37 22 4
37 24 1
37 25 3
37 26 5
37 28 5
37 31 4
37 32 5
37 33 5
37 35 4
37 36 1
38 0 3
38 1 2
38 2 1
38 3 4
38 6 2
38 10 5
38 13 4
38 15 2
38 19 1
38 23 3
38 24 2
38 26 4
38 29 1
38 34 1
38 35 1
38 36 4
39 2 3
39 4 2
39 8 3
39 11 1
39 15 4
39 17 2
39 19 5
39 23 1
39 26 5
39 27 2
39 33 1
39 35 1
39 36 4
39 37 1
40 2 3
40 4 2
40 5 3
40 7 1
40 9 4
40 11 4
40 12 5
40 13 5
40 14 3
40 15 4
40 16 3
40 19 2
40 22 3
40 23 3
40 24 2
40 25 5
40 27 4
40 28 2
40 31 3
40 33 2
40 34 1
40 36 4
40 37 1
40 39 5
41 1 4
41 2 2
41 4 2
41 7 4
41 11 2
41 13 1
41 14 4
41 15 5
41 19 1
41 20 2
41 22 4
41 24 4
41 25 4
41 29 1
41 30 5
41 33 2
41 38 4
41 39 5
41 40 3
42 0 4
42 1 4
42 3 3
42 4 4
42 5 4
42 6 2
42 8 2
42 9 1
42 10 5
42 11 3
42 12 5
42 13 4
42 20 1
42 21 4
42 24 5
42 27 3
42 28 4
42 29 2
42 31 3
42 33 4
42 35 4
42 37 1
42 39 5
42 40 4
43 2 3
43 3 1
43 4 4
43 6 2
43 7 1
43 8 2
43 11 2
43 17 1
43 18 5
43 20 3
43 22 2
43 23 3
43 25 5
43 26 4
43 30 5
43 31 4
43 33 4
43 34 4
43 35 4
43 37 4
43 41 5
44 0 5
44 1 1
44 2 3
44 3 3
44 5 4
44 7 1
44 9 2
44 10 1
44 11 3
44 12 5
44 14 2
44 17 2
44 19 5
44 21 1
44 22 4
44 30 3
44 32 3
44 33 5
44 36 3
44 37 4
44 39 1
44 41 2
45 1 3
45 2 5
45 4 3
45 6 2
45 7 2
45 8 4
45 9 3
45 13 1
45 16 1
45 17 1
45 21 4
45 23 5
45 24 5
45 26 1
45 29 1
45 30 3
45 32 2
45 33 5
45 34 5
45 35 5
45 37 4
45 38 2
45 42 3
45 43 2
46 0 5
46 5 5
46 6 5
46 8 4
46 10 5
46 13 4
46 16 1
46 17 2
46 19 1
46 21 1
46 22 5
46 23 2
46 26 5
46 28 5
46 30 5
46 31 1
46 32 3
46 33 1
46 34 3
46 35 1
46 38 2
46 40 3
46 43 4
46 44 2
47 1 5
47 3 2
47 11 5
47 13 1
47 14 2
47 15 4
47 16 5
47 18 3
47 19 3
47 20 5
47 21 3
47 22 1
47 23 1
47 25 3
47 26 1
47 27 3
47 28 5
47 29 1
47 35 1
47 36 3
47 37 1
47 40 3
47 43 4
47 44 5
47 45 4
47 46 5
48 0 4
48 1 4
48 4 1
48 5 2
48 6 4
48 10 3
48 12 2
48 14 5
48 15 4
48 18 5
48 20 5
48 22 1
48 25 5
48 26 5
48 28 2
48 29 4
48 30 3
48 31 3
48 32 3
48 33 2
48 34 1
48 35 1
48 37 5
48 39 3
48 41 5
48 42 4
48 46 1
49 2 2
49 6 5
49 8 5
49 10 2
49 11 4
49 12 5
49 13 2
49 15 4
49 19 2
49 20 3
49 21 4
49 23 3
49 25 5
49 26 1
49 27 2
49 28 1
49 29 3
49 31 4
49 34 5
49 37 3
49 40 1
49 42 4
49 44 2
49 46 2
49 48 2
50 2 5
50 3 2
50 4 4
50 5 5
50 6 2
50 7 2
50 14 4
50 16 4
50 17 5
50 19 1
50 20 5
50 22 5
50 23 3
50 27 5
50 31 3
50 32 3
50 35 3
50 36 1
50 37 5
50 39 4
50 40 4
50 41 1
50 43 2
50 47 3
50 49 5
51 0 1
51 1 1
51 4 1
51 5 2
51 6 4
51 7 5
51 9 1
51 14 3
51 16 5
51 18 1
51 19 1
51 20 5
51 22 1
51 23 2
51 29 5
51 30 5
51 32 2
51 33 2
51 34 4
51 36 3
51 37 1
51 38 2
51 42 3
51 44 2
51 45 4
51 47 3
51 49 2
51 50 1
52 0 3
52 6 3
52 8 4
52 9 4
52 10 5
52 11 4
52 13 4
52 14 4
52 16 3
52 17 2
52 20 1
52 21 1
52 25 5
52 26 1
52 29 1
52 30 4
52 32 4
52 34 1
52 35 5
52 36 1
52 37 3
52 40 3
52 43 5
52 45 4
52 47 5
52 48 5
52 49 1
52 51 3
53 0 4
53 1 1
53 2 5
53 3 2
53 4 1
53 5 2
53 9 5
53 10 1
53 11 2
53 18 2
53 22 1
53 27 4
53 28 3
53 30 2
53 32 3
53 33 1
53 34 2
53 38 3
53 39 1
53 42 5
53 43 3
53 45 3
53 49 3
53 50 5
53 51 3
54 2 2
54 5 1
54 6 2
54 7 2
54 8 1
54 13 3
54 14 4
54 17 3
54 19 5
54 22 4
54 23 2
54 24 3
54 26 4
54 27 2
54 30 5
54 34 3
54 36 5
54 37 1
54 38 4
54 39 4
54 42 3
54 43 2
54 45 1
54 46 3
54 47 2
54 52 1
54 53 5
55 0 4
55 2 4
55 4 4
55 5 3
55 9 1
55 10 5
55 11 2
55 13 5
55 14 3
55 15 3
55 16 1
55 17 4
55 19 5
55 22 1
55 24 3
55 25 4
55 28 1
55 34 1
55 40 4
55 41 3
55 42 4
55 43 4
55 44 1
55 46 4
55 49 5
55 51 3
55 52 5
55 54 3
56 2 3
56 3 1
56 4 1
56 11 4
56 20 5
56 23 5
56 24 2
56 26 4
56 27 3
56 28 1
56 29 1
56 35 4
56 39 2
56 40 5
56 42 3
56 44 5
56 45 4
56 46 3
56 47 2
56 48 4
56 49 2
56 51 1
56 52 4
56 53 2
56 55 4
57 1 2
57 3 4
57 4 3
57 5 3
57 6 1
57 8 1
57 9 1
57 11 2
57 12 3
57 13 2
57 16 1
57 18 4
57 23 2
57 25 5
57 26 3
57 28 2
57 30 2
57 31 2
57 32 2
57 33 5
57 38 2
57 45 2
57 46 3
57 52 1
57 53 4
57 55 1
57 56 3
58 6 3
58 12 2
58 13 3
58 14 1
58 18 3
58 19 1
58 20 2
58 23 5
58 24 5
58 26 2
58 27 3
58 30 1
58 31 5
58 32 1
58 35 2
58 37 1
58 38 5
58 40 2
58 42 4
58 43 3
58 44 3
58 45 2
58 47 5
58 48 2
58 49 1
58 50 1
58 52 2
58 53 3
58 54 1
58 55 1
58 56 1
58 57 2
59 0 4
59 1 3
59 2 3
59 3 4
59 6 4
59 8 1
59 9 3
59 11 3
59 12 4
59 13 4
59 17 3
59 19 3
59 21 4
59 23 2
59 24 5
59 26 3
59 27 2
59 28 4
59 30 5
59 31 2
59 33 1
59 35 2
59 36 4
59 37 3
59 40 3
59 41 3
59 42 2
59 44 2
59 48 3
59 50 1
59 52 4
59 53 1
59 54 3
59 57 5
60 1 4
60 2 5
60 5 5
60 6 2
60 7 3
60 8 3
60 14 5
60 16 4
60 18 5
60 19 2
60 20 4
60 21 1
60 24 3
60 25 5
60 27 4
60 28 4
60 29 2
60 31 4
60 33 5
60 35 5
60 37 2
60 38 1
60 39 4
60 45 4
60 52 1
60 54 4
60 55 5
60 56 5
60 57 1
60 58 5
61 1 4
61 4 1
61 7 5
61 8 3
61 9 3
61 11 3
61 12 4
61 14 2
61 15 2
61 18 3
61 20 3
61 25 3
61 26 4
61 28 1
61 29 5
61 32 4
61 33 2
61 36 3
61 37 3
61 42 2
61 43 2
61 47 3
61 48 3
61 51 5
61 53 1
61 54 1
61 58 1
61 59 4
62 1 2
62 6 1
62 7 4
62 8 5
62 9 5
62 11 4
62 12 4
62 18 2
62 20 2
62 22 2
62 23 1
62 27 1
62 28 2
62 29 1
62 30 5
62 35 2
62 37 2
62 38 2
62 40 4
62 43 5
62 45 1
62 49 4
62 51 5
62 58 1
62 60 4
63 1 5
63 3 5
63 5 3
63 7 2
63 8 3
63 9 2
63 11 4
63 15 4
63 17 2
63 18 3
63 19 3
63 22 4
63 23 2
63 26 1
63 28 4
63 29 4
63 33 3
63 36 1
63 40 4
63 41 3
63 43 1
63 50 3
63 54 3
63 55 4
63 56 1
63 57 3
63 58 2
63 60 2
64 0 1
64 4 1
64 5 4
64 6 2
64 7 4
64 9 2
64 12 3
64 13 4
64 15 5
64 16 3
64 19 3
64 20 3
64 29 2
64 41 2
64 47 2
64 49 3
64 50 5
64 51 1
64 52 3
64 55 4
64 58 3
64 59 2
64 61 1
64 62 3
64 63 4
