30
2 1 4
3 0 77
3 1 19
3 2 93
4 0 64
4 1 55
4 3 11
5 0 91
5 2 2
5 3 17
6 2 49
6 4 45
7 0 41
7 1 91
7 4 82
7 5 47
7 6 96
8 2 17
8 3 96
8 4 46
8 6 20
8 7 63
9 2 41
9 3 80
9 4 24
9 7 51
10 0 1
10 1 83
10 4 32
10 5 57
10 6 15
10 7 54
10 9 21
11 0 25
11 1 43
11 2 43
11 3 85
11 4 96
11 5 41
11 6 42
11 8 74
11 9 82
12 0 70
12 1 83
12 2 92
12 3 97
12 4 53
12 6 91
12 9 26
13 0 9
13 1 78
13 4 38
13 7 56
13 9 78
13 11 25
13 12 35
14 0 78
14 1 33
14 2 73
14 3 22
14 4 54
14 5 15
14 7 33
14 8 87
14 9 39
14 10 50
14 11 4
14 12 54
14 13 84
15 5 48
15 6 88
15 8 83
15 14 32
16 0 74
16 5 46
16 8 25
16 9 54
16 11 68
16 13 78
17 0 95
17 2 91
17 3 74
17 5 98
17 7 22
17 9 86
17 13 76
17 16 4
18 1 79
18 4 66
18 5 34
18 6 85
18 7 79
18 11 96
18 15 45
18 16 85
18 17 40
19 0 77
19 1 85
19 3 73
19 7 61
19 11 81
19 13 73
19 16 40
19 17 42
19 18 2
20 0 17
20 2 44
20 4 77
20 9 27
20 11 84
20 13 42
20 15 43
21 0 5
21 5 33
21 6 80
21 9 82
21 10 86
21 11 64
21 12 80
21 13 30
21 15 85
21 17 81
22 4 1
22 5 11
22 7 86
22 13 98
22 15 23
22 16 66
22 17 9
22 21 92
23 1 1
23 3 51
23 5 76
23 6 98
23 7 2
23 8 32
23 10 83
23 16 77
23 17 80
23 18 33
23 19 48
23 20 20
23 21 86
23 22 91
24 1 64
24 2 45
24 3 20
24 4 33
24 5 8
24 9 87
24 12 86
24 18 63
24 20 86
24 21 6
24 23 87
25 0 55
25 1 81
25 3 88
25 4 61
25 6 81
25 7 4
25 15 15
25 17 32
25 18 12
25 20 75
25 22 44
25 24 26
26 0 3
26 2 85
26 4 67
26 5 60
26 11 75
26 16 39
26 18 41
26 21 50
26 23 11
26 24 22
27 0 47
27 3 65
27 4 30
27 5 31
27 10 32
27 11 41
27 12 95
27 14 63
27 15 66
27 16 97
27 18 31
27 20 82
27 22 71
27 25 52
27 26 52
28 1 54
28 2 89
28 4 5
28 6 2
28 11 95
28 13 77
28 14 12
28 15 11
28 17 79
28 18 13
28 19 49
28 24 3
28 26 29
29 0 67
29 2 100
29 3 69
29 9 55
29 14 20
29 16 51
29 17 87
29 21 75
29 22 85
29 23 34
29 26 10
29 27 52
