55
2 0 39
2 1 3
3 1 8
3 2 25
4 1 30
4 2 18
4 3 46
5 2 40
5 3 16
6 1 30
6 2 18
6 4 8
6 5 2
7 0 12
7 1 12
7 4 13
8 2 21
9 2 45
9 3 16
9 4 49
9 5 44
9 6 9
9 7 48
9 8 41
10 0 27
10 3 33
10 7 10
10 8 11
11 3 36
11 4 26
11 7 48
11 8 2
11 10 20
12 0 42
12 1 17
12 3 17
12 5 5
12 6 43
12 7 36
12 8 3
12 11 49
13 1 36
13 2 13
13 9 14
13 10 24
14 0 16
14 2 1
14 3 8
14 5 35
14 9 27
14 11 4
15 0 42
15 2 19
15 3 8
15 4 23
15 6 42
15 7 11
15 8 8
15 9 40
15 10 13
15 12 15
15 13 31
16 2 47
16 3 11
16 8 20
16 13 47
16 15 49
17 1 46
17 2 25
17 3 10
17 5 31
17 6 50
17 7 26
17 9 41
17 10 33
17 12 46
17 13 42
17 14 6
17 15 17
17 16 29
18 0 21
18 1 24
18 2 9
18 5 37
18 8 44
18 10 39
18 13 20
18 15 39
18 16 47
19 0 25
19 1 22
19 2 1
19 3 38
19 7 40
19 8 22
19 9 18
19 10 18
19 12 36
19 13 22
19 15 37
19 17 34
19 18 36
20 0 1
20 4 18
20 5 1
20 6 33
20 7 49
20 8 28
20 9 5
20 10 28
20 11 17
20 13 36
20 14 42
20 15 21
20 17 49
20 18 42
21 0 22
21 1 38
21 7 37
21 8 44
21 10 32
21 12 33
21 16 24
21 17 24
21 18 50
21 20 26
22 1 38
22 3 46
22 5 4
22 6 37
22 7 27
22 8 27
22 9 35
22 11 31
22 12 46
22 13 50
22 15 24
22 16 36
22 17 42
22 18 34
22 19 3
22 21 7
23 1 5
23 2 6
23 5 31
23 6 46
23 9 10
23 10 20
23 11 49
23 13 6
23 15 3
23 19 24
23 20 1
23 21 3
24 3 8
24 5 45
24 7 14
24 8 33
24 10 46
24 11 2
24 12 41
24 13 32
24 14 32
24 15 16
24 17 31
24 19 44
24 20 5
24 21 12
24 23 15
25 5 23
25 7 19
25 8 47
25 11 14
25 13 42
25 14 32
25 15 4
25 17 20
25 20 28
25 21 32
25 22 12
25 23 24
26 3 32
26 5 34
26 7 28
26 11 4
26 12 10
26 13 44
26 17 44
26 18 29
26 25 10
27 0 17
27 2 38
27 5 2
27 6 47
27 8 13
27 10 40
27 11 50
27 19 31
27 20 40
27 23 48
27 24 26
27 25 4
27 26 44
28 3 42
28 6 4
28 7 1
28 8 13
28 10 24
28 11 46
28 12 10
28 15 37
28 18 28
28 19 46
28 20 43
28 21 8
28 23 4
28 26 49
29 1 30
29 2 29
29 4 33
29 5 31
29 6 8
29 7 42
29 9 50
29 10 39
29 11 1
29 13 19
29 14 24
29 17 31
29 20 26
29 21 34
29 22 33
29 23 34
29 24 31
29 26 38
30 3 43
30 4 14
30 5 42
30 6 22
30 7 32
30 10 33
30 11 48
30 13 25
30 14 20
30 15 13
30 16 32
30 20 4
30 22 48
30 23 12
30 25 25
30 26 21
30 29 29
31 0 29
31 4 2
31 5 41
31 7 41
31 8 8
31 11 21
31 13 29
31 14 49
31 16 24
31 17 12
31 22 8
31 24 18
31 26 9
31 27 39
31 29 9
32 0 36
32 1 50
32 3 28
32 4 19
32 9 37
32 10 46
32 11 5
32 13 10
32 19 1
32 20 8
32 21 14
32 22 44
32 23 22
32 24 3
32 25 46
32 27 8
32 29 13
32 30 2
33 0 37
33 7 18
33 8 16
33 9 49
33 13 41
33 14 39
33 17 31
33 19 44
33 21 38
33 22 1
33 23 49
33 25 19
33 29 44
33 32 34
34 0 40
34 3 6
34 4 18
34 6 28
34 8 29
34 9 12
34 12 50
34 17 27
34 18 11
34 21 43
34 22 2
34 24 9
34 25 45
34 27 28
34 29 25
34 33 11
35 0 47
35 1 50
35 3 24
35 4 48
35 9 16
35 12 50
35 13 15
35 16 27
35 17 8
35 18 44
35 20 20
35 21 38
35 22 17
35 23 13
35 28 12
35 29 3
35 31 39
35 32 29
35 33 40
35 34 42
36 1 9
36 6 11
36 7 31
36 9 19
36 10 8
36 12 29
36 20 4
36 21 23
36 22 50
36 23 40
36 26 42
36 27 3
36 28 20
36 29 24
36 31 15
36 33 20
36 34 28
37 0 36
37 1 33
37 4 16
37 8 36
37 10 30
37 11 50
37 12 18
37 14 4
37 18 1
37 20 27
37 21 14
37 23 43
37 24 36
37 27 45
37 28 11
37 30 5
37 31 42
37 33 13
37 34 20
37 35 14
38 0 39
38 2 36
38 3 1
38 4 19
38 5 21
38 6 40
38 7 47
38 9 48
38 10 45
38 14 22
38 16 23
38 18 23
38 22 17
38 24 19
38 25 21
38 26 40
38 27 20
38 30 1
38 36 46
38 37 19
39 1 10
39 3 49
39 6 20
39 8 1
39 9 37
39 10 10
39 12 34
39 13 49
39 17 8
39 22 4
39 23 26
39 24 50
39 26 50
39 28 24
39 31 18
39 32 47
39 34 26
39 35 20
39 36 49
39 37 37
40 0 16
40 1 8
40 4 18
40 9 21
40 13 6
40 14 41
40 15 20
40 16 12
40 17 48
40 19 42
40 20 37
40 21 22
40 22 17
40 23 13
40 28 29
40 31 40
40 32 43
40 33 30
40 35 24
40 36 15
40 37 45
41 1 20
41 3 9
41 4 35
41 6 21
41 7 5
41 8 42
41 11 6
41 13 30
41 14 44
41 16 14
41 18 41
41 19 5
41 20 37
41 21 34
41 24 37
41 27 38
41 30 19
41 32 6
41 33 3
41 36 24
41 37 19
41 39 7
41 40 48
42 0 20
42 4 28
42 5 19
42 8 37
42 9 2
42 11 13
42 14 21
42 15 6
42 19 40
42 20 4
42 28 29
42 30 25
42 31 43
42 33 11
42 35 3
42 37 36
42 39 15
42 40 3
43 3 10
43 7 20
43 9 5
43 11 44
43 12 38
43 13 20
43 14 21
43 18 15
43 20 47
43 21 47
43 25 42
43 26 35
43 27 40
43 31 42
43 32 21
43 33 14
43 34 21
43 35 22
43 36 38
43 38 44
44 0 13
44 2 27
44 3 35
44 5 28
44 6 22
44 7 49
44 9 36
44 10 44
44 11 17
44 12 16
44 14 23
44 19 46
44 20 2
44 21 16
44 22 3
44 27 4
44 29 15
44 31 39
44 34 27
44 35 48
44 37 1
44 39 4
44 40 21
44 41 40
44 42 32
45 0 11
45 3 19
45 4 10
45 5 4
45 6 10
45 7 26
45 8 6
45 9 22
45 10 10
45 13 20
45 15 7
45 16 17
45 21 17
45 23 16
45 27 21
45 28 43
45 31 16
45 38 49
45 39 21
45 41 47
45 44 11
46 0 5
46 2 28
46 4 14
46 7 15
46 14 32
46 15 28
46 16 43
46 17 45
46 18 14
46 19 35
46 20 18
46 21 49
46 22 15
46 23 43
46 24 9
46 25 14
46 26 5
46 29 23
46 30 36
46 32 40
46 33 3
46 34 25
46 35 38
46 36 22
46 37 8
46 38 50
46 39 38
46 40 27
46 44 7
46 45 13
47 0 40
47 1 2
47 2 39
47 3 37
47 7 23
47 8 12
47 10 43
47 12 8
47 13 36
47 14 25
47 21 11
47 23 3
47 26 36
47 28 14
47 31 7
47 34 46
47 38 26
47 40 32
47 41 12
47 43 31
47 45 37
47 46 33
48 2 34
48 3 49
48 4 15
48 5 18
48 6 15
48 7 6
48 8 16
48 13 36
48 14 17
48 15 32
48 17 32
48 18 40
48 19 45
48 20 45
48 22 22
48 23 47
48 24 8
48 26 25
48 29 23
48 30 29
48 31 44
48 32 21
48 36 15
48 37 11
48 43 41
48 44 35
48 47 7
49 0 8
49 1 47
49 3 47
49 6 27
49 9 38
49 13 42
49 16 4
49 21 33
49 22 11
49 23 33
49 24 9
49 25 5
49 26 41
49 27 42
49 29 12
49 33 25
49 34 19
49 35 38
49 37 11
49 38 6
49 40 37
49 41 46
49 48 26
50 3 36
50 4 39
50 5 5
50 6 33
50 8 26
50 14 41
50 16 50
50 17 35
50 18 21
50 21 2
50 23 14
50 25 5
50 27 12
50 28 22
50 29 37
50 30 41
50 32 20
50 38 34
50 39 38
50 41 20
50 43 7
50 44 1
50 47 12
50 48 22
51 3 17
51 4 41
51 5 14
51 7 11
51 8 7
51 9 8
51 10 47
51 12 25
51 14 19
51 15 24
51 17 45
51 19 2
51 29 21
51 30 48
51 33 42
51 34 20
51 35 42
51 36 18
51 37 14
51 39 37
51 40 12
51 43 39
51 44 4
51 47 4
51 48 29
52 2 10
52 3 32
52 8 48
52 9 3
52 15 33
52 19 22
52 20 12
52 22 15
52 24 37
52 26 2
52 27 4
52 28 5
52 29 20
52 34 48
52 35 10
52 37 48
52 39 11
52 43 34
52 44 34
52 45 15
52 46 36
52 47 26
52 49 17
52 51 18
53 0 28
53 2 1
53 4 40
53 6 8
53 7 49
53 10 11
53 12 39
53 13 12
53 15 14
53 16 4
53 19 38
53 20 34
53 21 13
53 22 41
53 24 36
53 25 7
53 27 6
53 28 20
53 29 1
53 31 10
53 33 44
53 34 37
53 35 41
53 38 5
53 41 38
53 42 2
53 52 15
54 0 49
54 1 16
54 2 11
54 6 32
54 7 45
54 8 24
54 14 12
54 15 36
54 16 32
54 19 1
54 20 39
54 21 48
54 23 26
54 26 30
54 33 19
54 34 17
54 35 32
54 38 18
54 42 1
54 46 36
54 47 4
54 48 49
54 49 5
54 50 12
54 53 3
