50
1 0 4
2 1 3
3 1 4
4 0 8
6 0 1
6 4 5
6 5 2
7 2 5
7 3 7
7 5 7
7 6 1
8 1 8
8 2 6
8 6 7
8 7 4
9 0 3
9 1 2
9 4 8
9 5 10
9 6 9
10 3 7
10 4 9
10 5 9
10 8 7
11 0 6
11 4 6
11 6 9
11 10 10
12 6 9
12 7 8
12 8 3
12 11 6
13 0 3
13 2 4
13 3 1
13 6 5
13 7 2
13 8 10
13 10 2
13 11 4
14 1 2
14 4 4
14 5 3
14 7 9
14 8 6
14 9 3
14 11 8
14 12 2
14 13 8
15 4 3
15 5 7
15 7 9
15 8 6
15 10 4
15 14 1
16 1 8
16 2 3
16 4 2
16 10 6
16 12 8
16 15 6
17 0 7
17 1 10
17 2 9
17 3 9
17 5 2
17 9 7
17 10 2
17 11 2
17 15 10
18 1 6
18 2 6
18 3 5
18 4 5
18 6 3
18 12 8
18 13 9
18 17 8
19 2 1
19 5 9
19 6 10
19 7 7
19 9 8
19 11 7
19 15 4
19 16 8
19 17 8
20 4 2
20 7 4
20 8 7
20 9 10
20 10 9
20 15 1
20 18 10
21 0 2
21 2 2
21 3 4
21 4 2
21 6 1
21 9 6
21 13 8
21 15 7
21 16 2
21 18 2
21 19 10
21 20 2
22 1 1
22 3 2
22 8 10
22 9 9
22 14 10
22 15 3
22 16 9
22 18 10
22 19 4
23 1 6
23 2 4
23 6 2
23 7 5
23 8 9
23 9 1
23 10 4
23 14 4
23 15 1
23 16 2
23 21 9
23 22 4
24 0 7
24 3 9
24 4 3
24 5 6
24 6 6
24 7 1
24 9 3
24 14 7
24 15 6
24 16 1
24 18 2
24 21 5
24 23 2
25 0 3
25 2 8
25 5 8
25 6 6
25 9 9
25 12 3
25 13 6
25 14 4
25 15 6
25 17 9
25 18 2
25 19 9
25 20 10
25 21 4
25 22 7
25 23 2
25 24 8
26 1 7
26 2 2
26 3 8
26 4 1
26 6 4
26 7 2
26 8 9
26 9 7
26 10 5
26 11 8
26 12 4
26 15 4
26 16 2
26 17 2
26 19 8
26 20 1
26 21 5
26 23 2
26 24 4
27 0 6
27 2 6
27 3 5
27 4 8
27 7 10
27 8 8
27 10 7
27 11 1
27 12 10
27 13 10
27 14 3
27 15 1
27 20 3
27 23 7
27 25 6
28 3 8
28 6 10
28 9 4
28 11 4
28 12 8
28 17 7
28 18 8
28 19 6
28 20 6
28 21 2
28 24 7
28 25 2
28 26 8
29 2 8
29 5 1
29 6 4
29 8 2
29 10 5
29 12 2
29 13 7
29 15 3
29 17 8
29 19 8
29 23 3
29 25 5
29 26 6
29 28 4
30 3 5
30 6 4
30 7 4
30 11 1
30 14 8
30 17 9
30 18 9
30 20 3
30 21 8
30 22 8
30 25 10
30 27 1
31 1 1
31 3 9
31 5 3
31 6 6
31 7 5
31 8 9
31 12 6
31 15 1
31 16 7
31 17 8
31 18 9
31 19 5
31 21 4
31 27 3
31 28 2
31 29 4
31 30 3
32 4 1
32 6 6
32 7 3
32 8 10
32 9 9
32 10 5
32 11 5
32 13 5
32 15 2
32 18 4
32 21 7
32 22 3
32 23 10
32 24 10
32 29 9
32 30 8
33 1 10
33 2 9
33 7 3
33 9 9
33 13 8
33 14 7
33 15 2
33 17 8
33 18 6
33 22 4
33 23 10
33 24 4
33 26 7
33 29 9
33 32 1
34 2 3
34 4 2
34 5 1
34 6 5
34 8 2
34 13 1
34 15 5
34 17 6
34 20 9
34 22 6
34 26 6
34 28 9
34 30 4
34 31 7
34 33 10
35 0 9
35 2 5
35 4 6
35 5 3
35 10 5
35 15 2
35 17 4
35 18 2
35 22 8
35 23 10
35 24 7
35 25 4
35 27 2
35 28 5
35 29 2
35 30 5
35 32 7
36 0 10
36 2 6
36 3 7
36 6 8
36 10 9
36 11 10
36 16 6
36 21 1
36 22 4
36 24 10
36 25 6
36 27 3
36 28 10
36 31 5
36 32 1
36 33 10
36 35 7
37 0 3
37 1 7
37 7 5
37 8 6
37 9 7
37 10 10
37 13 7
37 16 6
37 18 9
37 21 2
37 24 2
37 26 5
37 27 1
37 29 3
37 30 4
37 32 8
37 33 1
37 36 6
38 0 6
38 1 2
38 3 3
38 6 3
38 7 4
38 10 6
38 13 5
38 14 2
38 16 5
38 20 5
38 22 6
38 23 8
38 26 6
38 28 8
38 29 8
38 33 3
38 34 9
38 35 5
39 0 2
39 1 6
39 3 9
39 5 10
39 6 6
39 8 6
39 12 8
39 13 10
39 15 3
39 21 3
39 22 5
39 23 7
39 24 2
39 27 7
39 33 7
39 34 7
39 36 7
39 37 8
39 38 7
40 0 8
40 1 2
40 3 2
40 4 6
40 5 1
40 6 5
40 10 1
40 12 9
40 13 9
40 17 3
40 19 8
40 21 3
40 22 1
40 23 9
40 29 9
40 31 7
40 33 6
40 37 7
41 0 6
41 1 8
41 2 3
41 6 2
41 7 6
41 8 4
41 10 2
41 11 6
41 12 8
41 13 2
41 15 3
41 16 2
41 17 6
41 19 1
41 22 7
41 23 7
41 26 6
41 27 10
41 29 4
41 31 7
41 33 10
41 34 3
41 36 3
41 39 5
42 6 2
42 8 7
42 9 9
42 13 2
42 14 7
42 18 9
42 19 5
42 20 4
42 21 9
42 22 1
42 25 5
42 26 5
42 28 5
42 29 2
42 33 9
42 36 5
42 37 2
42 38 7
42 39 10
43 1 1
43 2 5
43 6 6
43 12 5
43 13 5
43 14 6
43 15 3
43 16 10
43 17 10
43 18 2
43 20 5
43 22 1
43 23 5
43 26 5
43 28 5
43 31 9
43 35 4
43 36 1
43 38 3
43 39 5
44 0 5
44 1 2
44 2 8
44 6 3
44 7 6
44 9 9
44 11 1
44 14 6
44 15 6
44 16 3
44 17 10
44 18 9
44 20 1
44 21 7
44 24 5
44 28 8
44 29 10
44 31 6
44 34 7
44 41 5
44 42 7
45 0 9
45 2 1
45 7 4
45 9 1
45 12 1
45 16 7
45 19 8
45 20 6
45 21 4
45 24 8
45 27 10
45 28 3
45 30 6
45 32 5
45 33 5
45 34 7
45 35 10
45 36 10
45 37 5
45 38 6
46 0 2
46 1 9
46 2 9
46 4 10
46 5 3
46 6 9
46 8 4
46 9 10
46 12 10
46 13 10
46 15 7
46 18 9
46 19 9
46 21 4
46 23 7
46 24 3
46 25 9
46 26 4
46 27 3
46 28 4
46 29 1
46 30 2
46 32 10
46 33 9
46 35 6
46 36 4
46 38 3
46 41 3
46 45 1
47 0 7
47 1 8
47 2 1
47 3 4
47 6 7
47 7 1
47 9 9
47 10 3
47 11 10
47 12 7
47 16 5
47 18 2
47 20 1
47 23 1
47 29 10
47 30 3
47 31 6
47 33 4
47 36 10
47 38 6
47 40 10
47 42 2
47 45 10
47 46 10
48 0 3
48 2 9
48 3 8
48 4 3
48 7 7
48 8 1
48 9 3
48 10 6
48 11 8
48 12 10
48 14 2
48 17 2
48 18 4
48 20 2
48 22 4
48 27 4
48 30 4
48 31 9
48 33 8
48 34 9
48 35 10
48 39 4
48 44 3
49 2 3
49 13 3
49 14 9
49 15 4
49 17 4
49 21 5
49 22 1
49 24 3
49 25 1
49 26 5
49 28 10
49 29 2
49 30 2
49 32 10
49 33 7
49 34 7
49 35 2
49 36 7
49 37 4
49 41 9
49 44 7
49 47 10
