40
3 0 3
3 1 4
4 0 10
4 2 4
5 4 7
6 3 8
6 5 10
7 4 4
7 5 4
8 0 6
8 1 10
8 6 3
9 0 2
9 1 7
9 3 7
9 5 7
9 7 1
9 8 6
10 0 6
10 2 8
10 3 7
10 7 9
11 0 3
11 1 9
11 4 2
11 6 1
11 8 2
12 0 3
12 1 10
12 2 6
12 4 10
12 5 5
12 6 4
12 8 9
12 10 2
12 11 9
13 0 8
13 1 7
13 2 7
13 8 6
13 10 3
14 1 8
14 2 5
14 3 2
14 6 3
14 8 2
14 9 2
14 10 8
14 11 2
14 13 8
15 0 9
15 1 5
15 2 8
15 3 1
15 5 3
15 8 6
15 9 8
15 10 7
15 11 2
15 13 1
15 14 7
16 2 6
16 5 5
16 6 5
16 9 6
16 11 2
16 13 3
17 0 9
17 1 10
17 2 5
17 5 1
17 9 5
17 10 2
17 11 5
17 15 5
17 16 7
18 0 5
18 4 10
18 6 10
18 7 1
18 10 5
18 12 6
18 13 7
18 14 10
18 16 9
18 17 6
19 1 4
19 2 8
19 3 6
19 4 10
19 5 9
19 7 6
19 9 9
19 12 6
19 13 4
19 14 1
19 17 9
20 0 3
20 3 7
20 4 10
20 5 6
20 9 6
20 11 10
20 13 3
20 15 3
20 17 2
20 19 6
21 0 5
21 3 7
21 4 7
21 5 4
21 6 4
21 8 6
21 9 4
21 11 10
21 12 1
21 13 3
21 17 1
21 19 1
22 7 4
22 8 10
22 10 8
22 11 8
22 13 2
22 16 9
22 20 6
22 21 5
23 0 2
23 1 1
23 2 10
23 4 1
23 5 9
23 6 6
23 9 10
23 10 4
23 12 1
23 14 7
23 15 5
23 16 10
23 17 6
23 18 8
24 1 4
24 3 2
24 4 2
24 5 6
24 6 9
24 7 5
24 8 6
24 10 6
24 11 2
24 15 6
24 16 6
24 19 5
24 22 1
24 23 2
25 2 5
25 5 5
25 8 3
25 12 7
25 14 4
25 15 5
25 16 7
25 20 3
26 0 2
26 3 6
26 4 5
26 6 8
26 10 2
26 12 3
26 13 2
26 15 4
26 16 6
26 18 5
26 20 5
26 22 2
26 23 6
26 25 4
27 0 6
27 2 5
27 3 5
27 4 2
27 5 9
27 6 4
27 7 5
27 10 8
27 12 10
27 14 9
27 16 5
27 18 6
27 19 1
27 20 2
27 23 7
27 24 3
27 25 9
28 1 9
28 2 2
28 5 2
28 6 5
28 7 5
28 10 10
28 12 9
28 13 4
28 16 3
28 17 2
28 18 4
28 20 9
28 21 3
28 23 9
28 24 8
29 0 1
29 1 8
29 2 5
29 3 7
29 4 6
29 6 2
29 7 9
29 10 7
29 11 2
29 12 2
29 14 6
29 15 10
29 20 10
29 21 5
29 23 1
29 25 7
29 26 3
30 0 6
30 1 7
30 7 1
30 12 7
30 14 5
30 17 9
30 22 9
30 23 1
30 24 10
30 25 1
30 26 3
30 27 8
30 28 9
30 29 3
31 0 6
31 3 7
31 9 8
31 11 6
31 14 4
31 16 7
31 19 10
31 20 10
31 21 6
31 22 6
31 23 5
31 25 5
31 26 5
31 27 10
32 0 7
32 7 4
32 10 7
32 11 2
32 13 6
32 16 4
32 17 6
32 20 6
32 25 9
32 26 6
32 27 1
32 28 7
33 1 10
33 3 9
33 4 7
33 6 10
33 7 4
33 8 5
33 9 2
33 20 9
33 21 9
33 24 9
33 26 10
33 28 1
33 29 3
33 31 1
34 3 5
34 4 5
34 10 6
34 11 5
34 12 2
34 13 6
34 14 1
34 18 5
34 19 2
34 21 5
34 23 1
34 26 8
34 28 9
34 30 1
34 32 6
34 33 7
35 2 5
35 3 3
35 6 7
35 7 5
35 9 9
35 13 10
35 15 3
35 17 6
35 18 5
35 19 7
35 20 4
35 21 10
35 22 3
35 23 9
35 26 4
35 27 6
35 29 3
35 30 6
35 31 3
35 34 8
36 1 1
36 5 2
36 7 2
36 8 8
36 9 2
36 12 7
36 13 3
36 14 1
36 18 8
36 19 1
36 20 1
36 21 9
36 24 2
36 25 8
36 26 9
36 27 2
36 28 8
36 29 10
36 31 3
36 33 3
37 4 2
37 5 3
37 7 7
37 9 9
37 10 5
37 13 10
37 15 8
37 16 6
37 19 2
37 20 4
37 25 2
37 26 7
37 27 4
37 28 3
37 29 10
37 32 5
37 34 2
37 35 2
38 1 8
38 2 6
38 5 5
38 6 4
38 7 6
38 8 7
38 10 7
38 11 1
38 13 9
38 16 9
38 17 8
38 18 3
38 20 4
38 26 10
38 28 3
38 29 8
38 30 2
38 32 8
38 33 4
38 36 1
39 0 2
39 2 6
39 4 10
39 5 5
39 6 4
39 7 10
39 8 5
39 10 9
39 11 8
39 14 8
39 15 9
39 16 8
39 17 2
39 18 5
39 19 8
39 21 3
39 22 6
39 24 6
39 27 5
39 28 10
39 29 8
39 30 1
39 31 8
39 34 8
39 38 5
