30
2 0 20
3 2 43
4 0 17
4 2 50
5 1 19
5 3 21
6 0 45
6 3 24
6 4 11
6 5 19
7 0 36
7 2 34
7 3 25
7 4 4
7 5 47
7 6 3
8 1 9
8 4 33
8 5 10
8 7 32
9 0 27
9 4 13
9 5 46
9 6 31
9 7 21
10 2 16
10 3 4
10 5 40
10 6 38
10 8 39
10 9 41
11 1 35
11 2 3
11 3 19
11 5 42
11 9 2
11 10 48
12 1 49
12 3 50
12 11 29
13 0 38
13 4 46
13 8 3
13 11 24
14 0 49
14 1 5
14 2 2
14 6 1
14 7 41
14 9 22
14 10 49
14 12 18
15 1 13
15 4 35
15 8 9
15 11 12
15 12 24
15 14 44
16 2 14
16 3 34
16 4 18
16 6 48
16 8 31
16 9 20
17 2 42
17 3 40
17 4 42
17 8 40
17 10 25
18 3 32
18 7 24
18 8 15
18 9 25
18 11 28
18 12 38
18 14 49
18 15 32
18 16 41
19 1 3
19 2 49
19 5 50
19 9 37
19 11 23
19 13 36
19 16 34
19 17 31
19 18 39
20 0 19
20 2 50
20 3 8
20 4 5
20 6 11
20 9 21
20 10 25
20 11 35
20 12 26
20 13 6
20 15 47
20 16 42
20 17 2
20 18 47
21 0 21
21 1 20
21 2 42
21 4 26
21 5 46
21 7 31
21 10 35
21 13 4
21 15 29
21 16 12
21 19 46
22 0 5
22 1 8
22 3 12
22 5 46
22 7 6
22 8 37
22 10 24
22 11 28
22 13 41
22 15 19
22 16 45
22 17 35
22 18 5
22 19 8
22 21 10
23 2 19
23 3 40
23 5 13
23 6 29
23 9 14
23 10 10
23 11 10
23 13 5
23 15 25
23 16 37
23 22 37
24 0 22
24 8 5
24 9 48
24 10 37
24 11 16
24 12 41
24 13 22
24 14 46
24 16 26
24 19 34
24 20 40
24 21 26
24 22 11
25 2 28
25 4 41
25 8 40
25 10 41
25 11 5
25 14 24
25 15 14
25 16 26
25 17 28
25 18 4
25 20 42
25 21 36
25 24 22
26 0 30
26 2 39
26 3 31
26 4 27
26 5 15
26 6 38
26 7 11
26 8 43
26 12 46
26 13 3
26 14 12
26 15 47
26 17 35
26 20 14
26 22 48
26 23 18
27 0 18
27 1 5
27 3 41
27 4 12
27 6 12
27 7 5
27 9 1
27 11 9
27 13 7
27 14 47
27 15 10
27 16 19
27 17 34
27 19 24
27 21 17
27 25 47
28 2 28
28 5 3
28 6 1
28 10 46
28 12 9
28 15 41
28 16 27
28 19 40
28 21 18
28 22 49
28 23 40
28 26 2
28 27 27
29 1 25
29 3 4
29 6 7
29 8 38
29 12 10
29 14 17
29 15 28
29 17 21
29 18 9
29 19 37
29 20 27
29 21 33
29 25 4
29 26 22
29 27 11
29 28 32
