25
1 0 1
2 1 1
3 2 1
4 3 1
5 4 1
6 0 1
6 1 1
6 4 1
6 5 1
7 0 1
7 1 1
7 3 1
8 7 1
9 0 1
9 1 1
9 2 1
9 3 1
9 4 1
9 5 1
9 6 1
9 7 1
9 8 1
10 0 1
10 1 1
10 2 1
10 4 1
10 7 1
10 9 1
11 1 1
11 3 1
11 4 1
11 6 1
11 8 1
11 10 1
12 0 1
12 3 1
12 4 1
12 5 1
12 6 1
12 7 1
12 10 1
13 2 1
13 5 1
13 8 1
13 10 1
14 3 1
14 12 1
15 3 1
15 5 1
15 6 1
15 7 1
15 9 1
15 10 1
15 13 1
15 14 1
16 1 1
16 3 1
16 4 1
16 6 1
16 8 1
16 11 1
16 14 1
17 0 1
17 3 1
17 4 1
17 6 1
17 7 1
17 9 1
17 11 1
17 14 1
17 15 1
17 16 1
18 2 1
18 3 1
18 4 1
18 7 1
18 8 1
18 13 1
18 14 1
19 2 1
19 4 1
19 5 1
19 6 1
19 7 1
19 10 1
19 15 1
20 0 1
20 1 1
20 3 1
20 10 1
20 11 1
20 12 1
20 14 1
20 16 1
20 18 1
20 19 1
21 0 1
21 2 1
21 3 1
21 5 1
21 6 1
21 8 1
21 11 1
21 13 1
21 14 1
21 18 1
21 20 1
22 2 1
22 3 1
22 5 1
22 8 1
22 11 1
22 13 1
22 14 1
22 15 1
22 16 1
22 17 1
22 18 1
22 20 1
23 1 1
23 4 1
23 5 1
23 6 1
23 8 1
23 17 1
23 20 1
24 0 1
24 1 1
24 3 1
24 5 1
24 8 1
24 11 1
24 12 1
24 13 1
24 15 1
24 17 1
24 18 1
24 20 1
24 21 1
24 22 1
