60
1 0 39
3 1 100
4 1 33
4 3 20
5 1 91
5 4 100
6 1 44
6 2 92
6 5 28
7 2 30
7 3 58
7 4 8
7 6 2
8 1 29
8 2 72
8 5 36
8 7 28
9 2 91
9 4 13
9 5 2
9 6 46
9 7 96
10 0 4
10 2 74
10 6 72
11 4 98
11 5 70
11 6 48
11 7 85
11 8 46
11 9 49
12 0 37
12 2 92
12 7 45
12 8 82
12 10 11
12 11 60
13 1 13
13 2 18
13 3 93
13 4 7
13 5 39
13 7 76
13 8 28
13 10 88
14 1 46
14 5 9
14 6 22
14 7 45
14 9 80
14 10 52
14 11 50
14 12 1
15 1 74
15 3 65
15 4 36
15 6 20
15 7 83
15 11 4
15 13 83
16 0 78
16 2 94
16 3 46
16 5 79
16 12 59
16 13 46
16 14 43
16 15 27
17 0 90
17 1 15
17 2 67
17 3 29
17 4 60
17 5 72
17 8 68
17 9 71
17 11 47
17 12 18
17 14 45
17 16 25
18 2 33
18 4 18
18 5 42
18 8 67
18 11 29
18 12 29
18 13 27
18 17 38
19 4 65
19 6 71
19 9 35
19 11 82
19 13 34
19 15 6
19 16 41
19 17 28
20 5 95
20 6 16
20 7 65
20 8 61
20 10 47
20 11 54
20 13 13
20 18 46
21 0 29
21 1 59
21 2 57
21 3 52
21 7 22
21 9 97
21 12 43
21 13 71
21 14 4
21 16 47
21 17 10
21 19 68
21 20 28
22 0 7
22 4 20
22 7 12
22 9 76
22 13 97
22 15 100
22 21 33
23 3 85
23 5 60
23 8 43
23 11 69
23 12 93
23 13 46
23 18 81
23 22 5
24 0 92
24 1 53
24 5 15
24 6 80
24 7 46
24 8 72
24 14 47
24 15 72
24 16 36
24 19 32
24 20 48
24 22 21
25 0 12
25 2 2
25 3 47
25 4 82
25 6 48
25 7 35
25 8 15
25 9 72
25 10 9
25 11 45
25 12 50
25 15 61
25 16 92
25 18 52
25 19 62
25 20 5
25 21 60
25 24 17
26 0 45
26 4 18
26 5 81
26 9 56
26 11 87
26 13 11
26 15 15
26 16 14
26 17 38
26 21 99
26 22 65
26 25 6
27 0 50
27 2 32
27 5 31
27 6 93
27 7 85
27 9 90
27 15 16
27 20 86
27 21 88
27 22 7
27 25 69
28 1 95
28 2 71
28 4 18
28 5 99
28 7 34
28 8 3
28 9 48
28 10 42
28 11 46
28 16 58
28 18 37
28 19 13
28 20 86
28 22 66
28 27 12
29 0 18
29 3 77
29 4 48
29 5 59
29 8 56
29 9 45
29 10 30
29 12 53
29 13 61
29 14 7
29 15 62
29 19 64
29 23 65
29 26 31
29 27 1
29 28 84
30 2 32
30 8 71
30 11 91
30 15 55
30 16 45
30 21 71
30 23 61
30 24 86
30 28 100
30 29 58
31 5 63
31 13 50
31 14 65
31 15 24
31 21 40
31 22 64
31 23 98
31 25 83
31 27 77
31 28 9
31 29 84
31 30 72
32 0 34
32 4 5
32 5 69
32 6 56
32 10 53
32 13 76
32 15 24
32 16 52
32 17 64
32 18 10
32 21 68
32 22 62
32 24 73
32 27 93
32 28 92
32 30 92
32 31 44
33 0 89
33 4 80
33 5 65
33 11 18
33 12 91
33 15 16
33 17 44
33 18 52
33 19 40
33 21 25
33 23 80
33 24 7
33 27 48
33 30 10
33 31 79
33 32 71
34 2 78
34 3 26
34 4 74
34 5 79
34 7 94
34 8 61
34 9 40
34 10 81
34 13 19
34 14 61
34 15 24
34 16 34
34 17 20
34 18 79
34 19 61
34 20 1
34 21 11
34 24 31
34 25 77
34 27 94
34 28 27
34 31 80
35 0 56
35 3 2
35 6 62
35 7 94
35 8 81
35 11 23
35 12 65
35 14 20
35 17 33
35 22 40
35 24 84
35 25 7
35 27 99
35 28 62
35 29 97
35 30 23
35 32 11
35 34 90
36 0 76
36 2 47
36 4 35
36 5 19
36 8 8
36 10 53
36 13 43
36 14 77
36 16 59
36 22 11
36 24 100
36 25 2
36 28 69
36 31 50
36 32 53
36 33 32
37 1 84
37 2 22
37 5 57
37 7 28
37 8 68
37 10 56
37 11 19
37 12 19
37 16 36
37 17 20
37 19 90
37 21 91
37 22 69
37 25 17
37 27 87
37 29 4
37 30 40
37 33 50
37 34 43
37 35 64
37 36 43
38 0 38
38 1 76
38 4 97
38 8 16
38 9 4
38 11 29
38 12 66
38 15 12
38 18 30
38 19 8
38 20 44
38 22 25
38 25 60
38 28 19
38 34 83
38 35 73
38 36 34
39 1 31
39 2 29
39 4 15
39 5 63
39 6 85
39 8 24
39 11 90
39 12 97
39 14 8
39 19 40
39 20 35
39 23 90
39 24 10
39 25 28
39 26 40
39 29 89
39 30 66
39 35 68
39 36 59
39 38 29
40 4 61
40 5 33
40 8 3
40 13 20
40 15 78
40 19 62
40 21 13
40 34 59
40 35 1
40 37 80
40 38 42
40 39 71
41 0 44
41 4 54
41 5 54
41 6 95
41 10 66
41 13 61
41 14 5
41 16 23
41 17 20
41 18 16
41 19 73
41 20 6
41 21 72
41 23 66
41 26 38
41 27 16
41 28 54
41 29 99
41 30 66
41 33 15
41 34 52
41 36 91
41 37 65
41 39 41
41 40 80
42 0 64
42 4 62
42 6 46
42 7 32
42 8 20
42 9 93
42 15 87
42 17 27
42 18 30
42 19 17
42 20 94
42 21 51
42 25 30
42 28 8
42 29 88
42 30 74
42 33 23
42 35 57
42 36 77
42 38 35
42 41 52
43 0 50
43 1 48
43 3 18
43 6 41
43 9 40
43 12 20
43 13 46
43 18 79
43 20 69
43 21 35
43 30 84
43 32 10
43 33 28
43 34 53
43 35 67
43 36 28
43 37 100
43 38 43
43 40 1
44 1 39
44 4 85
44 5 81
44 6 96
44 7 24
44 8 22
44 10 75
44 12 97
44 13 29
44 15 67
44 17 47
44 18 14
44 19 53
44 21 33
44 22 80
44 23 74
44 28 90
44 30 49
44 33 4
44 34 46
44 38 52
44 39 89
44 40 59
45 4 87
45 6 84
45 9 100
45 10 16
45 11 4
45 13 43
45 16 100
45 18 26
45 19 73
45 21 21
45 23 81
45 24 88
45 25 5
45 26 69
45 27 20
45 29 68
45 30 35
45 31 82
45 33 68
45 34 83
45 36 59
45 37 29
45 38 88
45 39 49
45 40 91
46 0 69
46 1 14
46 3 46
46 6 43
46 7 66
46 13 92
46 16 49
46 20 54
46 23 36
46 25 68
46 27 79
46 29 82
46 30 12
46 32 81
46 37 75
46 38 49
46 40 7
46 42 10
46 43 32
46 44 58
46 45 11
47 1 42
47 8 28
47 10 84
47 11 73
47 13 71
47 14 10
47 15 64
47 16 40
47 17 32
47 19 58
47 20 44
47 23 96
47 24 26
47 25 48
47 26 97
47 27 3
47 29 65
47 31 62
47 32 42
47 34 3
47 35 70
47 37 92
47 38 69
47 39 62
47 40 90
47 41 62
47 42 33
47 45 94
48 0 42
48 1 76
48 2 45
48 4 100
48 6 1
48 9 61
48 10 25
48 12 21
48 14 43
48 15 22
48 16 72
48 17 56
48 19 5
48 21 5
48 22 78
48 26 15
48 27 100
48 30 7
48 32 57
48 33 95
48 34 95
48 36 83
48 38 9
48 39 79
48 40 56
48 41 98
48 46 40
48 47 73
49 3 92
49 5 2
49 6 15
49 12 77
49 14 50
49 15 18
49 17 78
49 21 100
49 25 57
49 29 77
49 31 48
49 32 65
49 34 70
49 38 46
49 40 43
49 42 12
49 43 50
49 46 3
49 47 8
50 0 67
50 2 67
50 3 99
50 4 25
50 6 98
50 7 26
50 9 65
50 12 98
50 13 84
50 15 50
50 16 42
50 20 72
50 22 88
50 25 43
50 27 42
50 28 95
50 31 68
50 33 15
50 35 43
50 36 11
50 37 61
50 39 95
50 40 24
50 44 16
50 45 56
51 0 37
51 1 58
51 2 50
51 3 20
51 5 79
51 8 53
51 9 64
51 10 45
51 12 6
51 15 92
51 19 18
51 20 48
51 24 97
51 25 34
51 28 45
51 30 7
51 31 13
51 32 62
51 34 92
51 35 7
51 36 92
51 38 80
51 50 85
52 0 60
52 1 64
52 3 32
52 4 85
52 5 16
52 8 90
52 12 88
52 13 85
52 15 50
52 19 94
52 22 77
52 23 33
52 25 71
52 27 19
52 29 95
52 31 38
52 33 34
52 35 17
52 38 13
52 43 84
52 44 46
52 45 36
52 47 5
52 50 83
53 0 15
53 1 77
53 2 13
53 4 99
53 5 60
53 8 96
53 9 99
53 10 54
53 13 52
53 15 6
53 16 88
53 21 25
53 24 43
53 27 57
53 28 61
53 29 64
53 31 65
53 34 79
53 37 8
53 38 16
53 40 65
53 41 26
53 46 1
53 51 11
54 1 58
54 2 97
54 3 25
54 5 66
54 7 7
54 8 73
54 11 37
54 13 67
54 15 65
54 20 66
54 21 16
54 23 88
54 25 16
54 27 70
54 28 75
54 29 58
54 30 91
54 32 56
54 37 15
54 38 11
54 41 4
54 44 85
54 46 70
54 48 73
54 49 9
55 0 31
55 1 63
55 5 79
55 6 72
55 12 10
55 15 71
55 16 6
55 22 77
55 24 14
55 25 63
55 30 23
55 31 63
55 32 35
55 35 12
55 37 92
55 40 4
55 42 37
55 44 11
55 45 81
55 46 1
55 48 8
55 52 11
55 54 58
56 0 68
56 1 6
56 4 18
56 5 99
56 7 1
56 10 63
56 12 60
56 14 8
56 15 7
56 18 58
56 19 3
56 21 52
56 24 1
56 26 98
56 29 90
56 30 84
56 32 73
56 34 8
56 35 92
56 36 3
56 39 69
56 40 56
56 41 85
56 42 99
56 43 35
56 46 20
56 48 11
56 49 7
56 50 31
56 51 46
56 53 25
56 55 33
57 1 75
57 5 26
57 8 79
57 10 100
57 11 32
57 12 11
57 13 68
57 14 7
57 15 66
57 17 56
57 21 97
57 22 24
57 23 32
57 24 55
57 25 58
57 27 30
57 30 11
57 32 2
57 34 15
57 36 51
57 40 9
57 43 87
57 44 32
57 45 70
57 46 53
57 47 19
57 49 34
57 52 59
57 54 93
58 0 61
58 1 25
58 3 22
58 6 17
58 11 11
58 20 79
58 21 64
58 22 11
58 27 12
58 29 45
58 30 31
58 34 78
58 35 33
58 37 60
58 39 1
58 41 49
58 42 18
58 43 98
58 45 100
58 46 24
58 47 92
58 53 11
58 54 93
58 55 42
59 0 58
59 2 72
59 4 79
59 5 31
59 7 93
59 8 83
59 9 42
59 11 68
59 12 82
59 13 81
59 14 67
59 18 78
59 22 1
59 24 28
59 25 4
59 29 60
59 30 14
59 31 64
59 37 63
59 39 16
59 41 39
59 45 17
59 47 22
59 49 69
59 52 85
59 56 27
59 58 49
