35
2 0 17
4 1 28
4 2 17
4 3 48
5 0 31
5 1 49
5 4 42
6 0 11
6 1 19
6 3 14
6 4 43
6 5 8
7 0 11
7 1 16
7 2 43
7 3 3
7 6 21
8 5 7
8 6 4
9 0 22
9 1 50
9 4 45
9 6 6
9 7 11
9 8 1
10 2 44
10 3 29
10 8 44
11 0 42
11 3 27
11 6 36
11 7 11
11 9 24
11 10 27
12 3 39
12 4 31
12 7 17
12 8 12
12 9 34
12 10 10
13 2 48
13 4 46
13 5 14
13 7 36
13 9 2
13 12 15
14 1 17
14 2 42
14 5 28
14 7 22
14 11 39
14 12 13
14 13 35
15 0 24
15 4 33
15 5 46
15 7 2
15 9 40
16 0 45
16 2 8
16 3 9
16 8 34
17 0 15
17 1 11
17 2 10
17 3 45
17 4 26
17 7 6
17 10 7
17 12 23
17 14 22
17 15 19
17 16 45
18 0 32
18 5 21
18 8 35
18 12 10
18 13 43
18 15 19
18 17 30
19 1 42
19 2 43
19 3 22
19 5 43
19 6 10
19 10 49
19 12 46
19 14 43
19 15 16
19 17 28
19 18 43
20 2 23
20 3 49
20 4 47
20 5 48
20 7 33
20 8 6
20 9 19
20 11 38
20 12 39
20 14 46
20 16 22
20 17 9
20 18 47
20 19 31
21 0 49
21 1 15
21 3 4
21 4 23
21 5 11
21 8 7
21 9 49
21 11 19
21 13 47
21 14 18
21 16 29
21 20 2
22 1 44
22 3 10
22 4 23
22 5 5
22 6 34
22 7 49
22 8 25
22 12 36
22 13 21
22 14 30
22 15 32
22 18 13
22 19 12
23 3 39
23 4 7
23 6 38
23 7 3
23 8 29
23 9 21
23 11 5
23 12 34
23 13 38
23 17 37
23 19 3
23 20 1
23 22 2
24 0 27
24 2 37
24 3 37
24 5 12
24 7 30
24 9 31
24 10 4
24 11 11
24 13 11
24 16 21
24 17 31
24 19 50
24 20 25
24 21 34
25 3 10
25 6 35
25 10 37
25 11 5
25 15 10
25 18 9
25 19 41
25 20 45
25 21 14
25 23 2
26 0 1
26 1 13
26 5 33
26 8 35
26 9 13
26 11 34
26 12 49
26 13 29
26 15 45
26 17 32
26 21 28
26 24 27
27 1 11
27 2 31
27 4 43
27 5 42
27 7 33
27 9 32
27 10 26
27 11 41
27 12 43
27 14 46
27 15 36
27 17 47
27 20 15
27 22 50
27 24 47
27 25 17
27 26 12
28 1 42
28 3 44
28 5 19
28 6 15
28 9 9
28 11 47
28 14 45
28 19 22
28 21 13
28 22 49
28 23 37
28 24 2
28 25 7
28 27 42
29 0 3
29 1 40
29 3 8
29 6 47
29 7 3
29 9 28
29 10 15
29 11 10
29 14 33
29 15 11
29 20 5
29 23 49
29 24 16
29 25 46
30 4 37
30 6 6
30 9 18
30 13 43
30 14 48
30 17 36
30 19 21
30 20 38
30 23 49
30 24 41
30 25 47
30 27 30
30 28 49
30 29 19
31 3 18
31 4 25
31 5 8
31 6 1
31 7 38
31 8 7
31 9 9
31 11 45
31 20 24
31 22 20
31 23 1
31 25 9
31 27 25
31 29 30
31 30 17
32 0 4
32 1 29
32 2 39
32 3 31
32 4 26
32 5 12
32 6 33
32 7 43
32 8 35
32 10 35
32 11 9
32 14 37
32 16 48
32 17 7
32 19 2
32 20 13
33 0 32
33 2 20
33 6 3
33 7 20
33 8 3
33 9 1
33 11 13
33 12 9
33 13 43
33 15 20
33 16 2
33 19 39
33 20 16
33 21 38
33 23 43
33 24 41
33 31 43
33 32 8
34 0 26
34 2 16
34 3 1
34 9 42
34 10 22
34 12 40
34 16 50
34 18 14
34 19 19
34 22 45
34 23 23
34 25 12
34 30 40
34 32 6
