40
1 0 64
2 0 11
3 0 16
4 0 85
4 1 35
4 3 18
5 1 6
5 2 73
6 1 62
6 3 66
6 4 57
7 0 79
7 2 23
7 3 56
7 5 80
7 6 51
8 0 100
8 1 37
8 6 81
8 7 18
9 1 49
9 3 54
9 5 72
9 6 60
9 8 2
10 0 94
10 5 27
10 9 64
12 0 9
12 4 35
12 5 100
12 6 4
12 7 23
12 8 60
13 1 57
13 2 96
13 3 85
13 4 49
13 5 5
13 6 19
13 8 88
13 10 19
14 0 8
14 1 77
14 2 40
14 3 85
14 4 2
14 5 30
14 7 36
14 11 94
15 1 34
15 2 32
15 3 35
15 4 3
15 5 60
15 8 9
15 10 35
15 11 89
16 0 24
16 2 79
16 3 24
16 5 62
16 6 21
16 7 56
16 8 29
16 10 40
16 11 31
16 12 80
16 13 30
17 1 90
17 2 98
17 4 34
17 6 42
17 9 78
17 10 44
17 11 62
17 12 10
17 15 33
17 16 10
18 1 54
18 2 88
18 6 42
18 9 42
18 11 26
18 12 21
18 14 66
18 15 5
18 16 44
18 17 37
19 1 18
19 2 97
19 5 84
19 6 88
19 7 82
19 10 15
19 12 12
19 16 11
20 1 9
20 3 15
20 4 99
20 7 93
20 10 37
20 11 4
20 16 80
20 18 17
21 1 46
21 3 82
21 4 14
21 5 44
21 6 48
21 7 93
21 8 41
21 9 13
21 10 53
21 11 12
21 12 88
21 14 77
21 15 18
21 16 54
21 17 2
21 18 48
21 20 98
22 1 5
22 2 70
22 3 18
22 4 91
22 11 47
22 13 4
22 15 47
22 16 77
22 18 39
22 19 10
22 20 52
22 21 32
23 1 84
23 2 59
23 3 40
23 4 58
23 6 56
23 7 96
23 10 49
23 11 63
23 12 78
23 13 69
23 17 87
23 21 13
23 22 67
24 1 25
24 2 26
24 5 8
24 6 24
24 8 37
24 9 6
24 11 64
24 13 96
24 15 56
24 16 20
24 17 89
24 21 67
24 23 45
25 1 61
25 3 32
25 5 75
25 6 33
25 7 19
25 10 29
25 11 19
25 12 65
25 17 34
25 19 93
25 23 8
26 2 90
26 4 2
26 5 35
26 6 48
26 7 53
26 8 66
26 9 9
26 12 81
26 14 63
26 17 12
26 22 41
26 23 90
26 24 97
27 0 3
27 2 58
27 3 94
27 4 83
27 7 68
27 9 42
27 11 100
27 12 28
27 15 72
27 18 78
27 19 95
27 20 20
27 21 57
27 22 42
27 26 23
28 0 8
28 1 10
28 3 94
28 4 74
28 7 34
28 8 16
28 9 57
28 10 26
28 11 26
28 15 87
28 16 3
28 17 32
28 19 61
28 20 51
28 21 10
28 24 32
28 25 44
28 27 100
29 0 26
29 1 59
29 2 72
29 4 19
29 5 92
29 7 84
29 9 4
29 13 39
29 14 7
29 19 51
29 21 90
29 22 25
29 25 47
29 26 57
29 28 38
30 0 29
30 1 83
30 6 2
30 7 97
30 10 85
30 12 50
30 13 63
30 14 2
30 16 57
30 18 78
30 20 29
30 21 71
30 23 94
30 24 15
30 25 92
30 26 26
30 29 1
31 0 14
31 3 93
31 5 26
31 9 66
31 13 57
31 16 17
31 17 14
31 18 11
31 20 51
31 22 13
31 23 22
31 24 69
31 25 97
31 29 51
31 30 68
32 0 87
32 1 4
32 8 70
32 10 85
32 12 1
32 14 55
32 16 74
32 19 14
32 20 25
32 21 100
32 23 52
32 26 1
32 27 26
32 28 66
32 30 98
32 31 62
33 0 57
33 2 59
33 3 78
33 4 46
33 5 15
33 7 5
33 8 69
33 10 7
33 11 76
33 13 35
33 17 58
33 22 91
33 25 50
33 26 93
33 30 55
33 31 34
34 2 42
34 8 82
34 10 56
34 11 75
34 13 59
34 14 51
34 15 16
34 16 17
34 18 88
34 20 79
34 24 95
34 27 80
34 30 86
34 31 72
35 0 68
35 1 46
35 2 99
35 4 11
35 5 48
35 7 19
35 8 72
35 10 69
35 14 49
35 18 33
35 19 30
35 21 64
35 22 88
35 24 67
35 26 95
35 31 5
36 1 82
36 3 32
36 4 23
36 5 80
36 6 24
36 7 75
36 8 7
36 10 42
36 12 10
36 13 33
36 14 35
36 15 18
36 16 29
36 17 84
36 18 66
36 19 53
36 22 59
36 24 40
36 25 53
36 26 40
36 27 28
36 29 72
36 34 74
37 0 38
37 6 3
37 11 2
37 12 36
37 15 18
37 16 37
37 17 14
37 18 60
37 21 26
37 24 8
37 25 76
37 28 42
37 31 73
37 35 45
37 36 48
38 5 29
38 6 64
38 7 19
38 8 45
38 9 32
38 11 86
38 16 22
38 18 59
38 20 84
38 22 7
38 23 7
38 24 15
38 25 58
38 27 6
38 30 81
38 31 19
38 32 5
38 33 62
38 34 23
39 0 75
39 3 13
39 4 35
39 9 9
39 12 100
39 13 100
39 14 46
39 16 23
39 17 73
39 20 36
39 21 3
39 22 55
39 23 16
39 26 45
39 29 63
39 34 76
39 35 99
39 37 89
