30
1 0 10
2 0 6
3 0 5
3 1 7
4 3 1
5 0 1
6 0 2
6 1 6
7 1 2
7 2 2
7 6 7
8 0 4
8 3 10
9 2 10
9 3 6
9 4 6
9 6 3
9 7 4
10 3 3
10 8 3
10 9 10
11 1 3
11 2 4
11 3 10
11 4 5
11 6 3
11 7 5
11 10 8
12 2 6
12 5 10
12 6 1
12 7 7
12 8 5
12 9 8
12 10 7
13 0 5
13 3 3
13 8 2
13 10 9
13 12 10
14 1 6
14 3 4
14 8 5
14 9 6
14 10 5
14 11 5
14 12 6
15 2 1
15 3 4
15 6 7
15 14 7
16 1 2
16 3 3
16 4 3
16 12 2
16 13 7
16 14 2
17 5 9
17 6 8
17 7 8
17 8 6
17 11 6
17 12 8
18 4 3
18 7 4
18 9 3
18 10 10
18 11 9
18 13 5
18 15 10
19 1 2
19 2 4
19 3 3
19 4 1
19 5 4
19 6 1
19 8 2
19 10 1
19 12 9
19 14 6
20 2 3
20 5 7
20 11 9
20 13 8
20 14 5
20 15 1
20 17 6
20 18 7
20 19 4
21 0 7
21 3 2
21 4 2
21 5 9
21 10 5
21 13 3
21 16 2
21 18 6
21 19 7
21 20 7
22 0 8
22 2 8
22 3 1
22 5 9
22 6 9
22 8 7
22 10 1
22 12 3
22 13 4
22 14 2
22 15 10
22 16 3
22 17 6
22 18 3
22 19 6
23 2 6
23 3 4
23 4 2
23 7 7
23 10 2
23 12 10
23 13 7
23 15 1
23 16 4
23 19 5
23 21 3
23 22 3
24 0 5
24 1 5
24 2 7
24 3 7
24 5 5
24 9 1
24 13 9
24 14 9
24 15 3
24 16 10
24 20 2
25 0 3
25 1 8
25 4 5
25 10 1
25 14 9
25 16 4
25 17 4
25 18 7
25 22 6
26 2 5
26 5 2
26 6 8
26 7 4
26 8 5
26 9 3
26 10 4
26 11 6
26 12 9
26 13 9
26 14 6
26 25 1
27 0 3
27 4 6
27 6 3
27 7 9
27 10 7
27 12 3
27 13 3
27 15 7
27 17 6
27 22 5
27 23 3
27 24 9
28 2 6
28 3 7
28 4 1
28 5 6
28 6 6
28 12 9
28 13 1
28 15 2
28 18 4
28 21 6
28 23 5
28 24 7
28 27 10
29 0 9
29 2 6
29 9 3
29 13 3
29 14 10
29 15 7
29 16 2
29 18 3
29 20 10
29 21 6
29 22 5
29 23 2
29 26 3
29 27 4
29 28 3
