45
1 0 5
3 2 22
4 0 62
4 1 60
4 3 75
5 3 80
6 0 69
6 5 20
7 1 25
7 5 90
7 6 97
8 0 46
8 1 62
8 6 65
9 3 10
9 4 83
9 6 36
9 7 44
9 8 44
10 0 47
10 1 52
10 3 61
10 4 81
11 0 37
11 7 44
11 9 10
11 10 41
12 2 94
12 4 92
12 5 31
12 6 47
12 8 63
12 11 28
13 1 29
13 3 100
13 5 78
13 6 48
13 7 13
13 8 80
13 10 45
14 1 13
14 3 13
14 12 92
15 0 53
15 1 31
15 2 31
15 5 9
15 6 40
15 7 45
15 8 94
15 10 67
15 11 18
15 13 96
16 4 89
16 8 13
16 14 80
16 15 1
17 0 47
17 1 96
17 2 87
17 4 66
17 6 65
17 8 81
17 9 61
17 10 85
17 15 46
18 1 47
18 2 96
18 5 44
18 7 84
18 9 25
18 10 42
18 11 21
18 13 63
18 14 93
18 15 73
19 0 61
19 1 97
19 2 87
19 3 50
19 4 47
19 6 56
19 7 45
19 8 47
19 10 67
19 12 88
19 13 13
19 14 56
19 15 39
19 18 19
20 0 91
20 2 18
20 6 60
20 8 27
20 9 15
20 11 67
20 12 93
20 13 22
20 16 31
20 17 72
20 18 68
21 0 69
21 2 60
21 4 78
21 6 34
21 7 61
21 8 18
21 13 77
21 14 100
21 15 90
21 17 31
21 19 35
22 1 50
22 11 39
22 12 80
22 15 4
22 18 37
22 19 22
22 20 91
23 0 60
23 2 19
23 3 94
23 5 7
23 7 81
23 10 4
23 11 71
23 13 93
23 14 15
23 18 75
23 20 95
23 21 23
24 2 27
24 3 39
24 4 8
24 9 79
24 11 9
24 12 74
24 13 90
24 18 91
24 20 47
24 22 64
24 23 37
25 2 99
25 5 36
25 6 93
25 10 64
25 11 22
25 12 16
25 13 33
25 16 38
25 17 57
25 18 80
25 19 99
25 21 63
25 24 24
26 1 37
26 4 6
26 5 50
26 6 31
26 7 93
26 10 19
26 11 17
26 14 4
26 15 40
26 18 16
26 23 39
26 24 35
27 0 92
27 1 13
27 2 99
27 3 58
27 7 49
27 8 33
27 10 67
27 12 25
27 13 62
27 14 25
27 15 3
27 18 25
27 22 45
27 25 33
27 26 25
28 2 35
28 3 28
28 8 98
28 10 95
28 14 68
28 17 49
28 19 37
28 20 29
28 21 42
28 22 64
28 23 29
28 24 1
29 1 31
29 2 95
29 4 60
29 5 89
29 6 8
29 7 40
29 9 17
29 10 96
29 11 57
29 13 28
29 14 32
29 15 44
29 16 6
29 20 2
29 22 76
29 23 6
29 27 31
29 28 65
30 0 66
30 2 77
30 6 40
30 10 34
30 11 5
30 12 38
30 16 85
30 18 61
30 22 82
30 24 7
30 26 69
30 27 90
30 28 61
31 0 44
31 3 16
31 5 74
31 6 1
31 7 43
31 10 50
31 12 19
31 18 70
31 19 17
31 20 87
31 24 97
32 2 14
32 3 33
32 5 45
32 8 41
32 11 79
32 16 65
32 17 75
32 20 88
32 23 16
32 28 73
32 31 90
33 2 74
33 3 49
33 5 11
33 7 35
33 10 34
33 11 26
33 13 35
33 15 97
33 21 34
33 22 51
33 23 43
33 25 86
33 28 47
33 29 31
33 32 69
34 0 22
34 1 89
34 3 31
34 6 69
34 8 77
34 13 55
34 14 68
34 15 78
34 16 13
34 17 26
34 23 45
34 24 51
34 25 43
34 27 88
34 29 5
34 30 42
35 0 87
35 3 41
35 6 95
35 9 5
35 11 22
35 12 10
35 13 76
35 14 49
35 15 25
35 16 37
35 19 78
35 20 18
35 21 35
35 23 75
35 25 96
35 26 2
35 28 52
35 32 93
35 33 87
35 34 6
36 1 44
36 2 80
36 3 69
36 5 95
36 7 53
36 13 71
36 14 82
36 17 96
36 23 10
36 27 28
36 29 100
36 30 90
36 34 51
36 35 97
37 0 25
37 2 17
37 5 44
37 6 4
37 7 96
37 8 42
37 13 13
37 14 73
37 16 29
37 18 69
37 19 100
37 22 100
37 24 61
37 25 96
37 28 8
37 29 6
37 35 10
37 36 62
38 0 20
38 2 3
38 4 40
38 5 61
38 7 21
38 11 85
38 17 8
38 19 39
38 21 94
38 24 53
38 27 49
38 29 20
38 30 83
38 32 45
38 35 25
39 1 24
39 3 56
39 4 42
39 5 61
39 7 88
39 8 62
39 10 42
39 11 27
39 12 35
39 15 72
39 16 94
39 17 38
39 19 37
39 20 65
39 22 8
39 25 65
39 26 16
39 28 1
39 29 84
39 30 53
39 32 29
39 35 81
39 38 51
40 8 41
40 11 56
40 12 8
40 17 94
40 18 26
40 19 94
40 20 25
40 21 8
40 23 33
40 27 15
40 29 41
40 32 96
40 34 33
40 35 85
40 38 71
40 39 64
41 0 59
41 3 69
41 10 96
41 11 43
41 12 65
41 14 15
41 17 30
41 19 35
41 21 2
41 22 74
41 23 58
41 24 60
41 25 78
41 26 52
41 27 27
41 28 17
41 29 76
41 30 18
41 31 39
41 33 3
41 35 4
41 38 97
42 0 44
42 5 51
42 6 63
42 7 15
42 8 89
42 14 39
42 16 55
42 19 73
42 20 83
42 26 38
42 27 27
42 29 73
42 30 28
42 31 66
42 33 47
42 38 23
42 39 67
42 40 60
42 41 58
43 0 39
43 1 20
43 3 65
43 7 83
43 12 72
43 14 51
43 15 82
43 16 24
43 19 95
43 21 23
43 22 20
43 26 50
43 29 22
43 31 1
43 32 68
43 33 37
43 34 57
43 36 31
43 39 27
43 41 64
44 1 65
44 2 85
44 4 69
44 8 56
44 12 2
44 16 72
44 17 63
44 18 60
44 19 62
44 21 80
44 22 66
44 26 79
44 27 7
44 30 33
44 31 69
44 32 24
44 34 3
44 35 6
44 36 34
44 37 85
44 38 3
44 39 18
44 42 95
44 43 77
