70
1 0 4
2 0 13
2 1 27
3 0 40
3 1 8
3 2 34
4 0 11
4 1 4
4 2 37
4 3 29
5 0 45
5 1 5
5 2 17
5 3 26
5 4 27
6 0 46
6 1 16
6 2 28
6 3 23
6 4 18
6 5 17
7 0 48
7 1 39
7 2 36
7 3 39
7 4 22
7 5 12
7 6 16
8 0 17
8 1 6
8 2 30
8 3 1
8 4 39
8 5 45
8 6 5
8 7 1
9 0 3
9 1 14
9 2 35
9 3 20
9 4 49
9 5 37
9 6 7
9 7 21
9 8 6
10 0 47
10 1 50
10 2 12
10 3 48
10 4 39
10 5 16
10 6 39
10 7 8
10 8 45
10 9 20
11 0 6
11 1 21
11 2 50
11 3 48
11 4 49
11 5 33
11 6 14
11 7 32
11 8 44
11 9 3
11 10 44
12 0 28
12 1 32
12 2 28
12 3 41
12 4 32
12 5 18
12 6 32
12 7 13
12 8 22
12 9 13
12 10 22
12 11 40
13 0 6
13 1 32
13 2 40
13 3 6
13 4 36
13 5 10
13 6 25
13 7 20
13 8 30
13 9 11
13 10 50
13 11 49
13 12 6
14 0 29
14 1 10
14 2 33
14 3 30
14 4 21
14 5 15
14 6 10
14 7 10
14 8 48
14 9 34
14 10 47
14 11 20
14 12 44
14 13 12
15 0 49
15 1 9
15 2 6
15 3 39
15 4 45
15 5 43
15 6 14
15 7 21
15 8 9
15 9 21
15 10 26
15 11 45
15 12 43
15 13 41
15 14 6
16 0 20
16 1 41
16 2 21
16 3 43
16 4 18
16 5 2
16 6 31
16 7 38
16 8 7
16 9 26
16 10 19
16 11 13
16 12 39
16 13 41
16 14 8
16 15 19
17 0 44
17 1 19
17 2 24
17 3 36
17 4 40
17 5 50
17 6 5
17 7 20
17 8 20
17 9 8
17 10 28
17 11 4
17 12 44
17 13 12
17 14 28
17 15 39
17 16 42
18 0 30
18 1 24
18 2 8
18 3 20
18 4 10
18 5 46
18 6 28
18 7 48
18 8 4
18 9 3
18 10 31
18 11 46
18 12 4
18 13 16
18 14 30
18 15 37
18 16 29
18 17 31
19 0 41
19 1 37
19 2 43
19 3 4
19 4 19
19 5 35
19 6 41
19 7 50
19 8 24
19 9 21
19 10 40
19 11 37
19 12 47
19 13 15
19 14 43
19 15 16
19 16 22
19 17 45
19 18 38
20 0 15
20 1 4
20 2 8
20 3 30
20 4 7
20 5 46
20 6 19
20 7 34
20 8 46
20 9 27
20 10 23
20 11 2
20 12 21
20 13 9
20 14 42
20 15 50
20 16 35
20 17 26
20 18 5
20 19 18
21 0 40
21 1 29
21 2 19
21 3 10
21 4 6
21 5 3
21 6 45
21 7 28
21 8 36
21 9 50
21 10 5
21 11 9
21 12 25
21 13 47
21 14 34
21 15 11
21 16 46
21 17 35
21 18 45
21 19 44
21 20 3
22 0 18
22 1 24
22 2 35
22 3 35
22 4 23
22 5 37
22 6 36
22 7 6
22 8 2
22 9 27
22 10 14
22 11 28
22 12 17
22 13 42
22 14 11
22 15 36
22 16 12
22 17 14
22 18 50
22 19 31
22 20 29
22 21 20
23 0 27
23 1 28
23 2 9
23 3 18
23 4 19
23 5 22
23 6 4
23 7 13
23 8 2
23 9 13
23 10 15
23 11 27
23 12 36
23 13 33
23 14 7
23 15 44
23 16 46
23 17 47
23 18 48
23 19 29
23 20 20
23 21 45
23 22 38
24 0 26
24 1 42
24 2 10
24 3 3
24 4 5
24 5 36
24 6 27
24 7 5
24 8 33
24 9 28
24 10 16
24 11 50
24 12 17
24 13 35
24 14 47
24 15 32
24 16 26
24 17 33
24 18 46
24 19 25
24 20 50
24 21 23
24 22 12
24 23 18
25 0 46
25 1 3
25 2 40
25 3 48
25 4 40
25 5 34
25 6 38
25 7 37
25 8 12
25 9 50
25 10 15
25 11 27
25 12 17
25 13 19
25 14 50
25 15 35
25 16 33
25 17 23
25 18 40
25 19 40
25 20 26
25 21 45
25 22 11
25 23 19
25 24 28
26 0 7
26 1 35
26 2 3
26 3 17
26 4 18
26 5 31
26 6 47
26 7 7
26 8 5
26 9 33
26 10 17
26 11 11
26 12 6
26 13 46
26 14 3
26 15 14
26 16 30
26 17 9
26 18 1
26 19 37
26 20 34
26 21 45
26 22 27
26 23 27
26 24 41
26 25 26
27 0 1
27 1 42
27 2 39
27 3 6
27 4 29
27 5 21
27 6 42
27 7 46
27 8 41
27 9 23
27 10 44
27 11 26
27 12 9
27 13 43
27 14 14
27 15 13
27 16 46
27 17 34
27 18 35
27 19 17
27 20 13
27 21 39
27 22 18
27 23 47
27 24 3
27 25 14
27 26 13
28 0 46
28 1 40
28 2 6
28 3 29
28 4 50
28 5 3
28 6 43
28 7 50
28 8 42
28 9 35
28 10 36
28 11 42
28 12 49
28 13 17
28 14 9
28 15 17
28 16 35
28 17 40
28 18 40
28 19 8
28 20 27
28 21 46
28 22 10
28 23 15
28 24 29
28 25 25
28 26 10
28 27 38
29 0 43
29 1 21
29 2 24
29 3 33
29 4 49
29 5 25
29 6 20
29 7 44
29 8 10
29 9 10
29 10 1
29 11 5
29 12 18
29 13 18
29 14 4
29 15 49
29 16 38
29 17 35
29 18 30
29 19 44
29 20 16
29 21 44
29 22 26
29 23 22
29 24 48
29 25 45
29 26 26
29 27 28
29 28 10
30 0 24
30 1 34
30 2 45
30 3 50
30 4 42
30 5 41
30 6 6
30 7 30
30 8 24
30 9 45
30 10 49
30 11 38
30 12 25
30 13 6
30 14 16
30 15 48
30 16 6
30 17 25
30 18 31
30 19 1
30 20 29
30 21 25
30 22 20
30 23 17
30 24 36
30 25 43
30 26 47
30 27 1
30 28 31
30 29 17
31 0 41
31 1 11
31 2 22
31 3 20
31 4 23
31 5 24
31 6 2
31 7 13
31 8 30
31 9 13
31 10 13
31 11 3
31 12 9
31 13 29
31 14 34
31 15 35
31 16 29
31 17 23
31 18 27
31 19 38
31 20 36
31 21 41
31 22 50
31 23 39
31 24 19
31 25 48
31 26 38
31 27 15
31 28 20
31 29 32
31 30 50
32 0 45
32 1 2
32 2 20
32 3 45
32 4 6
32 5 30
32 6 44
32 7 32
32 8 25
32 9 29
32 10 48
32 11 46
32 12 37
32 13 35
32 14 8
32 15 2
32 16 22
32 17 17
32 18 35
32 19 47
32 20 44
32 21 28
32 22 45
32 23 17
32 24 41
32 25 40
32 26 48
32 27 27
32 28 17
32 29 25
32 30 23
32 31 49
33 0 12
33 1 32
33 2 40
33 3 38
33 4 23
33 5 38
33 6 36
33 7 47
33 8 23
33 9 4
33 10 22
33 11 6
33 12 25
33 13 31
33 14 48
33 15 20
33 16 32
33 17 23
33 18 1
33 19 19
33 20 24
33 21 41
33 22 8
33 23 7
33 24 48
33 25 6
33 26 11
33 27 25
33 28 49
33 29 35
33 30 19
33 31 23
33 32 34
34 0 23
34 1 4
34 2 1
34 3 20
34 4 38
34 5 41
34 6 1
34 7 34
34 8 24
34 9 36
34 10 43
34 11 4
34 12 39
34 13 46
34 14 49
34 15 26
34 16 13
34 17 27
34 18 31
34 19 10
34 20 18
34 21 48
34 22 5
34 23 40
34 24 7
34 25 1
34 26 48
34 27 4
34 28 9
34 29 46
34 30 9
34 31 10
34 32 35
34 33 46
35 0 40
35 1 28
35 2 27
35 3 36
35 4 22
35 5 36
35 6 21
35 7 23
35 8 26
35 9 41
35 10 32
35 11 35
35 12 15
35 13 32
35 14 13
35 15 32
35 16 43
35 17 4
35 18 9
35 19 29
35 20 50
35 21 34
35 22 44
35 23 23
35 24 1
35 25 38
35 26 34
35 27 30
35 28 34
35 29 43
35 30 37
35 31 25
35 32 11
35 33 39
35 34 5
36 0 4
36 1 16
36 2 29
36 3 39
36 4 19
36 5 32
36 6 1
36 7 12
36 8 14
36 9 3
36 10 21
36 11 9
36 12 16
36 13 43
36 14 1
36 15 16
36 16 33
36 17 23
36 18 6
36 19 26
36 20 46
36 21 23
36 22 44
36 23 26
36 24 18
36 25 5
36 26 11
36 27 4
36 28 41
36 29 16
36 30 19
36 31 26
36 32 3
36 33 6
36 34 5
36 35 27
37 0 29
37 1 48
37 2 19
37 3 5
37 4 10
37 5 7
37 6 22
37 7 40
37 8 35
37 9 33
37 10 7
37 11 39
37 12 27
37 13 2
37 14 5
37 15 15
37 16 22
37 17 33
37 18 15
37 19 19
37 20 49
37 21 10
37 22 36
37 23 14
37 24 6
37 25 46
37 26 32
37 27 34
37 28 40
37 29 32
37 30 16
37 31 33
37 32 6
37 33 10
37 34 16
37 35 5
37 36 4
38 0 19
38 1 40
38 2 46
38 3 14
38 4 30
38 5 10
38 6 20
38 7 36
38 8 48
38 9 31
38 10 21
38 11 6
38 12 22
38 13 22
38 14 15
38 15 26
38 16 11
38 17 5
38 18 42
38 19 17
38 20 29
38 21 8
38 22 16
38 23 37
38 24 42
38 25 48
38 26 4
38 27 13
38 28 2
38 29 29
38 30 20
38 31 47
38 32 30
38 33 36
38 34 11
38 35 25
38 36 8
38 37 3
39 0 38
39 1 10
39 2 10
39 3 49
39 4 48
39 5 26
39 6 3
39 7 30
39 8 29
39 9 30
39 10 36
39 11 38
39 12 4
39 13 23
39 14 23
39 15 16
39 16 45
39 17 5
39 18 42
39 19 40
39 20 24
39 21 48
39 22 1
39 23 20
39 24 18
39 25 35
39 26 21
39 27 36
39 28 8
39 29 1
39 30 47
39 31 47
39 32 6
39 33 50
39 34 11
39 35 12
39 36 38
39 37 3
39 38 2
40 0 18
40 1 30
40 2 48
40 3 32
40 4 13
40 5 5
40 6 49
40 7 14
40 8 32
40 9 23
40 10 12
40 11 36
40 12 3
40 13 17
40 14 11
40 15 21
40 16 3
40 17 22
40 18 24
40 19 13
40 20 9
40 21 47
40 22 11
40 23 24
40 24 1
40 25 16
40 26 21
40 27 49
40 28 32
40 29 18
40 30 25
40 31 9
40 32 4
40 33 41
40 34 39
40 35 3
40 36 33
40 37 34
40 38 11
40 39 8
41 0 11
41 1 28
41 2 3
41 3 28
41 4 41
41 5 37
41 6 30
41 7 10
41 8 15
41 9 2
41 10 6
41 11 6
41 12 36
41 13 17
41 14 27
41 15 10
41 16 34
41 17 33
41 18 28
41 19 41
41 20 49
41 21 44
41 22 10
41 23 15
41 24 10
41 25 32
41 26 4
41 27 9
41 28 47
41 29 5
41 30 42
41 31 28
41 32 7
41 33 12
41 34 22
41 35 9
41 36 22
41 37 16
41 38 23
41 39 43
41 40 31
42 0 27
42 1 23
42 2 30
42 3 25
42 4 34
42 5 46
42 6 19
42 7 49
42 8 41
42 9 35
42 10 18
42 11 2
42 12 47
42 13 36
42 14 17
42 15 32
42 16 18
42 17 10
42 18 11
42 19 19
42 20 8
42 21 9
42 22 12
42 23 40
42 24 40
42 25 32
42 26 10
42 27 49
42 28 8
42 29 27
42 30 20
42 31 39
42 32 5
42 33 43
42 34 37
42 35 40
42 36 36
42 37 10
42 38 46
42 39 6
42 40 38
42 41 34
43 0 21
43 1 49
43 2 28
43 3 50
43 4 3
43 5 17
43 6 49
43 7 4
43 8 13
43 9 2
43 10 1
43 11 34
43 12 4
43 13 24
43 14 43
43 15 35
43 16 43
43 17 28
43 18 34
43 19 11
43 20 10
43 21 9
43 22 29
43 23 27
43 24 49
43 25 15
43 26 26
43 27 27
43 28 20
43 29 36
43 30 34
43 31 16
43 32 44
43 33 36
43 34 3
43 35 50
43 36 8
43 37 26
43 38 11
43 39 42
43 40 14
43 41 4
43 42 8
44 0 15
44 1 49
44 2 27
44 3 7
44 4 40
44 5 48
44 6 39
44 7 29
44 8 1
44 9 44
44 10 12
44 11 26
44 12 50
44 13 50
44 14 25
44 15 19
44 16 38
44 17 42
44 18 16
44 19 42
44 20 41
44 21 33
44 22 21
44 23 49
44 24 46
44 25 50
44 26 8
44 27 17
44 28 49
44 29 47
44 30 10
44 31 10
44 32 44
44 33 43
44 34 2
44 35 22
44 36 39
44 37 37
44 38 8
44 39 37
44 40 49
44 41 17
44 42 42
44 43 46
45 0 24
45 1 33
45 2 9
45 3 38
45 4 44
45 5 37
45 6 37
45 7 25
45 8 10
45 9 28
45 10 41
45 11 1
45 12 36
45 13 32
45 14 19
45 15 7
45 16 50
45 17 27
45 18 5
45 19 45
45 20 31
45 21 25
45 22 48
45 23 24
45 24 21
45 25 39
45 26 26
45 27 4
45 28 2
45 29 25
45 30 36
45 31 13
45 32 12
45 33 48
45 34 38
45 35 8
45 36 18
45 37 45
45 38 27
45 39 44
45 40 31
45 41 11
45 42 33
45 43 41
45 44 22
46 0 32
46 1 45
46 2 37
46 3 31
46 4 46
46 5 41
46 6 49
46 7 22
46 8 23
46 9 36
46 10 43
46 11 47
46 12 50
46 13 19
46 14 26
46 15 25
46 16 16
46 17 44
46 18 18
46 19 5
46 20 41
46 21 37
46 22 2
46 23 32
46 24 18
46 25 19
46 26 48
46 27 47
46 28 49
46 29 5
46 30 1
46 31 34
46 32 3
46 33 17
46 34 30
46 35 15
46 36 20
46 37 5
46 38 5
46 39 19
46 40 48
46 41 29
46 42 1
46 43 17
46 44 20
46 45 20
47 0 44
47 1 18
47 2 33
47 3 48
47 4 14
47 5 39
47 6 5
47 7 2
47 8 37
47 9 24
47 10 14
47 11 21
47 12 25
47 13 47
47 14 40
47 15 5
47 16 4
47 17 50
47 18 16
47 19 36
47 20 19
47 21 31
47 22 30
47 23 47
47 24 36
47 25 50
47 26 43
47 27 50
47 28 48
47 29 42
47 30 6
47 31 35
47 32 37
47 33 39
47 34 10
47 35 35
47 36 11
47 37 15
47 38 24
47 39 25
47 40 16
47 41 20
47 42 44
47 43 38
47 44 42
47 45 43
47 46 9
48 0 44
48 1 10
48 2 13
48 3 4
48 4 43
48 5 42
48 6 35
48 7 21
48 8 44
48 9 2
48 10 43
48 11 23
48 12 1
48 13 19
48 14 14
48 15 14
48 16 21
48 17 19
48 18 23
48 19 17
48 20 16
48 21 25
48 22 22
48 23 16
48 24 12
48 25 29
48 26 2
48 27 16
48 28 40
48 29 46
48 30 39
48 31 5
48 32 13
48 33 13
48 34 5
48 35 10
48 36 36
48 37 37
48 38 25
48 39 47
48 40 22
48 41 45
48 42 42
48 43 26
48 44 40
48 45 20
48 46 29
48 47 44
49 0 47
49 1 36
49 2 4
49 3 7
49 4 46
49 5 17
49 6 2
49 7 31
49 8 1
49 9 41
49 10 31
49 11 32
49 12 37
49 13 4
49 14 49
49 15 40
49 16 5
49 17 33
49 18 15
49 19 32
49 20 44
49 21 40
49 22 21
49 23 16
49 24 25
49 25 31
49 26 28
49 27 3
49 28 45
49 29 27
49 30 50
49 31 35
49 32 22
49 33 9
49 34 32
49 35 8
49 36 44
49 37 44
49 38 28
49 39 45
49 40 38
49 41 47
49 42 15
49 43 30
49 44 44
49 45 50
49 46 19
49 47 43
49 48 37
50 0 14
50 1 11
50 2 17
50 3 44
50 4 27
50 5 26
50 6 32
50 7 40
50 8 50
50 9 41
50 10 17
50 11 34
50 12 34
50 13 36
50 14 13
50 15 12
50 16 28
50 17 46
50 18 21
50 19 13
50 20 1
50 21 17
50 22 4
50 23 40
50 24 6
50 25 31
50 26 34
50 27 2
50 28 33
50 29 48
50 30 48
50 31 16
50 32 18
50 33 8
50 34 4
50 35 35
50 36 11
50 37 3
50 38 47
50 39 12
50 40 10
50 41 1
50 42 37
50 43 43
50 44 43
50 45 6
50 46 35
50 47 11
50 48 1
50 49 44
51 0 14
51 1 15
51 2 17
51 3 4
51 4 23
51 5 22
51 6 45
51 7 45
51 8 45
51 9 3
51 10 10
51 11 8
51 12 43
51 13 13
51 14 22
51 15 42
51 16 27
51 17 4
51 18 36
51 19 40
51 20 49
51 21 16
51 22 30
51 23 25
51 24 34
51 25 35
51 26 11
51 27 13
51 28 30
51 29 8
51 30 47
51 31 3
51 32 18
51 33 33
51 34 1
51 35 14
51 36 29
51 37 15
51 38 1
51 39 31
51 40 39
51 41 6
51 42 38
51 43 12
51 44 14
51 45 32
51 46 12
51 47 35
51 48 1
51 49 2
51 50 25
52 0 24
52 1 13
52 2 29
52 3 38
52 4 50
52 5 25
52 6 30
52 7 49
52 8 12
52 9 3
52 10 14
52 11 42
52 12 49
52 13 23
52 14 48
52 15 38
52 16 27
52 17 6
52 18 33
52 19 16
52 20 44
52 21 11
52 22 6
52 23 28
52 24 37
52 25 42
52 26 31
52 27 27
52 28 22
52 29 25
52 30 8
52 31 24
52 32 12
52 33 45
52 34 49
52 35 14
52 36 1
52 37 18
52 38 20
52 39 13
52 40 32
52 41 22
52 42 27
52 43 14
52 44 27
52 45 19
52 46 7
52 47 32
52 48 2
52 49 40
52 50 48
52 51 34
53 0 37
53 1 20
53 2 10
53 3 32
53 4 43
53 5 47
53 6 41
53 7 7
53 8 16
53 9 22
53 10 3
53 11 44
53 12 47
53 13 23
53 14 13
53 15 39
53 16 16
53 17 12
53 18 43
53 19 1
53 20 45
53 21 19
53 22 3
53 23 37
53 24 23
53 25 50
53 26 44
53 27 3
53 28 47
53 29 15
53 30 10
53 31 45
53 32 33
53 33 37
53 34 3
53 35 40
53 36 45
53 37 32
53 38 37
53 39 37
53 40 28
53 41 37
53 42 41
53 43 11
53 44 30
53 45 49
53 46 24
53 47 35
53 48 9
53 49 34
53 50 48
53 51 47
53 52 38
54 0 31
54 1 29
54 2 32
54 3 31
54 4 50
54 5 49
54 6 32
54 7 41
54 8 11
54 9 12
54 10 29
54 11 46
54 12 36
54 13 18
54 14 31
54 15 31
54 16 30
54 17 9
54 18 42
54 19 42
54 20 31
54 21 16
54 22 11
54 23 45
54 24 40
54 25 12
54 26 16
54 27 48
54 28 42
54 29 20
54 30 19
54 31 29
54 32 49
54 33 41
54 34 2
54 35 29
54 36 43
54 37 38
54 38 6
54 39 49
54 40 44
54 41 17
54 42 4
54 43 1
54 44 44
54 45 10
54 46 11
54 47 33
54 48 2
54 49 32
54 50 34
54 51 33
54 52 29
54 53 35
55 0 32
55 1 23
55 2 24
55 3 13
55 4 28
55 5 19
55 6 18
55 7 50
55 8 11
55 9 45
55 10 11
55 11 44
55 12 39
55 13 43
55 14 38
55 15 27
55 16 14
55 17 47
55 18 15
55 19 25
55 20 21
55 21 2
55 22 31
55 23 21
55 24 12
55 25 48
55 26 25
55 27 33
55 28 3
55 29 34
55 30 11
55 31 38
55 32 11
55 33 13
55 34 36
55 35 33
55 36 49
55 37 1
55 38 9
55 39 2
55 40 43
55 41 35
55 42 49
55 43 34
55 44 9
55 45 20
55 46 26
55 47 48
55 48 41
55 49 41
55 50 4
55 51 43
55 52 8
55 53 6
55 54 12
56 0 6
56 1 36
56 2 10
56 3 45
56 4 20
56 5 18
56 6 13
56 7 11
56 8 17
56 9 31
56 10 7
56 11 13
56 12 23
56 13 32
56 14 34
56 15 30
56 16 37
56 17 49
56 18 44
56 19 33
56 20 17
56 21 6
56 22 1
56 23 19
56 24 20
56 25 15
56 26 37
56 27 17
56 28 6
56 29 15
56 30 41
56 31 35
56 32 49
56 33 2
56 34 4
56 35 17
56 36 40
56 37 20
56 38 36
56 39 10
56 40 38
56 41 13
56 42 7
56 43 39
56 44 47
56 45 48
56 46 38
56 47 2
56 48 30
56 49 30
56 50 31
56 51 14
56 52 30
56 53 41
56 54 35
56 55 3
57 0 22
57 1 2
57 2 12
57 3 29
57 4 49
57 5 11
57 6 26
57 7 32
57 8 36
57 9 41
57 10 44
57 11 3
57 12 11
57 13 14
57 14 43
57 15 33
57 16 10
57 17 15
57 18 44
57 19 42
57 20 50
57 21 36
57 22 37
57 23 2
57 24 45
57 25 45
57 26 44
57 27 27
57 28 11
57 29 39
57 30 7
57 31 28
57 32 12
57 33 48
57 34 33
57 35 29
57 36 23
57 37 27
57 38 44
57 39 12
57 40 22
57 41 39
57 42 39
57 43 18
57 44 36
57 45 21
57 46 17
57 47 43
57 48 6
57 49 25
57 50 2
57 51 37
57 52 34
57 53 46
57 54 27
57 55 8
57 56 49
58 0 7
58 1 33
58 2 27
58 3 19
58 4 38
58 5 2
58 6 7
58 7 46
58 8 30
58 9 29
58 10 20
58 11 20
58 12 6
58 13 8
58 14 6
58 15 7
58 16 34
58 17 15
58 18 21
58 19 22
58 20 17
58 21 50
58 22 37
58 23 32
58 24 5
58 25 34
58 26 21
58 27 23
58 28 34
58 29 44
58 30 41
58 31 37
58 32 29
58 33 27
58 34 40
58 35 5
58 36 28
58 37 28
58 38 9
58 39 48
58 40 48
58 41 10
58 42 7
58 43 41
58 44 41
58 45 35
58 46 14
58 47 50
58 48 13
58 49 32
58 50 17
58 51 7
58 52 31
58 53 21
58 54 42
58 55 1
58 56 40
58 57 37
59 0 22
59 1 37
59 2 8
59 3 41
59 4 14
59 5 3
59 6 19
59 7 2
59 8 8
59 9 34
59 10 50
59 11 35
59 12 2
59 13 35
59 14 19
59 15 38
59 16 49
59 17 16
59 18 28
59 19 16
59 20 46
59 21 43
59 22 3
59 23 10
59 24 44
59 25 22
59 26 42
59 27 9
59 28 8
59 29 48
59 30 30
59 31 18
59 32 40
59 33 9
59 34 22
59 35 2
59 36 24
59 37 5
59 38 23
59 39 49
59 40 32
59 41 49
59 42 43
59 43 39
59 44 6
59 45 30
59 46 26
59 47 46
59 48 50
59 49 24
59 50 5
59 51 34
59 52 25
59 53 30
59 54 21
59 55 45
59 56 27
59 57 19
59 58 21
60 0 19
60 1 6
60 2 4
60 3 39
60 4 17
60 5 45
60 6 8
60 7 23
60 8 14
60 9 3
60 10 40
60 11 26
60 12 48
60 13 18
60 14 1
60 15 36
60 16 38
60 17 29
60 18 39
60 19 10
60 20 12
60 21 8
60 22 18
60 23 1
60 24 36
60 25 24
60 26 30
60 27 16
60 28 29
60 29 18
60 30 36
60 31 27
60 32 47
60 33 21
60 34 16
60 35 35
60 36 28
60 37 21
60 38 10
60 39 47
60 40 38
60 41 4
60 42 15
60 43 42
60 44 36
60 45 25
60 46 8
60 47 44
60 48 33
60 49 20
60 50 17
60 51 17
60 52 23
60 53 5
60 54 37
60 55 30
60 56 3
60 57 17
60 58 1
60 59 17
61 0 23
61 1 40
61 2 19
61 3 6
61 4 6
61 5 49
61 6 16
61 7 40
61 8 15
61 9 14
61 10 13
61 11 11
61 12 31
61 13 7
61 14 11
61 15 12
61 16 28
61 17 5
61 18 36
61 19 14
61 20 50
61 21 9
61 22 41
61 23 44
61 24 2
61 25 7
61 26 33
61 27 39
61 28 21
61 29 22
61 30 19
61 31 23
61 32 27
61 33 39
61 34 44
61 35 30
61 36 40
61 37 42
61 38 42
61 39 24
61 40 38
61 41 22
61 42 14
61 43 11
61 44 13
61 45 4
61 46 10
61 47 45
61 48 38
61 49 5
61 50 14
61 51 20
61 52 11
61 53 4
61 54 27
61 55 32
61 56 25
61 57 10
61 58 40
61 59 47
61 60 49
62 0 46
62 1 40
62 2 7
62 3 48
62 4 22
62 5 34
62 6 50
62 7 2
62 8 3
62 9 8
62 10 48
62 11 18
62 12 45
62 13 26
62 14 17
62 15 39
62 16 5
62 17 14
62 18 23
62 19 46
62 20 5
62 21 2
62 22 9
62 23 1
62 24 40
62 25 6
62 26 12
62 27 40
62 28 30
62 29 42
62 30 46
62 31 43
62 32 33
62 33 27
62 34 3
62 35 22
62 36 6
62 37 31
62 38 32
62 39 15
62 40 31
62 41 26
62 42 14
62 43 11
62 44 28
62 45 48
62 46 18
62 47 18
62 48 22
62 49 13
62 50 34
62 51 24
62 52 22
62 53 17
62 54 45
62 55 41
62 56 18
62 57 37
62 58 3
62 59 40
62 60 1
62 61 45
63 0 47
63 1 22
63 2 6
63 3 14
63 4 7
63 5 35
63 6 14
63 7 18
63 8 12
63 9 2
63 10 16
63 11 22
63 12 5
63 13 28
63 14 9
63 15 36
63 16 15
63 17 36
63 18 25
63 19 5
63 20 27
63 21 2
63 22 45
63 23 50
63 24 7
63 25 6
63 26 4
63 27 33
63 28 4
63 29 33
63 30 25
63 31 48
63 32 18
63 33 44
63 34 12
63 35 32
63 36 18
63 37 41
63 38 19
63 39 37
63 40 35
63 41 49
63 42 38
63 43 14
63 44 35
63 45 3
63 46 11
63 47 22
63 48 22
63 49 25
63 50 28
63 51 19
63 52 3
63 53 40
63 54 40
63 55 36
63 56 29
63 57 49
63 58 23
63 59 30
63 60 40
63 61 11
63 62 8
64 0 11
64 1 38
64 2 18
64 3 22
64 4 27
64 5 37
64 6 35
64 7 36
64 8 9
64 9 50
64 10 29
64 11 4
64 12 22
64 13 40
64 14 15
64 15 38
64 16 38
64 17 6
64 18 32
64 19 42
64 20 36
64 21 10
64 22 45
64 23 38
64 24 25
64 25 1
64 26 19
64 27 7
64 28 5
64 29 9
64 30 20
64 31 14
64 32 27
64 33 38
64 34 33
64 35 21
64 36 30
64 37 8
64 38 20
64 39 26
64 40 7
64 41 9
64 42 20
64 43 5
64 44 47
64 45 27
64 46 9
64 47 22
64 48 33
64 49 33
64 50 39
64 51 15
64 52 4
64 53 40
64 54 49
64 55 36
64 56 4
64 57 12
64 58 29
64 59 37
64 60 49
64 61 26
64 62 32
64 63 5
65 0 45
65 1 45
65 2 24
65 3 8
65 4 26
65 5 21
65 6 32
65 7 32
65 8 22
65 9 13
65 10 27
65 11 49
65 12 39
65 13 17
65 14 14
65 15 17
65 16 44
65 17 18
65 18 39
65 19 29
65 20 14
65 21 25
65 22 20
65 23 37
65 24 15
65 25 45
65 26 31
65 27 38
65 28 36
65 29 17
65 30 15
65 31 38
65 32 32
65 33 31
65 34 42
65 35 36
65 36 28
65 37 47
65 38 6
65 39 29
65 40 40
65 41 1
65 42 4
65 43 16
65 44 14
65 45 43
65 46 15
65 47 46
65 48 16
65 49 13
65 50 46
65 51 48
65 52 18
65 53 28
65 54 39
65 55 50
65 56 25
65 57 22
65 58 33
65 59 29
65 60 43
65 61 18
65 62 2
65 63 10
65 64 4
66 0 6
66 1 24
66 2 12
66 3 44
66 4 41
66 5 47
66 6 21
66 7 4
66 8 2
66 9 19
66 10 48
66 11 29
66 12 41
66 13 25
66 14 42
66 15 23
66 16 7
66 17 27
66 18 8
66 19 49
66 20 43
66 21 18
66 22 32
66 23 50
66 24 1
66 25 22
66 26 13
66 27 23
66 28 16
66 29 12
66 30 6
66 31 37
66 32 12
66 33 17
66 34 40
66 35 50
66 36 36
66 37 3
66 38 31
66 39 40
66 40 25
66 41 30
66 42 46
66 43 47
66 44 48
66 45 50
66 46 49
66 47 39
66 48 24
66 49 13
66 50 17
66 51 40
66 52 40
66 53 20
66 54 36
66 55 19
66 56 18
66 57 30
66 58 25
66 59 21
66 60 48
66 61 22
66 62 39
66 63 44
66 64 24
66 65 44
67 0 17
67 1 6
67 2 34
67 3 32
67 4 1
67 5 29
67 6 10
67 7 1
67 8 16
67 9 14
67 10 49
67 11 15
67 12 14
67 13 6
67 14 9
67 15 24
67 16 48
67 17 49
67 18 6
67 19 29
67 20 3
67 21 2
67 22 38
67 23 9
67 24 27
67 25 48
67 26 44
67 27 34
67 28 49
67 29 41
67 30 36
67 31 27
67 32 29
67 33 32
67 34 9
67 35 26
67 36 35
67 37 19
67 38 19
67 39 25
67 40 13
67 41 24
67 42 20
67 43 31
67 44 31
67 45 8
67 46 33
67 47 38
67 48 33
67 49 24
67 50 44
67 51 23
67 52 12
67 53 23
67 54 44
67 55 48
67 56 3
67 57 50
67 58 22
67 59 48
67 60 48
67 61 18
67 62 17
67 63 5
67 64 43
67 65 24
67 66 44
68 0 28
68 1 44
68 2 4
68 3 30
68 4 44
68 5 36
68 6 41
68 7 20
68 8 17
68 9 41
68 10 37
68 11 33
68 12 12
68 13 14
68 14 27
68 15 20
68 16 41
68 17 19
68 18 36
68 19 36
68 20 46
68 21 5
68 22 26
68 23 38
68 24 31
68 25 16
68 26 14
68 27 48
68 28 8
68 29 8
68 30 26
68 31 31
68 32 2
68 33 45
68 34 39
68 35 39
68 36 18
68 37 25
68 38 19
68 39 46
68 40 19
68 41 23
68 42 17
68 43 9
68 44 2
68 45 31
68 46 2
68 47 2
68 48 3
68 49 9
68 50 42
68 51 26
68 52 30
68 53 47
68 54 2
68 55 22
68 56 38
68 57 43
68 58 30
68 59 20
68 60 22
68 61 44
68 62 50
68 63 17
68 64 7
68 65 49
68 66 14
68 67 48
69 0 46
69 1 5
69 2 24
69 3 17
69 4 30
69 5 41
69 6 20
69 7 19
69 8 32
69 9 23
69 10 47
69 11 13
69 12 35
69 13 36
69 14 9
69 15 33
69 16 26
69 17 2
69 18 2
69 19 35
69 20 32
69 21 28
69 22 4
69 23 31
69 24 15
69 25 43
69 26 47
69 27 47
69 28 14
69 29 15
69 30 21
69 31 16
69 32 37
69 33 32
69 34 1
69 35 28
69 36 12
69 37 39
69 38 42
69 39 24
69 40 16
69 41 19
69 42 32
69 43 18
69 44 35
69 45 21
69 46 47
69 47 28
69 48 31
69 49 45
69 50 12
69 51 3
69 52 4
69 53 21
69 54 30
69 55 31
69 56 3
69 57 10
69 58 26
69 59 9
69 60 27
69 61 40
69 62 25
69 63 49
69 64 30
69 65 38
69 66 49
69 67 40
69 68 16
