60
2 1 83
3 1 25
4 0 54
4 1 24
5 1 84
5 2 38
6 2 38
6 3 51
7 0 1
7 3 91
7 6 8
8 2 1
8 4 24
8 5 35
9 1 82
9 2 61
9 4 67
9 5 54
9 7 48
10 2 60
10 4 55
10 5 18
10 6 36
10 9 42
11 1 49
11 2 69
11 3 7
11 5 26
11 6 89
11 7 58
11 8 77
11 9 62
11 10 70
12 2 58
12 3 90
12 6 32
12 7 52
12 8 66
12 10 75
12 11 6
13 0 24
13 1 19
13 2 47
13 4 45
13 5 45
13 10 28
13 12 44
14 3 43
14 5 91
14 9 1
14 11 90
15 1 89
15 2 18
15 5 34
15 7 47
15 10 63
15 11 40
15 13 47
15 14 27
16 0 79
16 2 27
16 3 35
16 4 88
16 5 48
16 6 96
16 7 85
16 8 10
16 13 41
16 14 45
17 1 63
17 8 57
17 10 25
17 13 86
17 14 50
17 16 51
18 1 73
18 2 52
18 3 89
18 4 27
18 5 38
18 6 6
18 7 88
18 8 85
18 10 99
18 11 83
18 13 63
18 14 16
19 0 99
19 1 81
19 3 53
19 5 64
19 8 82
19 9 24
19 10 3
19 11 28
19 12 28
19 14 35
19 16 95
19 17 37
20 1 6
20 2 39
20 3 37
20 5 10
20 8 65
20 10 62
20 11 1
20 12 32
20 13 95
20 14 45
20 16 6
20 18 87
21 0 24
21 1 20
21 8 48
21 10 85
21 12 42
21 13 29
21 17 53
21 18 23
22 1 29
22 3 83
22 4 19
22 7 86
22 13 74
22 14 33
22 17 79
22 18 78
23 4 27
23 6 13
23 7 87
23 8 47
23 11 40
23 13 25
23 14 18
23 17 61
23 18 55
23 20 3
24 1 2
24 2 16
24 3 10
24 4 10
24 5 24
24 9 94
24 10 20
24 12 20
24 13 54
24 16 85
24 19 78
24 22 72
25 0 12
25 1 58
25 4 97
25 5 25
25 7 58
25 8 57
25 9 93
25 13 71
25 17 40
25 18 42
25 20 67
25 21 47
25 22 36
25 23 11
25 24 26
26 0 2
26 5 43
26 6 100
26 9 28
26 10 51
26 13 96
26 14 92
26 15 27
26 17 84
26 21 20
26 22 27
26 24 16
27 1 77
27 3 9
27 4 40
27 6 50
27 7 21
27 8 20
27 9 27
27 10 5
27 11 89
27 13 21
27 15 76
27 18 65
27 21 21
27 24 38
27 25 66
27 26 41
28 0 52
28 2 52
28 5 29
28 6 18
28 7 62
28 9 46
28 10 38
28 11 82
28 12 28
28 13 96
28 14 78
28 15 16
28 16 6
28 17 19
28 20 37
28 22 47
28 23 79
28 24 79
28 25 38
28 26 32
28 27 18
29 1 5
29 2 41
29 6 97
29 10 93
29 11 4
29 13 72
29 14 57
29 18 25
29 19 57
29 22 36
29 26 60
29 27 48
29 28 67
30 2 34
30 6 68
30 7 81
30 12 33
30 13 88
30 14 43
30 16 59
30 18 10
30 21 14
30 22 8
30 23 76
30 24 64
30 25 10
30 27 48
30 29 23
31 0 57
31 2 62
31 3 91
31 4 23
31 6 73
31 8 35
31 9 77
31 13 57
31 15 80
31 16 69
31 18 29
31 20 78
31 22 36
31 24 43
31 25 16
31 28 5
32 0 94
32 1 34
32 2 58
32 6 83
32 11 46
32 13 41
32 14 85
32 15 22
32 16 45
32 17 92
32 18 48
32 24 3
32 26 66
32 28 18
32 29 63
32 31 94
33 0 12
33 3 77
33 4 63
33 5 94
33 6 81
33 8 64
33 11 99
33 13 55
33 14 3
33 15 67
33 16 27
33 17 91
33 19 41
33 20 96
33 21 61
33 23 77
33 26 68
33 27 76
33 29 36
34 2 58
34 4 90
34 9 71
34 11 70
34 13 82
34 14 32
34 15 74
34 17 1
34 23 19
34 25 66
34 27 7
35 0 50
35 1 10
35 2 48
35 5 98
35 7 54
35 9 45
35 10 49
35 14 20
35 17 43
35 18 61
35 20 52
35 29 54
35 31 77
35 32 27
35 33 65
35 34 57
36 1 52
36 9 27
36 10 44
36 12 15
36 14 55
36 15 7
36 16 75
36 17 85
36 18 27
36 20 41
36 25 93
36 26 32
36 28 86
36 29 9
36 30 4
36 32 17
36 33 79
36 34 20
37 1 93
37 3 37
37 7 40
37 8 23
37 9 89
37 10 95
37 11 25
37 12 68
37 15 44
37 17 5
37 18 16
37 19 13
37 20 74
37 21 63
37 22 34
37 23 12
37 26 56
37 27 93
37 28 77
37 29 72
37 30 17
37 32 86
37 33 61
37 35 90
38 1 6
38 3 10
38 4 82
38 5 68
38 6 22
38 9 18
38 13 34
38 15 48
38 17 89
38 18 54
38 26 16
38 28 64
38 30 82
38 32 74
38 33 54
38 34 52
38 36 8
39 1 52
39 2 39
39 4 39
39 5 2
39 7 46
39 8 60
39 12 30
39 15 74
39 17 19
39 19 29
39 20 12
39 21 71
39 22 73
39 23 38
39 28 90
39 34 1
39 35 39
39 36 91
40 2 51
40 3 97
40 5 74
40 6 90
40 7 49
40 11 35
40 12 83
40 15 32
40 16 96
40 17 36
40 19 40
40 20 89
40 22 77
40 24 68
40 26 15
40 30 33
40 31 12
40 35 58
40 36 19
41 0 37
41 5 37
41 7 31
41 9 8
41 10 77
41 11 62
41 12 60
41 13 16
41 14 85
41 15 95
41 18 63
41 19 7
41 20 53
41 21 87
41 22 33
41 23 40
41 26 6
41 28 91
41 32 30
41 33 17
41 34 39
41 36 49
41 37 96
41 38 9
41 40 78
42 0 100
42 1 11
42 2 92
42 3 49
42 4 45
42 5 38
42 7 28
42 8 35
42 11 88
42 13 81
42 14 95
42 16 51
42 17 36
42 18 63
42 19 92
42 28 36
42 29 17
42 31 55
42 35 43
43 1 99
43 3 4
43 5 37
43 7 43
43 9 86
43 10 93
43 11 8
43 13 44
43 15 74
43 17 45
43 19 83
43 20 38
43 21 92
43 24 6
43 25 94
43 27 87
43 36 62
43 39 55
43 40 63
43 41 49
43 42 41
44 0 11
44 1 82
44 3 75
44 4 59
44 5 11
44 7 72
44 8 9
44 9 55
44 10 11
44 12 89
44 13 76
44 16 64
44 20 9
44 21 79
44 22 91
44 23 39
44 25 90
44 28 95
44 29 12
44 30 11
44 32 72
44 33 9
44 39 44
44 40 99
44 43 8
45 1 47
45 5 15
45 6 39
45 7 32
45 8 100
45 9 6
45 10 18
45 11 68
45 16 18
45 17 74
45 21 30
45 25 86
45 27 45
45 28 14
45 37 35
45 38 53
45 39 88
45 41 68
45 44 3
46 0 95
46 1 99
46 2 23
46 3 68
46 4 27
46 5 40
46 11 54
46 13 28
46 15 78
46 18 42
46 20 96
46 21 73
46 24 45
46 25 73
46 26 70
46 27 19
46 32 17
46 34 73
46 35 61
46 36 59
46 40 69
46 42 37
46 44 91
46 45 96
47 0 14
47 1 79
47 2 10
47 3 22
47 4 68
47 7 93
47 9 64
47 10 36
47 11 14
47 16 45
47 17 93
47 21 9
47 22 76
47 23 52
47 29 69
47 30 43
47 33 56
47 34 67
47 38 34
47 41 85
47 46 100
48 0 68
48 5 94
48 9 40
48 12 70
48 13 21
48 14 43
48 15 83
48 18 88
48 20 14
48 22 1
48 24 80
48 25 11
48 26 99
48 30 43
48 33 28
48 35 46
48 37 83
48 39 13
48 40 21
48 41 36
48 42 34
48 45 64
48 46 27
49 2 85
49 4 15
49 5 32
49 7 66
49 10 40
49 14 8
49 19 69
49 27 29
49 30 2
49 31 30
49 32 39
49 33 51
49 34 24
49 36 8
49 37 52
49 38 12
49 39 2
49 40 79
49 42 33
49 44 29
50 6 24
50 10 39
50 12 12
50 13 36
50 16 71
50 17 68
50 18 19
50 21 55
50 22 89
50 23 11
50 25 53
50 29 9
50 31 74
50 33 31
50 34 62
50 36 75
50 39 85
50 43 91
50 46 50
50 48 15
51 0 82
51 1 79
51 2 46
51 4 55
51 5 38
51 6 91
51 10 37
51 11 100
51 13 63
51 17 47
51 19 54
51 20 91
51 22 24
51 24 17
51 26 86
51 27 17
51 28 73
51 29 46
51 31 72
51 32 7
51 33 92
51 35 71
51 37 85
51 40 66
51 41 43
51 43 5
51 44 86
51 46 93
51 50 46
52 0 40
52 1 30
52 2 67
52 3 91
52 6 11
52 7 25
52 8 22
52 9 32
52 11 51
52 13 33
52 15 41
52 17 82
52 18 45
52 19 3
52 23 2
52 28 32
52 30 70
52 32 84
52 36 78
52 37 83
52 39 77
52 42 27
52 44 32
52 45 67
52 46 84
52 48 6
52 49 75
53 1 89
53 2 80
53 3 55
53 5 35
53 6 45
53 7 86
53 8 82
53 9 21
53 10 96
53 12 91
53 13 56
53 22 62
53 24 16
53 25 78
53 26 92
53 27 74
53 29 20
53 30 79
53 31 80
53 32 44
53 33 17
53 34 62
53 35 9
53 37 23
53 38 27
53 39 11
53 43 56
53 45 99
53 46 41
53 48 12
53 51 14
54 1 85
54 4 5
54 5 4
54 8 84
54 9 43
54 12 21
54 13 19
54 15 16
54 16 36
54 18 37
54 19 90
54 20 99
54 25 47
54 26 87
54 27 14
54 28 71
54 29 54
54 30 36
54 33 60
54 34 2
54 35 54
54 37 63
54 38 8
54 40 65
54 41 72
54 43 70
54 45 76
54 49 32
54 51 34
55 0 1
55 2 79
55 3 36
55 5 97
55 6 59
55 7 27
55 9 87
55 12 85
55 13 48
55 14 77
55 16 77
55 18 32
55 19 6
55 21 19
55 23 27
55 24 8
55 26 74
55 28 32
55 30 10
55 31 89
55 32 1
55 34 78
55 35 40
55 37 86
55 38 83
55 43 25
55 44 1
55 47 63
55 48 37
55 51 74
55 52 100
55 53 3
56 0 17
56 1 72
56 2 32
56 3 92
56 10 71
56 13 23
56 14 57
56 16 35
56 17 69
56 21 97
56 22 78
56 23 37
56 24 88
56 27 71
56 31 15
56 32 25
56 34 76
56 35 7
56 36 55
56 37 83
56 38 60
56 39 43
56 40 96
56 49 69
56 52 55
56 53 18
56 54 2
56 55 29
57 0 31
57 1 8
57 3 59
57 5 53
57 8 1
57 17 65
57 20 54
57 21 66
57 23 62
57 24 96
57 26 65
57 27 100
57 28 35
57 29 94
57 32 20
57 40 9
57 41 57
57 44 18
57 46 41
57 47 37
57 49 40
57 51 38
57 56 3
58 5 23
58 9 39
58 10 35
58 11 75
58 12 52
58 15 87
58 18 91
58 20 40
58 24 14
58 26 6
58 27 57
58 28 13
58 30 49
58 34 41
58 36 78
58 38 66
58 39 71
58 45 85
58 48 60
58 49 54
58 51 93
58 52 78
58 53 99
58 54 13
58 57 40
59 3 79
59 4 55
59 5 70
59 7 4
59 8 20
59 9 12
59 11 11
59 13 88
59 15 65
59 18 3
59 20 82
59 22 55
59 26 26
59 27 3
59 28 7
59 29 25
59 31 83
59 32 60
59 34 9
59 35 28
59 36 32
59 39 36
59 40 24
59 41 12
59 42 36
59 44 15
59 45 69
59 47 25
59 48 49
59 50 60
59 51 22
59 52 91
59 54 69
59 58 58
