75
3 0 9
3 1 50
4 0 28
4 2 8
4 3 36
5 0 19
6 1 38
6 2 37
6 3 19
6 4 17
7 0 28
7 1 50
7 2 14
7 3 33
7 5 11
7 6 38
8 3 39
8 4 39
8 5 22
8 7 21
9 0 45
9 1 28
9 2 50
9 3 24
9 6 29
9 7 6
9 8 16
10 1 26
10 2 12
10 4 7
10 5 44
10 9 45
11 3 19
11 4 19
11 8 29
11 10 42
12 1 48
12 2 37
12 5 50
12 10 42
13 0 12
13 2 27
13 3 45
13 5 30
13 6 19
13 7 27
13 8 18
13 11 22
14 0 48
14 1 36
14 2 25
14 3 47
14 4 13
14 5 22
14 6 35
14 7 3
14 8 14
14 9 32
14 10 41
14 12 11
14 13 10
15 0 28
15 1 40
15 3 29
15 5 8
15 6 45
15 7 25
15 9 11
15 10 1
15 12 10
15 14 6
16 0 11
16 2 23
16 3 46
16 6 2
16 7 20
16 9 8
16 11 49
16 12 8
16 13 28
16 15 9
17 0 31
17 2 32
17 4 47
17 5 1
17 7 3
17 8 44
17 9 42
17 10 6
17 14 41
17 16 33
18 0 25
18 3 14
18 4 22
18 5 44
18 7 21
18 8 6
18 9 15
18 10 44
18 11 21
18 12 12
18 13 30
18 15 14
18 17 26
19 0 23
19 1 23
19 3 49
19 5 19
19 6 37
19 7 39
19 9 20
19 14 19
19 16 40
19 17 40
20 2 20
20 5 6
20 8 23
20 10 28
20 11 27
20 12 12
20 16 28
20 18 6
20 19 46
21 1 4
21 2 37
21 3 25
21 7 22
21 8 32
21 9 34
21 10 14
21 11 30
21 13 48
21 14 38
21 15 5
21 17 19
21 19 42
21 20 44
22 1 19
22 4 9
22 6 36
22 8 15
22 10 46
22 11 34
22 12 20
22 13 5
22 14 4
22 15 50
22 17 50
22 19 16
22 20 11
22 21 9
23 0 41
23 1 25
23 2 4
23 3 40
23 4 17
23 5 28
23 7 7
23 8 29
23 11 20
23 12 27
23 14 42
23 15 12
23 16 28
23 17 50
23 19 14
23 20 2
23 22 15
24 0 35
24 1 49
24 3 39
24 4 21
24 5 12
24 7 13
24 8 33
24 11 6
24 12 3
24 16 19
24 17 27
24 21 11
24 22 44
24 23 38
25 0 37
25 4 30
25 9 17
25 10 24
25 14 38
25 15 3
25 16 5
25 17 31
25 22 6
25 23 9
25 24 44
26 1 24
26 2 38
26 7 13
26 8 16
26 9 19
26 11 12
26 13 41
26 15 8
26 16 16
26 17 38
26 18 37
26 19 31
26 20 48
26 22 31
26 23 21
26 25 42
27 1 6
27 2 6
27 3 15
27 4 50
27 6 31
27 8 2
27 9 6
27 10 50
27 11 38
27 12 47
27 13 17
27 19 43
27 20 45
27 21 36
27 22 32
27 25 20
27 26 18
28 0 27
28 2 3
28 4 16
28 5 42
28 6 40
28 7 39
28 9 16
28 10 26
28 13 42
28 14 27
28 15 22
28 16 32
28 18 46
28 19 13
28 20 4
28 23 24
28 27 22
29 0 45
29 1 15
29 2 23
29 7 20
29 8 11
29 9 28
29 10 8
29 11 30
29 12 35
29 15 47
29 16 15
29 17 13
29 18 5
29 19 5
29 20 10
29 21 22
30 0 34
30 1 44
30 2 19
30 3 42
30 4 13
30 6 5
30 9 38
30 10 24
30 12 41
30 16 33
30 17 32
30 22 10
30 24 50
30 25 30
30 26 19
30 28 43
31 3 34
31 5 19
31 8 29
31 9 34
31 10 9
31 11 49
31 15 4
31 19 32
31 20 1
31 21 32
31 22 8
31 24 30
31 25 28
31 28 10
32 1 16
32 3 4
32 4 38
32 5 27
32 9 39
32 11 27
32 12 7
32 14 21
32 15 35
32 16 25
32 17 38
32 22 37
32 25 23
32 26 25
32 27 24
32 29 47
32 31 48
33 4 7
33 5 32
33 7 45
33 8 21
33 12 26
33 13 10
33 15 10
33 16 22
33 18 22
33 19 12
33 20 17
33 22 6
33 26 3
33 27 24
33 28 47
33 29 38
33 31 34
33 32 21
34 7 16
34 9 33
34 10 25
34 11 15
34 12 33
34 14 28
34 15 7
34 16 8
34 17 5
34 19 13
34 21 30
34 29 10
34 30 32
34 31 25
34 33 24
35 0 33
35 2 26
35 3 22
35 4 13
35 7 45
35 17 25
35 22 36
35 27 39
35 28 4
35 29 33
35 30 28
35 32 4
35 33 19
36 0 21
36 4 28
36 10 36
36 11 3
36 12 13
36 13 46
36 16 18
36 18 13
36 19 49
36 22 49
36 24 37
36 30 7
36 35 41
37 0 9
37 1 30
37 2 42
37 3 44
37 4 9
37 5 34
37 8 32
37 11 4
37 12 22
37 15 17
37 17 32
37 18 12
37 21 42
37 26 34
37 28 27
37 31 12
37 34 21
37 35 20
38 0 3
38 4 37
38 6 38
38 8 24
38 9 49
38 10 2
38 11 19
38 12 46
38 14 13
38 15 23
38 17 9
38 18 30
38 21 40
38 23 31
38 24 30
38 25 38
38 26 39
38 27 45
38 28 14
38 33 44
38 35 7
38 36 19
38 37 2
39 0 13
39 2 40
39 6 10
39 7 40
39 8 28
39 9 32
39 10 11
39 13 49
39 15 38
39 16 50
39 19 7
39 20 14
39 21 23
39 22 38
39 23 32
39 24 38
39 26 16
39 27 40
39 29 46
39 31 33
39 32 11
39 33 40
39 37 44
39 38 34
40 4 5
40 6 12
40 7 4
40 8 31
40 9 22
40 10 32
40 11 9
40 13 17
40 14 4
40 15 2
40 17 20
40 18 33
40 19 41
40 20 24
40 22 17
40 26 29
40 27 46
40 29 38
40 30 3
40 31 31
40 32 26
40 33 4
40 34 37
40 35 18
40 38 5
41 0 10
41 12 25
41 14 41
41 22 40
41 23 37
41 24 27
41 25 46
41 31 31
41 35 6
41 36 12
41 38 35
41 39 37
41 40 4
42 1 20
42 4 12
42 8 39
42 10 42
42 11 11
42 12 4
42 13 36
42 14 17
42 18 27
42 21 41
42 23 9
42 26 4
42 28 9
42 29 47
42 32 26
42 36 50
42 38 35
42 39 2
43 3 4
43 5 39
43 8 14
43 12 9
43 14 13
43 16 10
43 18 28
43 19 13
43 23 6
43 32 47
43 34 18
43 35 6
43 39 43
43 41 19
43 42 29
44 0 17
44 1 17
44 4 43
44 5 3
44 6 32
44 8 42
44 9 5
44 10 40
44 13 1
44 23 30
44 29 27
44 30 23
44 33 10
44 34 50
44 35 33
44 36 27
44 37 39
44 38 41
44 39 2
44 41 46
44 42 25
45 0 49
45 1 45
45 3 9
45 4 22
45 6 30
45 8 11
45 11 46
45 13 42
45 17 45
45 20 37
45 21 28
45 22 37
45 23 36
45 26 4
45 28 11
45 29 35
45 30 50
45 32 18
45 36 7
45 40 6
45 44 40
46 0 33
46 5 1
46 8 30
46 10 20
46 12 23
46 15 6
46 16 36
46 17 27
46 18 16
46 19 18
46 20 47
46 26 14
46 27 10
46 28 49
46 29 12
46 34 41
46 35 40
46 42 26
46 43 7
46 44 43
47 2 34
47 3 49
47 7 39
47 8 36
47 11 35
47 12 12
47 16 27
47 17 10
47 20 32
47 21 38
47 22 28
47 23 3
47 24 23
47 26 32
47 27 50
47 29 7
47 30 8
47 33 13
47 38 38
47 40 25
47 41 7
47 45 42
48 1 16
48 4 46
48 7 39
48 8 43
48 9 20
48 10 37
48 12 15
48 14 13
48 16 1
48 21 47
48 22 35
48 23 2
48 24 44
48 25 25
48 26 20
48 31 18
48 32 2
48 35 7
48 36 27
48 39 50
48 41 41
48 42 45
48 45 23
48 46 6
49 1 20
49 4 31
49 6 16
49 8 10
49 11 44
49 12 32
49 14 29
49 15 34
49 16 45
49 19 50
49 21 40
49 22 23
49 24 38
49 25 25
49 26 27
49 27 11
49 28 30
49 29 43
49 30 12
49 34 32
49 36 49
49 37 41
49 38 13
49 42 20
49 44 46
49 47 48
49 48 44
50 0 9
50 3 42
50 4 9
50 7 30
50 9 13
50 10 38
50 13 45
50 14 48
50 16 24
50 17 23
50 18 33
50 22 6
50 24 11
50 25 29
50 27 30
50 28 20
50 29 10
50 35 3
50 36 14
50 37 20
50 40 1
50 41 31
50 42 19
50 43 1
50 44 48
50 48 41
50 49 16
51 0 21
51 3 3
51 4 26
51 5 29
51 6 4
51 7 16
51 8 5
51 10 4
51 11 20
51 17 42
51 19 41
51 20 1
51 22 18
51 23 21
51 27 29
51 28 4
51 30 43
51 32 50
51 36 40
51 39 12
51 40 10
51 41 37
51 43 42
51 44 11
51 46 44
51 49 35
52 2 29
52 6 14
52 9 16
52 10 17
52 12 38
52 14 32
52 17 39
52 18 31
52 19 44
52 20 13
52 23 45
52 25 12
52 33 7
52 35 8
52 39 8
52 40 1
52 41 2
52 42 19
52 43 8
52 47 47
52 48 14
52 50 8
52 51 4
53 0 33
53 3 19
53 5 35
53 8 48
53 10 16
53 13 31
53 14 48
53 15 20
53 17 11
53 20 36
53 21 11
53 22 31
53 25 7
53 28 39
53 30 12
53 32 11
53 34 21
53 35 45
53 38 18
53 40 36
53 44 27
53 48 14
53 49 46
54 1 23
54 4 36
54 7 50
54 8 31
54 12 44
54 14 32
54 15 27
54 17 38
54 18 43
54 21 8
54 22 40
54 23 24
54 24 21
54 25 40
54 28 31
54 30 30
54 33 34
54 34 13
54 35 1
54 37 30
54 38 9
54 40 18
54 42 49
54 43 31
54 44 10
54 45 11
54 47 45
54 49 29
54 51 41
54 52 43
55 0 46
55 4 9
55 5 33
55 6 18
55 7 25
55 8 42
55 11 17
55 12 13
55 16 31
55 17 6
55 18 42
55 19 28
55 20 34
55 26 41
55 27 40
55 28 35
55 29 1
55 34 19
55 35 27
55 39 18
55 40 8
55 41 18
55 42 38
55 43 1
55 47 26
55 48 29
55 49 3
55 52 8
55 53 19
56 0 27
56 2 38
56 4 27
56 5 19
56 9 39
56 10 6
56 11 21
56 13 40
56 14 20
56 15 10
56 16 47
56 18 49
56 19 2
56 22 10
56 25 26
56 26 22
56 27 20
56 28 18
56 31 32
56 32 12
56 35 4
56 39 40
56 42 36
56 44 39
56 45 15
56 46 50
56 48 23
56 49 16
56 50 23
56 52 15
56 53 36
56 54 25
56 55 46
57 0 1
57 3 50
57 8 16
57 13 6
57 14 43
57 16 34
57 20 36
57 22 45
57 23 30
57 24 38
57 25 15
57 27 2
57 28 48
57 29 30
57 31 40
57 36 15
57 39 16
57 40 5
57 46 28
57 47 25
57 48 48
57 49 15
57 51 25
57 52 44
57 53 11
57 54 12
58 6 50
58 7 18
58 8 40
58 9 34
58 10 16
58 11 41
58 12 49
58 13 3
58 14 30
58 17 38
58 19 6
58 22 15
58 24 13
58 25 26
58 27 7
58 28 29
58 34 19
58 36 49
58 38 24
58 40 1
58 41 25
58 42 48
58 45 21
58 52 9
58 53 21
58 57 45
59 1 33
59 4 31
59 7 37
59 10 22
59 12 36
59 13 2
59 14 10
59 17 48
59 20 28
59 21 9
59 22 33
59 23 31
59 25 8
59 28 31
59 31 22
59 33 41
59 34 24
59 36 13
59 38 33
59 39 22
59 42 30
59 43 41
59 46 34
59 48 5
59 49 17
59 50 2
59 51 15
59 52 7
59 54 44
59 56 16
59 58 35
60 2 37
60 4 19
60 6 40
60 8 20
60 11 32
60 13 28
60 20 21
60 21 25
60 22 31
60 28 33
60 32 45
60 36 3
60 38 28
60 41 4
60 43 40
60 45 14
60 47 24
60 49 32
60 51 19
60 52 34
60 53 30
60 55 17
60 56 23
60 57 4
60 58 17
60 59 26
61 1 49
61 3 30
61 4 13
61 7 32
61 8 40
61 9 47
61 13 1
61 14 27
61 15 40
61 16 43
61 18 40
61 19 44
61 20 6
61 25 18
61 27 23
61 28 26
61 30 49
61 31 10
61 32 45
61 33 49
61 35 30
61 37 50
61 38 12
61 40 12
61 41 39
61 42 40
61 43 42
61 44 7
61 47 30
61 49 21
61 51 34
61 52 2
61 53 47
61 54 5
61 57 34
61 58 44
61 59 24
62 0 12
62 2 18
62 3 17
62 6 35
62 7 44
62 11 37
62 13 1
62 17 10
62 18 27
62 20 33
62 21 43
62 24 37
62 25 39
62 28 48
62 31 30
62 34 23
62 37 1
62 39 20
62 41 48
62 45 13
62 48 25
62 49 17
62 50 32
62 51 37
62 52 20
62 53 50
62 54 24
62 55 29
62 59 20
62 60 42
63 3 4
63 9 14
63 10 3
63 11 42
63 14 43
63 16 32
63 18 38
63 21 10
63 22 35
63 23 25
63 24 46
63 26 29
63 30 37
63 32 23
63 33 34
63 34 1
63 35 31
63 37 4
63 38 44
63 41 37
63 43 34
63 44 41
63 45 18
63 50 40
63 51 37
63 52 42
63 53 14
63 54 35
63 56 27
64 0 18
64 1 17
64 4 12
64 5 15
64 6 48
64 7 15
64 9 34
64 13 40
64 15 15
64 17 50
64 22 42
64 23 30
64 29 30
64 30 18
64 33 22
64 34 15
64 35 40
64 36 41
64 39 50
64 40 15
64 43 19
64 45 41
64 46 39
64 53 30
64 58 8
64 60 26
64 61 26
65 1 24
65 2 20
65 6 39
65 9 21
65 10 39
65 11 25
65 12 24
65 14 43
65 15 49
65 16 37
65 17 13
65 19 7
65 21 15
65 22 29
65 28 45
65 30 24
65 31 20
65 34 15
65 36 39
65 37 16
65 42 41
65 43 6
65 46 7
65 47 37
65 50 8
65 51 2
65 52 14
65 53 46
65 56 8
65 57 37
65 60 3
65 61 31
65 62 11
66 4 2
66 5 44
66 7 11
66 8 2
66 9 9
66 10 45
66 11 46
66 12 26
66 13 42
66 14 36
66 16 6
66 17 5
66 19 17
66 20 41
66 21 28
66 22 49
66 24 10
66 27 18
66 29 32
66 31 47
66 32 15
66 35 18
66 36 42
66 37 40
66 38 14
66 39 20
66 46 23
66 47 47
66 49 43
66 51 27
66 53 31
66 54 5
66 62 26
66 63 6
66 65 2
67 0 45
67 1 15
67 3 13
67 4 21
67 5 9
67 6 10
67 9 14
67 10 12
67 11 44
67 15 10
67 18 48
67 19 8
67 20 15
67 21 20
67 22 26
67 24 31
67 25 2
67 27 34
67 28 38
67 34 35
67 35 47
67 42 30
67 43 48
67 44 21
67 45 27
67 48 26
67 49 24
67 51 47
67 53 1
67 55 28
67 58 20
67 60 26
67 62 11
67 63 10
67 64 4
67 65 34
67 66 6
68 2 16
68 3 15
68 5 50
68 7 15
68 8 12
68 9 31
68 10 36
68 15 30
68 17 39
68 18 33
68 21 10
68 22 25
68 25 4
68 27 35
68 28 15
68 29 15
68 30 13
68 31 14
68 32 23
68 34 41
68 37 45
68 41 5
68 45 9
68 46 40
68 47 30
68 48 10
68 54 42
68 56 46
68 57 28
68 58 15
68 59 1
68 60 42
68 61 44
68 66 30
69 1 27
69 6 45
69 10 49
69 20 40
69 21 48
69 22 29
69 27 47
69 28 25
69 29 25
69 30 31
69 32 20
69 34 49
69 35 46
69 36 7
69 37 2
69 39 11
69 40 7
69 41 49
69 42 35
69 48 20
69 50 48
69 51 6
69 56 9
69 57 47
69 58 11
69 59 13
69 63 13
69 65 21
69 66 14
69 68 37
70 0 38
70 1 42
70 2 16
70 3 15
70 4 42
70 7 20
70 8 4
70 9 18
70 10 35
70 12 46
70 13 26
70 16 46
70 17 18
70 18 38
70 19 46
70 20 5
70 21 4
70 23 27
70 24 7
70 25 22
70 29 19
70 33 7
70 34 23
70 36 17
70 38 38
70 44 9
70 46 11
70 49 39
70 52 38
70 53 27
70 54 23
70 56 31
70 58 27
70 63 19
70 64 15
70 65 35
70 66 39
70 69 4
71 3 49
71 4 8
71 5 11
71 7 45
71 10 8
71 11 11
71 13 38
71 14 12
71 16 7
71 18 24
71 20 30
71 21 28
71 23 10
71 24 26
71 27 27
71 30 14
71 32 12
71 33 46
71 34 42
71 39 24
71 43 7
71 45 20
71 47 6
71 49 22
71 50 16
71 52 15
71 55 44
71 56 40
71 57 43
71 59 14
71 60 3
71 61 30
71 62 27
71 64 3
71 67 28
71 69 36
72 0 32
72 2 27
72 4 34
72 5 43
72 7 50
72 8 22
72 12 22
72 14 44
72 15 41
72 19 49
72 20 19
72 21 43
72 22 47
72 23 40
72 24 44
72 26 11
72 28 12
72 30 5
72 31 5
72 38 40
72 39 14
72 41 11
72 43 13
72 44 40
72 48 28
72 51 35
72 52 20
72 53 23
72 58 9
72 62 41
72 70 39
72 71 4
73 0 32
73 2 40
73 3 47
73 4 18
73 6 7
73 7 13
73 8 11
73 11 2
73 12 15
73 15 35
73 16 28
73 18 32
73 20 33
73 22 35
73 26 1
73 29 11
73 31 50
73 32 16
73 34 14
73 36 42
73 37 17
73 38 9
73 42 43
73 43 45
73 44 16
73 47 19
73 48 5
73 49 27
73 52 2
73 56 3
73 59 9
73 60 50
73 62 40
73 65 21
73 66 13
73 67 38
73 68 35
73 70 11
74 2 46
74 4 6
74 5 1
74 7 33
74 8 29
74 9 10
74 11 32
74 12 8
74 15 44
74 17 22
74 18 11
74 19 44
74 20 21
74 26 43
74 27 14
74 31 3
74 34 25
74 36 46
74 39 35
74 40 34
74 41 5
74 45 43
74 48 43
74 49 7
74 50 36
74 52 31
74 53 14
74 56 29
74 58 45
74 60 29
74 62 47
74 64 6
74 67 20
74 68 27
74 69 24
74 70 44
74 72 19
