35
2 0 72
3 1 80
4 1 75
4 2 25
4 3 73
5 0 35
5 1 9
5 2 61
5 4 10
6 0 6
6 2 65
6 3 26
6 5 84
7 1 26
7 2 40
7 3 92
7 4 89
8 1 90
9 1 5
9 2 39
9 5 40
9 6 5
9 7 38
9 8 52
10 1 6
10 2 37
10 5 13
10 7 58
10 8 22
10 9 34
11 5 47
11 6 88
11 7 66
11 8 6
11 10 82
12 0 61
12 1 5
12 2 10
12 3 27
12 4 48
12 5 92
12 7 20
12 11 54
13 1 6
13 3 63
13 4 39
13 5 82
13 8 95
13 11 67
14 3 29
14 4 75
14 8 25
14 11 84
14 12 64
15 2 10
15 5 68
15 6 40
15 12 41
15 13 73
15 14 25
16 1 65
16 2 34
16 3 55
16 4 31
16 8 90
16 9 23
16 10 48
16 11 20
16 12 15
17 0 23
17 3 1
17 4 53
17 5 48
17 6 48
17 9 46
17 10 65
17 12 33
18 2 69
18 3 14
18 4 2
18 7 44
18 8 36
18 9 98
18 13 81
18 14 12
19 1 65
19 4 25
19 5 75
19 6 14
19 10 56
19 17 16
19 18 77
20 2 11
20 4 12
20 7 90
20 11 35
20 12 80
20 16 42
21 0 29
21 1 48
21 2 49
21 3 95
21 4 29
21 6 38
21 7 83
21 8 75
21 9 68
21 14 23
21 16 64
21 20 77
22 0 100
22 5 41
22 6 60
22 8 13
22 10 55
22 13 90
22 16 58
22 21 74
23 5 1
23 6 19
23 9 30
23 10 17
23 12 25
23 13 90
23 14 62
23 16 72
23 17 95
23 18 41
23 21 94
23 22 96
24 0 81
24 1 31
24 5 7
24 7 86
24 10 57
24 11 75
24 12 50
24 16 13
24 17 18
24 18 65
24 19 15
24 23 30
25 0 39
25 1 61
25 2 23
25 3 98
25 4 47
25 5 21
25 6 93
25 7 38
25 8 60
25 12 76
25 13 82
25 14 80
25 19 83
25 20 21
25 21 29
25 22 91
25 23 77
25 24 69
26 0 52
26 1 67
26 3 74
26 8 81
26 10 49
26 14 10
26 16 32
26 18 21
26 20 38
26 22 50
26 23 7
26 24 100
27 0 20
27 1 4
27 3 55
27 6 84
27 8 32
27 14 90
27 15 16
27 19 3
27 20 77
27 22 19
28 1 86
28 3 98
28 8 50
28 10 63
28 14 42
28 16 8
28 17 78
28 18 66
28 19 62
28 21 85
28 22 19
28 24 41
28 27 53
29 0 13
29 1 30
29 3 90
29 4 18
29 6 81
29 7 76
29 8 93
29 10 30
29 11 82
29 12 22
29 13 38
29 18 76
29 22 47
29 23 94
29 27 36
29 28 58
30 1 34
30 4 40
30 5 2
30 6 89
30 9 75
30 10 79
30 13 19
30 14 96
30 15 56
30 16 12
30 17 30
30 19 9
30 22 94
30 24 38
30 25 67
30 28 30
30 29 33
31 1 60
31 3 20
31 4 10
31 5 21
31 6 65
31 7 100
31 10 21
31 11 73
31 12 67
31 14 14
31 16 83
31 17 56
31 18 37
31 19 87
31 23 43
31 24 9
31 26 78
31 28 42
31 29 82
32 3 83
32 4 96
32 5 87
32 11 6
32 12 88
32 13 17
32 14 64
32 15 13
32 16 16
32 17 15
32 18 83
32 22 24
32 23 66
32 26 55
32 28 91
32 29 32
32 30 91
32 31 62
33 3 78
33 4 14
33 12 21
33 16 12
33 17 58
33 19 94
33 21 77
33 22 100
33 23 40
33 24 59
33 25 13
33 27 98
33 28 59
33 29 52
33 32 81
34 0 80
34 2 33
34 4 18
34 5 56
34 8 60
34 10 99
34 11 35
34 14 84
34 15 75
34 18 72
34 20 67
34 21 38
34 22 46
34 25 31
34 27 82
34 28 1
34 31 8
34 32 90
34 33 48
