70
1 0 5
2 0 3
3 0 5
3 1 5
4 3 1
5 1 3
5 2 5
5 3 4
6 1 5
6 4 3
6 5 3
7 1 5
7 2 5
7 4 4
7 6 1
8 0 5
8 1 2
8 2 4
8 3 4
8 5 4
8 7 2
9 1 1
9 2 2
9 5 3
10 2 4
10 4 3
10 6 5
10 8 5
11 2 2
11 4 2
11 5 2
11 6 1
11 8 3
11 9 1
11 10 5
12 5 4
12 8 1
12 9 1
12 10 4
13 0 2
13 2 4
13 3 3
13 5 3
13 8 5
13 9 2
14 0 3
14 3 2
14 4 2
14 5 2
14 8 4
14 9 5
14 10 3
14 12 2
15 0 2
15 3 4
15 8 3
15 9 3
15 12 5
16 0 1
16 1 2
16 4 1
16 5 3
16 8 2
16 11 2
16 12 5
16 13 4
16 14 4
16 15 1
17 0 1
17 1 5
17 2 2
17 3 2
17 5 2
17 8 3
17 12 3
17 13 5
17 15 4
17 16 5
18 2 3
18 3 1
18 5 2
18 7 5
18 8 4
18 10 3
18 13 2
18 14 1
18 15 4
18 16 1
18 17 4
19 0 1
19 4 5
19 6 4
19 8 4
19 9 5
19 10 4
19 13 1
19 14 3
19 17 3
20 1 5
20 3 4
20 5 3
20 7 2
20 8 5
20 9 2
20 10 3
20 12 1
20 14 3
20 15 3
20 16 2
20 17 4
20 19 4
21 2 5
21 3 1
21 6 4
21 7 3
21 9 2
21 16 4
21 17 3
22 0 5
22 4 2
22 7 5
22 9 2
22 12 2
22 14 2
22 15 1
22 16 3
22 19 5
22 21 2
23 0 4
23 2 5
23 3 1
23 5 5
23 7 3
23 8 4
23 9 1
23 10 5
23 12 4
23 13 2
23 16 2
23 17 1
23 18 4
23 19 2
23 20 2
23 22 2
24 0 4
24 1 5
24 3 5
24 6 3
24 7 2
24 11 3
24 14 5
24 15 3
24 16 2
24 19 2
24 21 4
24 22 3
24 23 1
25 0 4
25 2 4
25 3 1
25 6 5
25 7 1
25 8 5
25 9 4
25 11 3
25 12 2
25 13 1
25 15 4
25 16 3
25 18 1
25 19 1
25 20 5
25 22 2
26 0 2
26 3 4
26 5 4
26 6 4
26 8 1
26 9 5
26 10 1
26 11 2
26 15 4
26 17 5
26 19 1
26 21 5
26 22 2
26 24 3
27 1 3
27 4 3
27 6 3
27 8 1
27 9 1
27 11 1
27 12 1
27 13 1
27 17 3
27 18 2
27 19 2
27 21 1
27 24 2
27 26 2
28 0 3
28 3 4
28 4 1
28 5 3
28 7 4
28 10 1
28 11 2
28 16 1
28 19 1
28 20 3
28 21 1
28 22 1
28 23 2
28 25 3
28 26 2
29 2 1
29 5 4
29 10 5
29 11 1
29 15 1
29 16 3
29 17 2
29 19 5
29 22 5
29 23 4
29 28 4
30 0 2
30 1 3
30 6 2
30 7 2
30 8 1
30 14 4
30 15 4
30 17 1
30 18 3
30 21 5
30 25 4
30 26 4
30 27 1
30 29 4
31 0 2
31 3 3
31 4 5
31 5 1
31 6 5
31 7 1
31 10 3
31 17 4
31 20 2
31 25 3
31 29 3
31 30 5
32 1 2
32 3 4
32 5 2
32 6 2
32 7 4
32 8 3
32 13 1
32 14 1
32 16 3
32 19 3
32 20 4
32 22 1
32 24 2
32 26 4
32 29 1
33 1 1
33 2 4
33 4 3
33 5 3
33 6 3
33 7 1
33 8 4
33 11 1
33 12 2
33 13 4
33 15 4
33 17 2
33 18 4
33 19 4
33 24 4
33 25 4
33 26 3
33 27 2
33 28 2
34 0 1
34 1 4
34 3 3
34 6 5
34 7 4
34 8 1
34 11 4
34 19 4
34 20 3
34 22 4
34 23 2
34 25 4
34 26 5
34 27 2
34 28 2
34 29 4
34 30 2
34 33 4
35 3 5
35 5 3
35 6 1
35 8 1
35 9 2
35 10 5
35 12 1
35 13 1
35 17 4
35 19 5
35 21 1
35 22 1
35 25 1
35 26 2
35 28 2
35 32 1
35 33 4
36 3 3
36 5 3
36 6 5
36 8 5
36 9 3
36 10 1
36 11 5
36 12 2
36 15 4
36 21 5
36 25 3
36 33 1
37 1 1
37 3 2
37 4 5
37 5 3
37 7 2
37 8 3
37 10 4
37 12 1
37 13 1
37 14 1
37 16 3
37 20 1
37 21 3
37 22 4
37 23 2
37 24 3
37 28 3
37 29 4
37 30 4
37 31 3
37 32 1
37 35 1
38 1 5
38 6 4
38 7 4
38 9 4
38 13 3
38 14 3
38 15 2
38 17 2
38 22 3
38 23 4
38 24 1
38 27 1
38 29 1
38 31 1
38 34 4
38 37 3
39 0 5
39 1 4
39 2 1
39 4 5
39 6 5
39 10 4
39 11 3
39 12 4
39 13 2
39 17 4
39 23 5
39 24 2
39 25 5
39 27 4
39 28 3
39 30 2
39 32 4
39 36 4
39 37 4
40 0 3
40 1 3
40 3 2
40 4 2
40 5 3
40 6 3
40 9 2
40 12 3
40 14 5
40 15 5
40 16 5
40 18 3
40 20 4
40 24 1
40 27 1
40 29 1
40 33 2
40 35 3
40 36 5
40 37 1
40 39 2
41 0 4
41 3 1
41 4 4
41 6 4
41 10 3
41 13 5
41 16 3
41 17 5
41 18 2
41 19 2
41 23 2
41 26 1
41 27 4
41 28 1
41 30 5
41 34 5
41 37 4
41 38 1
41 40 2
42 1 1
42 2 5
42 5 4
42 7 1
42 8 4
42 14 3
42 16 3
42 17 3
42 20 5
42 21 5
42 22 3
42 23 4
42 24 4
42 25 3
42 27 1
42 30 2
42 32 5
42 34 4
42 35 5
42 37 1
42 38 1
43 1 2
43 2 4
43 5 1
43 6 5
43 7 1
43 12 5
43 13 2
43 14 1
43 18 1
43 20 2
43 21 4
43 22 2
43 25 3
43 32 2
43 33 2
43 37 5
43 38 5
43 40 2
43 41 1
43 42 3
44 0 1
44 1 3
44 2 5
44 4 4
44 8 3
44 12 1
44 16 4
44 20 3
44 25 1
44 28 3
44 32 1
44 33 5
44 34 3
44 36 3
44 38 1
44 39 3
44 41 1
45 0 1
45 3 3
45 5 5
45 6 4
45 9 3
45 10 4
45 11 3
45 14 5
45 17 3
45 18 4
45 19 3
45 22 3
45 23 5
45 25 1
45 27 3
45 30 1
45 32 4
45 33 1
45 34 4
45 36 3
45 38 3
45 42 4
45 44 3
46 5 3
46 6 2
46 7 4
46 10 2
46 11 2
46 14 5
46 16 5
46 18 2
46 25 3
46 27 1
46 30 4
46 35 1
46 39 1
46 43 5
47 3 5
47 4 2
47 6 1
47 8 4
47 9 4
47 13 2
47 14 2
47 15 3
47 19 3
47 25 3
47 26 3
47 27 2
47 29 5
47 31 3
47 32 4
47 34 4
47 39 2
47 40 3
47 41 5
47 42 4
47 43 1
47 44 5
47 45 3
47 46 5
48 4 3
48 6 5
48 7 2
48 8 1
48 10 1
48 13 3
48 14 1
48 15 2
48 16 2
48 19 1
48 20 2
48 22 1
48 26 3
48 28 5
48 29 1
48 31 5
48 32 5
48 33 2
48 36 3
48 38 5
48 39 5
48 41 2
48 46 2
48 47 3
49 3 4
49 6 3
49 8 2
49 10 3
49 13 2
49 18 5
49 19 4
49 20 2
49 21 4
49 22 1
49 23 3
49 24 4
49 28 1
49 29 3
49 31 5
49 32 3
49 37 1
49 38 2
49 39 2
49 42 5
49 43 4
49 44 1
49 46 1
49 47 3
49 48 3
50 0 5
50 1 4
50 3 5
50 6 1
50 8 4
50 11 3
50 14 5
50 15 4
50 17 5
50 20 3
50 23 4
50 24 5
50 26 2
50 27 1
50 28 3
50 29 3
50 31 3
50 32 1
50 33 3
50 35 1
50 37 5
50 38 2
50 39 2
50 40 5
50 42 5
50 43 1
50 44 4
50 45 1
50 46 1
50 47 1
51 0 4
51 3 3
51 6 1
51 7 4
51 8 4
51 9 1
51 12 4
51 13 3
51 14 5
51 21 1
51 22 2
51 24 5
51 28 4
51 29 2
51 30 1
51 33 5
51 41 2
51 42 2
51 43 1
51 44 1
51 46 4
51 47 3
51 49 5
52 1 4
52 2 1
52 3 1
52 5 5
52 8 5
52 12 4
52 13 2
52 15 3
52 16 3
52 17 3
52 21 2
52 23 3
52 25 2
52 26 1
52 27 1
52 28 5
52 29 5
52 30 3
52 31 1
52 32 3
52 33 1
52 34 1
52 39 2
52 45 4
52 47 4
52 48 4
52 49 4
52 50 2
53 0 5
53 2 4
53 5 1
53 9 4
53 11 2
53 12 3
53 13 1
53 14 1
53 15 1
53 16 1
53 17 1
53 19 5
53 23 3
53 26 2
53 28 5
53 31 1
53 32 3
53 33 2
53 37 1
53 38 3
53 40 1
53 42 2
53 44 2
53 45 5
53 47 5
53 48 2
53 52 4
54 3 2
54 4 1
54 6 2
54 11 1
54 12 5
54 13 2
54 15 1
54 16 2
54 18 2
54 21 1
54 22 3
54 23 2
54 24 1
54 25 4
54 30 2
54 31 4
54 32 4
54 34 4
54 35 4
54 36 5
54 37 1
54 39 1
54 40 3
54 44 5
54 46 4
54 49 1
54 50 2
55 0 1
55 2 4
55 3 1
55 7 1
55 10 2
55 11 5
55 12 2
55 13 5
55 14 1
55 15 2
55 17 3
55 18 1
55 22 1
55 25 4
55 27 5
55 30 2
55 31 2
55 33 1
55 34 2
55 37 3
55 38 1
55 39 5
55 45 5
55 46 4
55 47 1
55 48 1
55 51 5
55 53 4
55 54 5
56 2 2
56 3 2
56 10 5
56 13 1
56 15 4
56 17 4
56 18 2
56 19 1
56 20 3
56 21 3
56 22 1
56 25 4
56 27 1
56 30 2
56 31 1
56 33 3
56 34 5
56 35 4
56 36 2
56 37 2
56 39 3
56 40 3
56 41 5
56 45 5
56 47 3
56 48 4
56 50 1
56 51 5
56 53 2
56 55 3
57 0 4
57 1 1
57 2 3
57 4 3
57 9 4
57 12 1
57 13 1
57 14 2
57 19 4
57 20 2
57 21 5
57 24 1
57 25 5
57 26 1
57 27 1
57 28 4
57 29 1
57 31 1
57 32 2
57 33 2
57 34 2
57 35 2
57 36 4
57 38 3
57 40 1
57 42 2
57 44 3
57 45 3
57 46 1
57 49 1
57 50 1
57 55 5
57 56 4
58 0 4
58 1 4
58 2 4
58 3 5
58 7 5
58 8 5
58 10 2
58 11 4
58 14 3
58 18 4
58 19 2
58 20 1
58 23 5
58 25 4
58 27 1
58 28 3
58 29 1
58 30 5
58 31 3
58 32 4
58 34 3
58 35 4
58 37 1
58 39 3
58 40 2
58 41 2
58 42 3
58 43 3
58 46 2
58 47 5
58 48 5
58 49 4
58 50 3
58 51 5
58 52 5
58 54 2
58 55 2
58 56 4
58 57 2
59 1 2
59 2 4
59 3 1
59 5 3
59 6 1
59 7 2
59 8 4
59 10 1
59 11 2
59 12 5
59 15 1
59 16 4
59 17 1
59 18 3
59 19 4
59 21 3
59 26 2
59 27 4
59 28 5
59 30 1
59 31 1
59 34 5
59 35 3
59 36 2
59 37 4
59 39 3
59 44 1
59 45 2
59 46 3
59 49 4
59 51 4
59 54 3
59 55 5
60 1 4
60 5 2
60 6 2
60 7 5
60 9 5
60 10 3
60 13 3
60 15 5
60 17 2
60 18 2
60 19 1
60 21 1
60 25 2
60 26 4
60 32 5
60 33 1
60 34 4
60 35 1
60 36 2
60 37 1
60 38 2
60 39 5
60 40 1
60 42 4
60 47 1
60 52 2
60 53 1
60 54 2
61 0 1
61 1 2
61 2 4
61 4 4
61 5 2
61 6 5
61 7 1
61 9 3
61 10 2
61 14 3
61 15 3
61 17 3
61 18 1
61 19 2
61 25 5
61 26 3
61 27 5
61 29 1
61 30 2
61 33 4
61 34 4
61 40 4
61 41 2
61 43 4
61 45 5
61 48 1
61 49 4
61 53 3
61 56 1
61 58 5
62 2 3
62 3 1
62 4 3
62 11 4
62 12 5
62 13 1
62 14 4
62 15 3
62 16 4
62 17 4
62 18 2
62 19 1
62 22 3
62 25 4
62 26 2
62 27 4
62 29 2
62 30 3
62 31 4
62 32 2
62 34 5
62 37 5
62 40 1
62 42 3
62 43 1
62 45 4
62 46 2
62 48 3
62 56 2
62 59 5
63 0 5
63 1 4
63 2 2
63 4 1
63 6 1
63 7 3
63 9 3
63 11 5
63 12 2
63 13 1
63 14 1
63 17 2
63 18 5
63 21 2
63 25 3
63 28 3
63 29 4
63 32 5
63 33 4
63 34 3
63 36 3
63 43 2
63 44 5
63 47 4
63 49 4
63 51 5
63 52 4
63 53 1
63 54 5
63 55 3
63 56 2
63 58 1
63 62 4
64 1 1
64 2 2
64 3 2
64 4 2
64 5 5
64 6 3
64 7 5
64 9 1
64 11 5
64 12 1
64 14 5
64 15 1
64 18 5
64 19 2
64 21 4
64 23 5
64 24 4
64 25 3
64 27 5
64 28 1
64 32 4
64 33 2
64 34 1
64 36 3
64 37 5
64 38 1
64 39 4
64 40 1
64 41 5
64 42 5
64 44 4
64 45 1
64 47 4
64 48 3
64 49 5
64 50 3
64 54 3
64 56 2
64 57 4
64 60 1
64 61 2
64 62 2
65 1 3
65 2 5
65 4 5
65 5 3
65 7 5
65 8 5
65 9 5
65 10 4
65 11 1
65 15 4
65 17 2
65 20 5
65 21 5
65 24 5
65 31 3
65 32 3
65 34 3
65 35 2
65 36 4
65 38 4
65 39 5
65 45 5
65 51 4
65 54 1
65 55 1
65 56 1
65 58 5
65 60 1
65 61 3
66 1 4
66 2 3
66 4 2
66 6 2
66 9 3
66 12 5
66 13 5
66 16 5
66 19 3
66 21 5
66 23 3
66 24 3
66 25 1
66 27 4
66 28 2
66 29 3
66 30 1
66 32 3
66 34 1
66 35 1
66 40 1
66 44 4
66 47 2
66 50 3
66 51 5
66 52 2
66 54 5
66 62 4
66 64 2
66 65 2
67 0 1
67 2 3
67 4 4
67 7 3
67 8 3
67 10 5
67 12 4
67 13 2
67 14 2
67 16 3
67 17 3
67 22 2
67 25 1
67 28 2
67 29 5
67 30 4
67 32 3
67 35 1
67 36 4
67 37 3
67 39 3
67 42 2
67 44 1
67 45 2
67 47 4
67 48 3
67 51 3
67 52 2
67 53 2
67 56 3
67 59 1
67 60 2
67 62 4
67 63 3
67 65 2
67 66 1
68 2 2
68 6 5
68 7 1
68 9 5
68 10 2
68 16 5
68 18 5
68 19 1
68 20 5
68 23 5
68 25 3
68 27 4
68 28 2
68 31 4
68 34 3
68 35 3
68 40 2
68 41 3
68 42 5
68 47 2
68 48 4
68 50 2
68 51 2
68 53 3
68 55 3
68 59 2
68 62 4
68 63 5
68 65 4
68 67 2
69 1 1
69 5 5
69 6 3
69 8 5
69 9 2
69 10 5
69 16 5
69 21 2
69 22 2
69 23 4
69 24 4
69 25 2
69 30 4
69 32 3
69 33 1
69 34 1
69 35 3
69 36 4
69 40 3
69 41 4
69 42 4
69 44 2
69 45 4
69 46 1
69 47 5
69 48 1
69 50 2
69 52 2
69 53 4
69 54 3
69 55 3
69 57 3
69 58 5
69 59 3
69 64 1
69 66 2
69 68 3
