20
1 0 2
3 1 3
4 0 3
5 0 4
6 1 4
6 2 5
6 3 2
7 0 3
7 1 4
7 5 5
8 0 1
8 1 5
8 2 5
8 3 2
8 4 3
8 7 4
9 4 2
9 7 3
9 8 2
10 0 3
10 1 5
10 5 5
10 6 1
10 8 3
11 3 2
11 6 4
11 7 3
11 9 2
12 1 3
12 4 5
12 8 5
12 10 4
12 11 1
13 0 4
13 2 5
13 4 2
13 7 4
13 9 5
13 12 1
14 1 5
14 3 2
14 7 5
14 9 3
14 10 2
14 13 1
15 0 3
15 2 5
15 6 4
15 7 2
15 8 3
15 9 4
15 12 3
15 13 1
15 14 2
16 1 3
16 9 1
16 11 2
17 0 5
17 2 5
17 5 4
17 6 1
17 8 4
17 9 4
17 13 1
17 15 2
17 16 5
18 0 2
18 3 4
18 5 5
18 6 5
18 8 2
18 10 4
18 11 2
18 14 4
18 15 3
19 0 3
19 1 3
19 2 4
19 4 1
19 11 5
19 14 4
19 17 5
19 18 5
