30
2 0 100
2 1 32
3 0 42
3 1 45
3 2 83
4 0 33
4 2 37
5 0 54
5 1 80
5 2 60
6 0 82
6 2 65
6 3 88
7 2 42
7 3 100
7 4 41
7 6 100
8 0 28
8 6 11
9 3 77
9 4 1
9 6 97
9 7 50
9 8 89
10 1 46
10 3 88
10 4 61
10 7 63
10 9 37
11 0 42
11 3 84
11 4 35
11 8 24
11 9 90
12 1 56
12 10 86
13 0 72
13 6 29
13 7 63
13 8 7
13 9 17
13 12 74
14 7 85
14 8 33
14 10 95
14 12 100
15 0 32
15 2 96
15 4 50
15 9 10
15 10 12
15 11 85
15 12 43
15 13 11
15 14 13
16 0 8
16 1 52
16 2 60
16 3 83
16 5 80
16 10 71
16 15 58
17 0 57
17 1 12
17 5 31
17 6 87
17 7 26
17 14 63
18 1 95
18 2 78
18 5 25
18 6 53
18 7 15
18 8 89
18 12 82
18 13 78
18 15 47
19 0 63
19 1 68
19 2 61
19 4 55
19 6 55
19 7 21
19 8 73
19 11 57
19 12 72
19 14 2
19 16 80
19 17 44
19 18 28
20 0 2
20 4 25
20 6 76
20 8 48
20 9 58
20 13 81
20 14 50
20 15 33
20 18 72
21 0 76
21 1 12
21 2 69
21 4 23
21 5 98
21 6 6
21 7 30
21 9 43
21 10 67
21 11 63
21 12 27
21 13 75
21 14 40
21 18 84
22 0 45
22 3 82
22 4 90
22 7 3
22 8 1
22 10 16
22 11 72
22 15 22
22 16 51
22 19 28
22 21 15
23 0 38
23 2 10
23 3 22
23 4 51
23 6 45
23 8 2
23 10 51
23 11 24
23 12 66
23 14 19
23 16 35
23 17 36
23 18 5
23 20 31
23 22 8
24 0 52
24 3 10
24 11 71
24 12 63
24 18 62
24 19 18
24 20 26
24 21 89
24 22 48
25 2 26
25 4 90
25 7 25
25 8 21
25 10 97
25 12 57
25 14 93
25 19 58
25 22 64
25 23 91
25 24 45
26 1 57
26 2 81
26 5 73
26 7 95
26 8 36
26 10 56
26 14 86
26 15 53
26 16 11
26 17 70
26 19 50
26 23 54
27 0 97
27 1 56
27 4 66
27 6 54
27 10 70
27 14 67
27 15 50
27 16 8
27 17 15
27 18 43
27 19 55
27 22 93
27 25 74
28 0 57
28 3 11
28 4 28
28 5 55
28 7 69
28 11 58
28 13 11
28 14 57
28 15 100
28 16 83
28 17 48
28 19 96
28 23 82
28 25 63
29 0 42
29 1 41
29 3 82
29 5 7
29 6 7
29 7 26
29 12 59
29 14 42
29 15 5
29 17 57
29 19 93
29 22 3
29 23 88
