20
2 0 36
3 1 34
4 3 23
5 1 29
5 2 8
5 4 8
6 0 66
6 1 15
6 2 77
6 3 5
6 5 21
7 3 37
7 4 71
7 5 94
8 0 59
8 1 13
8 2 11
8 3 19
8 4 27
8 5 80
9 0 49
9 2 48
9 3 30
9 6 67
9 7 47
9 8 93
10 1 64
10 3 74
10 5 21
10 6 100
10 8 92
11 4 32
11 6 20
11 9 67
12 1 28
12 3 13
12 5 72
12 6 11
12 8 93
12 9 60
12 10 4
12 11 2
13 0 90
13 1 7
13 3 96
13 4 2
13 5 88
13 7 48
13 11 76
14 0 86
14 5 47
14 7 18
14 13 35
15 0 72
15 2 51
15 7 73
15 10 41
15 11 48
15 13 56
16 1 54
16 4 76
16 5 24
16 8 7
16 9 24
16 10 36
16 14 94
17 0 40
17 3 87
17 7 76
17 12 27
17 13 50
17 15 48
18 2 66
18 4 28
18 5 31
18 9 75
18 12 51
19 2 63
19 3 40
19 4 26
19 8 54
19 10 74
19 11 48
19 16 64
