75
2 0 16
3 2 41
4 0 49
4 1 37
5 1 34
5 3 49
5 4 36
6 0 27
6 3 24
6 4 23
7 0 22
7 1 29
7 3 30
7 4 31
7 6 26
8 0 36
8 1 41
8 2 43
8 3 26
8 4 26
8 6 14
9 0 1
9 1 46
9 2 19
9 5 20
9 6 37
10 2 47
10 5 15
10 8 5
10 9 27
11 1 4
11 2 6
11 3 38
11 4 11
11 5 14
11 6 29
11 7 38
11 9 5
11 10 4
12 2 22
12 3 2
12 5 38
12 6 14
12 7 12
12 8 18
13 0 24
13 1 37
13 2 21
13 3 29
13 4 18
13 5 30
13 6 16
13 7 5
13 8 24
13 9 41
13 10 49
13 11 34
14 1 25
14 3 22
14 4 15
14 5 28
14 7 29
14 8 9
14 9 10
14 11 50
14 12 6
15 1 36
15 3 46
15 4 1
15 5 20
15 12 3
16 1 31
16 3 9
16 5 12
16 6 20
16 9 5
16 10 15
16 12 26
16 13 41
16 15 24
17 1 48
17 3 23
17 8 27
17 10 26
17 14 15
18 0 34
18 1 24
18 5 40
18 8 48
18 10 32
18 13 9
18 15 15
19 0 41
19 3 2
19 4 20
19 5 36
19 10 42
19 17 44
19 18 20
20 2 8
20 3 46
20 5 6
20 6 26
20 7 20
20 8 12
20 9 18
20 11 42
20 14 10
20 15 48
20 17 22
20 18 34
20 19 50
21 3 8
21 4 4
21 6 44
21 8 26
21 15 8
21 18 34
21 19 10
22 0 24
22 1 23
22 2 48
22 4 26
22 7 9
22 8 39
22 9 17
22 15 37
22 16 41
22 18 36
22 20 12
22 21 33
23 1 12
23 2 16
23 3 47
23 4 40
23 7 12
23 8 48
23 10 12
23 13 36
23 14 28
23 16 12
23 18 45
23 20 37
23 21 42
23 22 2
24 1 6
24 3 13
24 5 20
24 7 33
24 8 32
24 9 21
24 12 1
24 14 22
24 18 8
24 19 17
24 22 4
25 3 32
25 5 8
25 6 43
25 7 32
25 8 8
25 9 4
25 10 34
25 12 7
25 15 45
25 16 49
25 19 2
25 21 15
26 0 10
26 1 18
26 2 1
26 4 14
26 5 17
26 7 22
26 9 1
26 11 1
26 13 48
26 16 44
26 18 19
26 19 26
26 20 31
26 21 40
26 23 46
26 24 8
26 25 29
27 4 49
27 5 41
27 8 27
27 9 19
27 10 45
27 14 38
27 16 35
27 19 35
27 23 6
28 1 5
28 3 35
28 4 1
28 5 7
28 6 24
28 9 4
28 10 26
28 12 47
28 15 48
28 17 10
28 20 22
28 22 3
28 24 39
28 25 26
29 1 29
29 5 18
29 7 29
29 10 33
29 11 22
29 13 4
29 15 44
29 16 4
29 17 27
29 23 19
29 27 44
30 0 10
30 1 35
30 4 40
30 5 16
30 6 23
30 11 41
30 12 1
30 13 42
30 14 34
30 18 40
30 19 28
30 20 5
30 24 18
30 25 44
30 26 27
30 28 12
30 29 2
31 0 24
31 1 31
31 4 20
31 5 1
31 6 33
31 9 34
31 10 44
31 12 18
31 16 11
31 19 16
31 20 23
31 22 1
31 23 16
31 24 29
31 25 44
31 26 15
31 27 5
31 28 8
31 29 15
31 30 37
32 2 29
32 3 35
32 4 28
32 8 17
32 12 18
32 14 29
32 15 39
32 16 30
32 17 16
32 18 47
32 20 28
32 22 6
32 23 39
32 26 7
32 27 26
32 29 50
32 31 29
33 1 10
33 3 42
33 4 47
33 7 39
33 9 36
33 11 29
33 12 7
33 14 2
33 15 49
33 18 1
33 19 39
33 24 16
33 26 44
33 27 6
33 30 38
33 32 43
34 0 11
34 2 35
34 5 42
34 6 32
34 10 45
34 11 5
34 12 41
34 13 3
34 15 9
34 18 9
34 22 5
34 23 3
34 25 26
34 28 7
34 29 44
34 31 19
34 32 24
35 9 14
35 10 32
35 13 2
35 14 18
35 15 11
35 18 45
35 19 14
35 21 38
35 23 40
35 25 32
35 27 41
35 29 46
35 31 27
35 34 44
36 1 12
36 3 40
36 4 15
36 7 8
36 8 41
36 9 29
36 12 7
36 14 19
36 15 20
36 16 21
36 20 10
36 21 18
36 22 25
36 23 41
36 25 45
36 28 3
36 29 33
36 34 14
36 35 43
37 4 50
37 6 13
37 8 32
37 9 4
37 10 45
37 12 7
37 13 15
37 14 26
37 15 6
37 16 20
37 18 38
37 19 19
37 21 3
37 23 3
37 26 11
37 28 27
37 31 12
37 32 3
37 33 34
38 0 37
38 1 10
38 2 30
38 3 35
38 4 5
38 5 6
38 7 38
38 8 33
38 10 4
38 12 17
38 15 22
38 16 16
38 17 34
38 18 18
38 19 14
38 20 8
38 21 45
38 25 4
38 27 27
38 28 40
38 29 12
38 31 34
38 33 22
38 34 49
38 35 50
38 37 21
39 1 11
39 4 25
39 7 32
39 8 30
39 9 26
39 13 50
39 14 45
39 15 13
39 16 20
39 19 3
39 20 37
39 22 28
39 23 39
39 25 42
39 26 46
39 28 43
39 32 41
39 33 24
39 34 36
39 37 24
39 38 27
40 0 48
40 1 10
40 3 41
40 5 38
40 7 39
40 8 40
40 11 6
40 12 49
40 13 26
40 14 29
40 15 33
40 18 40
40 21 49
40 24 34
40 25 16
40 26 46
40 32 49
40 33 30
40 34 14
40 35 44
40 37 47
40 39 14
41 1 2
41 3 43
41 5 21
41 6 23
41 7 25
41 9 48
41 10 9
41 14 8
41 15 6
41 16 17
41 23 9
41 27 13
41 30 32
41 31 5
41 32 22
41 33 20
41 34 5
41 37 50
42 1 43
42 3 27
42 6 22
42 7 41
42 12 26
42 13 41
42 18 13
42 19 37
42 20 49
42 21 33
42 23 18
42 24 44
42 25 36
42 26 50
42 27 39
42 28 33
42 34 4
42 36 46
42 37 7
43 0 37
43 1 41
43 3 38
43 4 6
43 6 29
43 7 12
43 11 43
43 12 26
43 13 11
43 14 21
43 15 47
43 17 25
43 20 7
43 21 8
43 26 27
43 28 38
43 30 21
43 33 8
43 34 33
43 35 38
43 36 33
43 41 29
44 0 10
44 1 40
44 2 17
44 3 8
44 4 28
44 6 36
44 7 17
44 9 40
44 10 3
44 11 29
44 12 30
44 13 27
44 16 44
44 18 16
44 19 15
44 20 47
44 21 47
44 22 38
44 24 32
44 27 23
44 28 4
44 32 34
44 36 24
44 42 48
44 43 18
45 1 1
45 4 37
45 6 18
45 7 20
45 8 37
45 11 35
45 13 22
45 16 48
45 18 12
45 21 49
45 22 18
45 23 40
45 24 42
45 25 26
45 26 7
45 27 15
45 28 41
45 29 28
45 30 10
45 31 13
45 33 41
45 34 12
45 35 49
45 36 42
45 38 37
45 39 21
45 40 2
45 41 35
46 0 39
46 1 25
46 2 36
46 3 18
46 5 17
46 7 49
46 8 13
46 9 11
46 10 32
46 11 47
46 12 26
46 13 32
46 14 45
46 16 32
46 18 47
46 20 47
46 22 41
46 26 3
46 27 45
46 29 49
46 31 16
46 32 45
46 33 41
46 34 35
46 35 15
46 37 46
46 38 23
46 42 21
46 44 5
47 0 40
47 1 45
47 2 17
47 3 11
47 4 43
47 7 8
47 10 12
47 11 26
47 12 2
47 16 2
47 17 15
47 19 45
47 20 21
47 25 14
47 29 35
47 32 36
47 33 8
47 34 20
47 35 24
47 37 46
47 38 5
47 40 41
47 42 16
47 43 47
47 46 6
48 1 38
48 2 6
48 3 14
48 5 40
48 10 10
48 11 3
48 14 31
48 15 46
48 16 47
48 18 35
48 19 11
48 20 18
48 22 24
48 24 9
48 25 43
48 26 37
48 27 26
48 28 47
48 29 9
48 31 31
48 32 17
48 37 27
48 39 44
48 42 8
48 43 36
48 46 32
49 0 30
49 1 49
49 2 40
49 3 6
49 5 24
49 7 50
49 14 18
49 15 17
49 19 27
49 24 29
49 26 25
49 28 44
49 29 1
49 32 15
49 34 24
49 38 50
49 41 46
49 45 13
49 46 25
49 47 50
49 48 47
50 0 40
50 1 10
50 4 7
50 5 35
50 6 44
50 7 39
50 9 39
50 10 35
50 11 33
50 12 39
50 13 27
50 14 12
50 15 35
50 18 29
50 19 21
50 23 21
50 29 44
50 30 41
50 31 46
50 33 43
50 35 29
50 37 44
50 39 46
50 40 6
50 41 49
50 42 9
50 44 38
50 45 9
50 46 46
50 48 12
51 0 16
51 2 19
51 3 18
51 4 6
51 5 12
51 8 42
51 10 12
51 13 48
51 15 6
51 18 35
51 20 3
51 23 8
51 24 48
51 25 13
51 26 41
51 27 10
51 29 27
51 32 22
51 37 41
51 40 26
51 42 26
51 45 47
51 47 41
51 48 6
51 50 13
52 1 35
52 3 40
52 4 3
52 5 24
52 6 45
52 9 48
52 10 23
52 14 3
52 17 10
52 18 39
52 23 13
52 25 16
52 30 4
52 31 24
52 38 43
52 39 22
52 40 45
52 41 6
52 42 4
52 43 6
52 44 45
52 45 10
52 46 34
52 49 12
52 51 29
53 0 8
53 1 36
53 3 33
53 4 35
53 6 5
53 7 31
53 11 16
53 12 34
53 16 6
53 18 7
53 21 32
53 24 20
53 25 46
53 27 8
53 29 4
53 30 13
53 31 30
53 32 1
53 33 44
53 44 3
53 45 40
53 47 19
53 50 50
53 51 27
53 52 6
54 2 26
54 8 19
54 9 1
54 14 28
54 16 15
54 17 42
54 18 1
54 19 15
54 22 8
54 24 6
54 25 49
54 30 38
54 31 13
54 32 42
54 34 48
54 36 39
54 38 21
54 41 34
54 45 26
54 47 41
54 48 32
54 53 35
55 0 40
55 1 38
55 2 32
55 3 35
55 4 8
55 6 9
55 8 10
55 11 46
55 12 11
55 15 20
55 16 47
55 17 48
55 19 19
55 20 8
55 21 35
55 22 16
55 24 7
55 25 36
55 27 48
55 31 7
55 34 2
55 35 32
55 38 21
55 39 34
55 40 48
55 42 33
55 44 21
55 45 15
55 47 9
55 49 30
55 52 21
55 54 35
56 0 15
56 1 44
56 2 40
56 3 40
56 4 48
56 5 47
56 8 40
56 9 44
56 10 30
56 11 7
56 18 23
56 19 8
56 21 36
56 22 37
56 23 24
56 24 43
56 25 43
56 27 10
56 28 16
56 30 11
56 34 31
56 37 49
56 38 21
56 40 50
56 43 22
56 46 12
56 48 46
56 51 21
56 52 30
56 55 19
57 2 33
57 3 42
57 4 22
57 6 39
57 8 13
57 10 4
57 11 45
57 16 19
57 18 26
57 19 42
57 21 4
57 22 44
57 24 4
57 25 28
57 26 47
57 27 15
57 29 34
57 30 23
57 31 2
57 33 24
57 34 40
57 37 26
57 41 35
57 43 9
57 45 50
57 47 26
57 54 46
57 56 7
58 0 3
58 3 17
58 4 41
58 5 2
58 7 38
58 8 37
58 11 41
58 14 37
58 15 44
58 16 1
58 18 6
58 20 42
58 21 40
58 22 17
58 24 28
58 25 30
58 26 38
58 27 8
58 33 24
58 34 46
58 35 23
58 37 49
58 38 38
58 39 50
58 40 48
58 43 44
58 44 37
58 45 18
58 46 7
58 50 20
58 51 33
59 1 50
59 2 12
59 3 31
59 4 39
59 5 10
59 6 13
59 9 12
59 11 17
59 13 18
59 14 42
59 15 13
59 20 2
59 21 40
59 25 9
59 26 38
59 27 10
59 29 37
59 39 4
59 40 34
59 41 4
59 42 19
59 44 39
59 45 25
59 49 48
59 50 50
59 51 44
59 52 7
59 53 50
59 55 4
59 57 15
60 1 4
60 2 33
60 6 4
60 8 10
60 13 50
60 16 6
60 22 25
60 23 2
60 24 10
60 25 14
60 26 25
60 28 27
60 29 5
60 31 15
60 36 44
60 37 43
60 39 41
60 43 26
60 44 30
60 45 43
60 46 13
60 48 20
60 49 9
60 53 46
60 57 14
60 59 1
61 0 14
61 1 32
61 7 25
61 9 41
61 10 40
61 11 40
61 12 41
61 15 21
61 16 8
61 19 17
61 20 28
61 21 39
61 22 1
61 24 17
61 25 33
61 30 40
61 31 32
61 32 12
61 34 33
61 36 13
61 37 30
61 38 40
61 41 44
61 45 37
61 46 34
61 49 21
61 51 43
61 52 40
61 54 22
61 55 37
61 56 13
61 57 48
61 58 38
61 59 22
61 60 27
62 1 2
62 2 10
62 3 37
62 5 41
62 7 20
62 9 8
62 10 39
62 16 9
62 17 38
62 23 17
62 24 50
62 25 17
62 27 4
62 29 13
62 30 40
62 31 33
62 35 4
62 38 1
62 39 12
62 40 41
62 42 32
62 43 37
62 44 17
62 46 42
62 47 12
62 48 19
62 49 44
62 52 49
62 54 15
62 58 27
62 59 33
62 61 33
63 1 32
63 3 40
63 4 27
63 6 29
63 7 15
63 8 38
63 9 30
63 12 46
63 14 32
63 16 32
63 17 19
63 18 30
63 19 40
63 20 20
63 21 47
63 23 8
63 26 44
63 29 10
63 30 16
63 32 17
63 33 26
63 34 49
63 35 44
63 37 41
63 38 6
63 41 50
63 42 47
63 43 7
63 44 3
63 47 10
63 48 18
63 49 6
63 52 26
63 53 6
63 54 41
63 55 39
63 56 31
63 57 37
63 58 32
63 59 48
63 60 5
63 61 48
64 0 26
64 2 17
64 3 12
64 4 22
64 7 43
64 9 33
64 11 45
64 13 34
64 17 3
64 18 30
64 20 7
64 21 41
64 22 43
64 24 48
64 25 3
64 27 49
64 29 43
64 30 43
64 31 39
64 34 28
64 35 50
64 36 33
64 37 48
64 38 27
64 41 49
64 42 16
64 43 10
64 45 9
64 47 28
64 48 49
64 49 29
64 50 29
64 51 7
64 58 14
64 59 46
64 61 5
64 62 38
64 63 40
65 1 5
65 4 7
65 6 9
65 7 42
65 10 41
65 11 37
65 12 40
65 14 28
65 15 31
65 16 40
65 19 17
65 22 40
65 23 36
65 24 24
65 29 14
65 33 12
65 35 24
65 39 27
65 40 11
65 43 48
65 44 30
65 46 32
65 47 41
65 50 40
65 51 26
65 52 16
65 53 2
65 55 48
65 56 25
65 57 23
65 58 9
65 59 44
65 60 35
65 61 15
65 62 48
65 63 38
65 64 27
66 0 36
66 1 5
66 3 4
66 4 4
66 9 33
66 10 26
66 13 38
66 14 18
66 15 21
66 17 34
66 18 21
66 19 46
66 21 21
66 22 4
66 24 5
66 26 21
66 29 23
66 30 46
66 31 28
66 32 41
66 34 4
66 35 6
66 36 36
66 37 44
66 38 38
66 42 43
66 43 17
66 44 33
66 45 45
66 47 48
66 48 6
66 51 29
66 56 2
66 58 15
66 59 50
66 61 48
66 63 30
66 64 18
66 65 31
67 1 39
67 3 24
67 5 50
67 6 37
67 7 34
67 8 45
67 11 34
67 12 24
67 14 16
67 18 36
67 19 33
67 24 19
67 25 31
67 27 46
67 29 39
67 31 35
67 32 5
67 33 27
67 34 44
67 35 7
67 36 29
67 37 30
67 38 16
67 40 47
67 42 22
67 44 36
67 45 16
67 53 8
67 54 10
67 55 10
67 56 7
67 57 10
67 58 16
67 59 14
67 61 36
67 62 41
67 63 45
67 64 21
67 65 11
68 0 31
68 3 45
68 4 18
68 7 10
68 8 38
68 11 38
68 12 26
68 13 21
68 15 30
68 16 34
68 17 46
68 19 40
68 20 35
68 22 24
68 23 15
68 25 7
68 29 27
68 30 30
68 31 45
68 34 26
68 35 31
68 36 38
68 37 7
68 41 2
68 42 5
68 44 13
68 47 16
68 51 40
68 52 6
68 53 26
68 54 38
68 57 37
68 58 6
68 60 43
68 65 50
68 66 21
69 2 34
69 7 20
69 9 37
69 10 27
69 11 4
69 13 23
69 14 32
69 19 5
69 20 47
69 21 4
69 24 17
69 26 10
69 27 13
69 30 36
69 31 17
69 33 38
69 34 26
69 36 43
69 38 21
69 39 49
69 43 42
69 44 28
69 45 32
69 47 37
69 49 12
69 50 5
69 51 29
69 52 27
69 53 11
69 57 1
69 58 27
69 61 18
69 62 48
69 64 50
69 66 46
69 68 10
70 1 15
70 2 1
70 3 30
70 4 3
70 9 22
70 12 26
70 13 44
70 14 17
70 17 41
70 21 5
70 22 22
70 23 30
70 24 38
70 26 50
70 28 16
70 31 13
70 36 27
70 37 17
70 38 5
70 40 13
70 42 31
70 44 34
70 45 31
70 47 27
70 49 43
70 50 35
70 51 15
70 52 37
70 53 16
70 56 35
70 57 9
70 58 2
70 62 25
70 63 11
70 65 18
70 68 11
70 69 30
71 0 28
71 1 22
71 3 37
71 4 45
71 5 6
71 6 5
71 7 11
71 13 8
71 14 41
71 15 23
71 16 43
71 17 22
71 18 19
71 19 39
71 21 32
71 22 27
71 25 31
71 26 5
71 28 49
71 29 47
71 31 34
71 32 43
71 34 3
71 35 32
71 36 24
71 37 19
71 39 43
71 42 7
71 43 4
71 44 35
71 45 19
71 46 4
71 48 9
71 51 36
71 53 32
71 54 24
71 55 9
71 56 4
71 57 17
71 65 12
71 68 25
71 69 35
72 3 40
72 4 27
72 5 43
72 6 46
72 7 47
72 12 2
72 14 40
72 16 39
72 17 35
72 22 48
72 23 30
72 32 15
72 33 24
72 34 15
72 35 31
72 39 48
72 40 28
72 41 17
72 42 27
72 45 9
72 46 39
72 47 24
72 48 17
72 49 47
72 50 30
72 51 11
72 56 21
72 59 13
72 60 43
72 61 15
72 62 39
72 63 47
72 65 25
72 67 19
72 68 6
73 3 11
73 4 20
73 12 20
73 13 12
73 14 18
73 16 43
73 17 50
73 18 6
73 25 21
73 27 6
73 29 50
73 30 44
73 35 31
73 36 11
73 37 37
73 38 41
73 42 7
73 46 9
73 48 15
73 51 47
73 52 3
73 53 44
73 54 43
73 55 28
73 56 11
73 57 27
73 61 46
73 62 12
73 63 36
73 64 32
73 65 1
73 68 40
74 0 6
74 1 19
74 2 34
74 3 4
74 4 50
74 5 28
74 6 25
74 9 32
74 11 41
74 12 49
74 13 17
74 14 11
74 15 48
74 17 43
74 20 50
74 21 41
74 25 34
74 26 29
74 27 47
74 28 37
74 29 4
74 33 33
74 34 14
74 38 41
74 40 31
74 42 2
74 43 49
74 45 46
74 47 28
74 48 39
74 51 43
74 52 34
74 53 41
74 54 31
74 55 26
74 67 2
74 69 20
74 70 44
74 73 33
