70
1 0 27
2 0 15
2 1 83
3 2 54
4 2 73
5 1 51
5 3 47
5 4 46
6 2 30
7 6 99
8 2 1
8 4 97
8 5 32
8 6 73
9 0 2
9 3 15
9 6 64
9 7 53
9 8 93
10 0 92
10 1 11
10 2 44
10 4 85
10 7 61
10 8 86
11 0 35
11 1 8
11 5 53
11 7 73
11 9 90
11 10 6
12 1 69
12 7 94
12 9 68
12 10 81
12 11 95
13 0 81
13 1 27
13 4 56
13 5 16
13 6 45
13 10 43
13 11 2
14 0 81
14 6 4
15 0 14
15 1 87
15 2 72
15 4 58
15 5 51
15 9 45
15 10 10
15 11 50
15 12 81
15 13 84
16 0 81
16 1 68
16 2 18
16 4 21
16 6 21
16 7 38
16 11 47
16 13 57
17 0 51
17 1 43
17 2 8
17 5 86
17 7 21
17 9 50
17 10 90
17 11 67
17 13 92
17 15 63
18 0 4
18 1 75
18 2 29
18 4 91
18 7 97
18 8 32
18 9 54
18 11 74
18 12 62
18 13 74
18 15 29
18 17 36
19 3 3
19 4 48
19 6 51
19 8 2
19 9 63
19 10 59
19 13 54
19 14 66
19 15 60
19 16 93
20 1 45
20 3 42
20 5 4
20 11 57
20 12 7
20 13 87
20 14 71
20 15 34
20 17 32
20 18 64
21 0 31
21 1 42
21 8 65
21 9 100
21 10 36
21 13 64
21 14 89
21 15 84
21 16 45
21 17 97
21 18 62
21 19 61
22 1 40
22 2 27
22 4 56
22 5 46
22 7 89
22 8 13
22 10 17
22 12 1
22 14 49
22 20 68
22 21 62
23 0 4
23 2 30
23 3 74
23 4 5
23 10 33
23 12 22
23 13 72
23 16 46
23 17 72
23 18 95
23 19 46
23 20 53
23 21 91
23 22 3
24 0 84
24 1 37
24 4 68
24 6 71
24 7 97
24 10 43
24 13 23
24 17 71
24 22 19
25 2 12
25 4 98
25 5 47
25 6 24
25 7 5
25 8 59
25 9 33
25 11 100
25 12 19
25 16 71
25 18 9
25 19 84
26 0 55
26 4 53
26 5 30
26 6 80
26 7 43
26 9 11
26 10 92
26 14 48
26 17 36
26 20 64
26 21 49
26 22 97
26 25 10
27 0 6
27 2 58
27 3 3
27 6 24
27 10 52
27 12 27
27 15 60
27 18 80
27 19 52
27 20 28
27 23 94
27 24 100
27 25 1
27 26 26
28 1 58
28 3 65
28 4 77
28 8 75
28 10 54
28 14 43
28 15 17
28 20 44
28 22 45
28 23 9
28 24 60
28 25 47
29 0 29
29 3 41
29 4 13
29 5 38
29 6 7
29 7 12
29 8 50
29 9 11
29 10 99
29 11 26
29 12 84
29 13 51
29 15 73
29 17 33
29 20 34
29 21 4
29 22 33
29 23 20
29 24 2
29 25 34
29 27 99
29 28 70
30 0 88
30 1 3
30 2 69
30 3 6
30 4 16
30 8 79
30 9 91
30 11 24
30 12 92
30 14 20
30 15 61
30 17 15
30 22 44
30 24 84
30 25 25
30 29 72
31 1 95
31 3 10
31 5 71
31 6 75
31 7 80
31 9 32
31 14 48
31 15 49
31 17 100
31 19 52
31 20 79
31 21 70
31 24 22
31 26 80
31 27 56
31 29 60
32 1 96
32 2 25
32 3 18
32 4 93
32 6 87
32 7 1
32 9 82
32 10 99
32 11 58
32 16 46
32 19 20
32 22 99
32 24 77
32 26 91
32 28 27
32 29 27
33 4 30
33 5 56
33 7 26
33 8 25
33 12 7
33 13 62
33 14 4
33 16 66
33 18 36
33 19 32
33 24 81
33 29 27
33 30 29
33 31 78
33 32 19
34 2 4
34 4 20
34 8 90
34 10 1
34 11 99
34 12 62
34 13 89
34 16 37
34 21 28
34 23 43
34 24 41
34 25 10
34 26 87
34 27 15
34 28 31
34 31 10
34 32 57
35 0 69
35 4 20
35 6 86
35 9 60
35 11 50
35 14 3
35 15 100
35 19 13
35 23 80
35 27 22
35 30 84
35 31 84
35 33 16
35 34 57
36 0 9
36 1 3
36 3 98
36 5 71
36 8 75
36 10 12
36 11 84
36 13 75
36 14 19
36 15 47
36 16 19
36 21 36
36 23 3
36 24 5
36 26 82
36 28 99
36 29 50
36 32 66
36 33 58
36 34 56
36 35 71
37 0 60
37 1 75
37 2 32
37 3 42
37 6 12
37 7 43
37 9 4
37 12 82
37 13 59
37 14 52
37 17 89
37 18 29
37 19 45
37 20 29
37 23 17
37 24 33
37 27 11
37 28 21
37 29 4
37 33 25
38 0 12
38 1 4
38 2 77
38 3 81
38 4 20
38 6 86
38 9 75
38 10 42
38 12 35
38 16 70
38 18 5
38 20 23
38 22 14
38 23 59
38 24 60
38 26 87
38 27 38
38 28 8
38 29 33
38 31 59
39 1 57
39 3 93
39 4 25
39 5 37
39 6 23
39 11 21
39 15 35
39 19 74
39 20 83
39 22 91
39 24 17
39 26 86
39 27 13
39 30 6
39 31 1
39 32 71
39 34 42
40 5 59
40 6 78
40 8 9
40 9 2
40 10 61
40 11 55
40 12 49
40 13 26
40 14 44
40 15 20
40 19 54
40 20 95
40 21 79
40 26 18
40 28 85
40 29 35
40 31 11
40 32 74
40 34 51
40 35 44
40 36 86
40 37 22
40 39 71
41 0 45
41 1 68
41 2 45
41 3 82
41 4 38
41 8 35
41 10 95
41 12 47
41 13 18
41 14 4
41 15 46
41 17 64
41 22 63
41 26 77
41 27 10
41 28 27
41 30 93
41 33 34
41 37 37
41 38 23
41 40 62
42 1 69
42 3 29
42 4 16
42 5 93
42 6 96
42 7 34
42 10 57
42 11 63
42 12 23
42 14 69
42 15 62
42 16 73
42 17 51
42 21 57
42 23 78
42 29 85
42 31 100
42 32 73
42 34 54
42 37 9
42 39 96
42 41 65
43 2 40
43 3 69
43 11 10
43 12 55
43 14 70
43 16 60
43 17 45
43 18 26
43 19 63
43 20 55
43 24 62
43 25 12
43 26 52
43 29 47
43 30 95
43 32 81
43 35 13
43 39 75
43 40 19
43 42 39
44 0 80
44 1 39
44 2 35
44 3 33
44 4 86
44 5 24
44 7 69
44 8 5
44 9 9
44 15 31
44 16 97
44 18 12
44 20 44
44 22 7
44 23 91
44 26 43
44 29 74
44 30 57
44 31 15
44 33 44
44 36 23
44 39 7
44 42 13
44 43 19
45 1 19
45 2 59
45 3 69
45 4 11
45 5 78
45 6 60
45 8 66
45 11 70
45 12 63
45 21 70
45 25 4
45 26 37
45 28 4
45 29 2
45 33 12
45 36 11
45 40 21
45 42 43
45 43 36
46 0 95
46 1 65
46 2 10
46 3 45
46 4 49
46 9 94
46 11 59
46 12 25
46 16 94
46 17 19
46 18 47
46 23 55
46 24 63
46 27 51
46 28 63
46 29 63
46 31 42
46 33 71
46 36 92
46 37 4
46 38 92
46 39 95
46 43 60
46 45 34
47 1 33
47 11 18
47 12 38
47 14 3
47 15 9
47 17 59
47 22 5
47 25 82
47 29 55
47 33 3
47 35 93
47 39 77
47 41 11
47 44 98
47 45 85
48 1 20
48 2 70
48 5 97
48 6 41
48 9 7
48 10 56
48 13 50
48 16 88
48 17 11
48 19 56
48 20 21
48 23 51
48 25 8
48 31 85
48 32 46
48 33 4
48 34 45
48 35 27
48 36 43
48 40 89
48 41 41
48 42 76
48 45 76
48 46 100
49 0 17
49 2 77
49 7 14
49 8 94
49 11 79
49 12 30
49 19 35
49 20 93
49 21 16
49 22 89
49 23 90
49 30 52
49 31 17
49 32 61
49 33 53
49 36 37
49 37 77
49 40 42
49 42 94
50 0 59
50 3 44
50 4 20
50 6 6
50 8 22
50 10 66
50 11 35
50 12 66
50 16 47
50 17 92
50 20 27
50 21 93
50 22 62
50 23 18
50 24 7
50 25 68
50 27 72
50 28 39
50 29 43
50 31 27
50 33 9
50 36 95
50 38 18
50 40 54
50 41 60
50 42 67
50 44 21
50 46 73
50 47 20
51 2 53
51 4 13
51 6 15
51 7 22
51 9 61
51 13 68
51 17 81
51 18 26
51 25 18
51 28 74
51 29 28
51 31 56
51 38 51
51 43 8
51 46 67
51 47 65
51 48 76
51 50 8
52 0 59
52 1 79
52 3 15
52 4 88
52 6 40
52 7 10
52 8 67
52 10 62
52 12 75
52 13 18
52 14 79
52 16 50
52 22 64
52 23 31
52 27 62
52 28 24
52 29 85
52 30 62
52 31 88
52 32 94
52 33 21
52 34 89
52 38 69
52 39 30
52 43 26
52 44 84
52 45 82
52 46 30
52 49 22
53 1 29
53 3 9
53 9 27
53 13 100
53 19 52
53 20 89
53 22 89
53 24 26
53 25 1
53 27 38
53 29 22
53 33 10
53 35 59
53 38 81
53 41 60
53 42 13
53 44 55
53 45 12
53 48 89
53 49 24
53 50 86
54 0 36
54 1 6
54 2 59
54 4 53
54 5 36
54 6 95
54 7 70
54 9 59
54 10 30
54 11 9
54 13 1
54 14 35
54 19 64
54 20 75
54 21 36
54 24 18
54 26 73
54 27 24
54 31 99
54 32 38
54 33 64
54 34 33
54 35 91
54 37 43
54 38 19
54 42 92
54 45 74
54 47 1
54 50 58
54 53 73
55 0 38
55 1 67
55 2 12
55 3 16
55 4 97
55 5 82
55 9 37
55 12 63
55 13 76
55 14 1
55 15 13
55 17 7
55 19 75
55 24 41
55 30 18
55 34 12
55 35 13
55 37 62
55 41 56
55 43 51
55 46 61
55 50 18
55 51 1
55 52 42
55 53 51
55 54 60
56 0 22
56 2 60
56 3 32
56 4 71
56 7 5
56 10 99
56 11 24
56 13 6
56 15 76
56 16 19
56 17 83
56 19 44
56 21 92
56 24 94
56 29 12
56 30 30
56 31 47
56 34 69
56 35 44
56 36 46
56 38 5
56 42 9
56 43 46
56 44 35
56 48 82
56 49 88
56 51 82
56 52 100
57 3 40
57 4 50
57 5 3
57 7 93
57 8 12
57 10 64
57 13 28
57 14 46
57 15 80
57 18 79
57 21 20
57 23 13
57 24 18
57 26 98
57 27 24
57 28 48
57 29 82
57 30 25
57 34 41
57 36 34
57 37 25
57 43 4
57 45 55
57 52 45
57 53 18
57 54 20
57 55 41
58 3 80
58 5 6
58 7 40
58 8 73
58 11 25
58 12 20
58 13 43
58 15 88
58 20 21
58 21 59
58 23 40
58 24 26
58 25 28
58 28 51
58 34 63
58 35 59
58 37 11
58 39 16
58 42 43
58 44 52
58 45 82
58 49 68
58 50 66
58 52 34
58 53 26
58 54 71
59 0 64
59 2 53
59 4 64
59 6 52
59 9 44
59 12 25
59 15 12
59 16 5
59 17 8
59 19 47
59 20 81
59 25 10
59 26 1
59 27 41
59 28 14
59 29 70
59 30 100
59 31 15
59 32 65
59 33 72
59 37 97
59 38 65
59 40 43
59 42 76
59 44 70
59 48 91
59 50 93
59 51 6
59 54 56
59 56 41
59 57 36
60 0 65
60 1 91
60 2 11
60 4 12
60 6 16
60 11 30
60 12 100
60 16 17
60 17 6
60 18 45
60 19 63
60 22 8
60 25 46
60 27 99
60 29 86
60 31 68
60 32 66
60 33 1
60 34 34
60 38 20
60 39 32
60 40 70
60 43 56
60 44 59
60 45 16
60 46 79
60 47 14
60 49 99
60 53 90
60 54 51
60 55 65
60 56 91
60 58 82
61 3 10
61 9 87
61 10 48
61 12 34
61 14 48
61 16 51
61 17 50
61 19 87
61 20 43
61 26 60
61 27 82
61 28 90
61 31 97
61 33 78
61 36 13
61 37 12
61 38 32
61 39 54
61 42 17
61 46 57
61 47 24
61 48 39
61 51 4
61 53 39
61 56 36
61 58 76
61 59 17
61 60 54
62 0 4
62 6 37
62 8 33
62 9 15
62 10 84
62 12 56
62 13 40
62 14 37
62 16 49
62 17 60
62 20 45
62 23 80
62 26 36
62 28 40
62 29 46
62 31 6
62 34 42
62 36 91
62 37 72
62 40 18
62 45 64
62 46 92
62 48 94
62 49 57
62 50 72
62 51 67
62 61 74
63 0 64
63 1 4
63 4 64
63 6 9
63 7 22
63 8 49
63 10 90
63 11 9
63 12 42
63 13 25
63 14 46
63 16 62
63 27 47
63 28 1
63 30 82
63 31 27
63 33 56
63 34 91
63 36 36
63 37 48
63 39 64
63 40 94
63 41 15
63 42 12
63 43 12
63 46 65
63 48 74
63 49 97
63 51 51
63 52 26
63 53 18
63 60 90
63 61 20
63 62 7
64 4 81
64 5 78
64 9 90
64 11 10
64 14 23
64 15 87
64 16 53
64 17 6
64 18 62
64 19 64
64 22 87
64 24 56
64 25 27
64 28 75
64 31 82
64 32 91
64 35 69
64 36 33
64 37 1
64 39 94
64 40 11
64 41 57
64 42 86
64 45 93
64 46 98
64 48 84
64 49 15
64 50 70
64 55 70
64 57 58
64 59 4
64 62 91
64 63 82
65 0 24
65 1 89
65 3 12
65 4 13
65 13 46
65 15 91
65 18 83
65 19 76
65 20 22
65 23 28
65 24 34
65 28 68
65 29 10
65 30 61
65 33 86
65 34 71
65 36 25
65 37 92
65 38 39
65 39 51
65 40 18
65 41 17
65 43 38
65 44 91
65 45 45
65 46 42
65 47 73
65 48 72
65 49 9
65 52 65
65 55 71
65 56 50
65 60 12
65 61 9
65 64 27
66 3 87
66 4 20
66 5 31
66 6 23
66 10 90
66 13 43
66 18 82
66 19 39
66 22 25
66 25 51
66 26 74
66 30 77
66 33 80
66 37 36
66 39 61
66 44 22
66 53 22
66 55 11
66 58 58
66 60 33
66 61 60
66 62 41
66 63 59
66 65 95
67 4 66
67 5 43
67 7 22
67 8 13
67 10 10
67 12 42
67 18 57
67 19 86
67 22 75
67 25 67
67 26 68
67 28 66
67 31 14
67 33 82
67 34 49
67 37 99
67 40 29
67 45 64
67 46 37
67 48 12
67 51 15
67 52 69
67 53 64
67 56 44
67 57 78
67 58 46
67 62 58
67 65 60
68 1 87
68 3 41
68 4 54
68 6 36
68 7 56
68 8 3
68 9 40
68 12 92
68 13 45
68 14 94
68 15 77
68 17 38
68 18 73
68 19 42
68 20 66
68 21 54
68 24 67
68 27 1
68 29 36
68 32 35
68 35 69
68 38 26
68 40 42
68 41 88
68 42 6
68 43 74
68 44 7
68 46 14
68 47 58
68 50 57
68 51 14
68 52 17
68 53 91
68 56 97
68 58 49
68 59 87
68 62 68
68 63 19
68 65 99
68 67 3
69 0 34
69 3 44
69 4 16
69 5 91
69 8 71
69 9 66
69 13 37
69 14 52
69 15 89
69 17 53
69 19 18
69 26 88
69 28 37
69 29 42
69 30 49
69 32 78
69 37 29
69 38 24
69 39 94
69 40 100
69 43 1
69 44 70
69 45 32
69 48 26
69 49 84
69 50 52
69 51 88
69 52 73
69 54 93
69 56 16
69 63 6
69 64 93
