35
1 0 2
2 0 23
3 1 31
4 0 16
5 0 14
5 1 8
5 2 24
6 0 19
6 1 26
7 4 50
7 5 46
7 6 46
8 0 7
8 2 37
8 3 37
8 4 5
8 5 13
8 7 2
9 1 17
9 2 41
9 3 46
9 4 16
9 6 11
10 0 34
10 2 16
10 6 18
10 7 24
11 1 20
11 2 25
11 5 10
11 6 19
11 8 10
11 10 50
12 0 17
12 2 23
12 6 17
13 1 49
13 4 31
13 6 42
13 8 5
13 10 6
13 12 5
14 0 50
14 1 5
14 3 14
14 4 11
14 5 17
14 6 12
14 8 10
14 9 9
14 10 46
14 12 35
14 13 49
15 3 9
15 9 27
15 10 45
15 11 31
15 12 46
15 13 13
15 14 25
16 0 43
16 2 25
16 5 19
16 11 47
16 12 19
16 13 47
16 14 25
16 15 42
17 2 21
17 9 46
17 10 32
17 11 31
17 16 50
18 0 37
18 1 45
18 4 32
18 5 34
18 6 28
18 12 22
18 13 1
18 16 27
19 2 24
19 3 19
19 4 44
19 5 17
19 6 18
19 9 37
19 10 3
19 11 24
19 17 14
19 18 22
20 1 9
20 5 31
20 6 21
20 8 23
20 11 40
20 13 30
20 14 9
20 15 35
20 17 41
20 18 26
20 19 1
21 1 49
21 2 12
21 3 31
21 4 41
21 5 45
21 6 11
21 10 43
21 14 6
21 15 49
21 16 12
21 20 41
22 5 18
22 6 16
22 7 29
22 8 10
22 10 5
22 11 33
22 13 4
22 17 8
22 20 2
23 0 28
23 1 3
23 3 34
23 5 8
23 6 36
23 9 30
23 11 43
23 12 30
23 13 22
23 16 17
23 18 26
24 2 30
24 3 33
24 5 48
24 6 42
24 8 33
24 12 35
24 13 8
24 14 13
24 17 25
24 18 3
24 19 33
24 20 47
24 22 37
25 0 40
25 1 4
25 2 21
25 4 17
25 7 46
25 9 28
25 10 4
25 12 30
25 15 35
25 16 6
25 17 17
25 19 21
25 20 44
25 21 10
25 24 30
26 1 36
26 2 39
26 3 45
26 4 42
26 6 8
26 7 27
26 8 22
26 11 41
26 13 10
26 14 13
26 15 9
26 16 2
26 21 12
26 22 22
26 25 34
27 0 23
27 1 14
27 2 44
27 5 38
27 7 35
27 8 47
27 10 13
27 17 35
27 18 14
27 20 48
27 22 43
28 2 49
28 8 43
28 10 9
28 13 44
28 15 30
28 16 38
28 17 5
28 18 35
28 21 30
28 22 30
28 25 37
28 26 25
28 27 48
29 1 42
29 3 1
29 4 10
29 6 35
29 8 26
29 9 34
29 11 44
29 13 31
29 14 3
29 19 49
29 24 43
29 26 14
29 27 17
29 28 24
30 0 17
30 3 31
30 4 48
30 7 17
30 8 12
30 9 17
30 10 34
30 11 49
30 13 16
30 17 37
30 18 31
30 19 41
30 21 27
30 23 25
30 24 46
30 28 42
31 2 43
31 4 27
31 5 3
31 9 44
31 10 44
31 11 46
31 12 4
31 17 2
31 18 34
31 20 10
31 21 22
31 22 23
31 23 24
31 25 4
31 26 2
31 28 1
31 30 28
32 0 5
32 1 32
32 2 32
32 6 35
32 8 11
32 9 5
32 12 45
32 18 41
32 21 11
32 22 2
32 23 37
32 24 3
32 25 24
32 30 9
32 31 4
33 0 38
33 1 43
33 6 4
33 9 32
33 10 9
33 12 26
33 13 49
33 14 31
33 16 43
33 18 13
33 21 13
33 23 44
33 26 42
33 27 6
34 1 38
34 2 24
34 5 33
34 6 45
34 10 11
34 11 3
34 13 33
34 17 48
34 18 43
34 23 39
34 24 43
34 26 31
34 27 12
34 28 22
34 29 34
34 30 46
