45
1 0 34
2 1 36
4 0 26
4 1 73
4 2 81
4 3 61
5 1 52
5 3 39
6 1 100
6 2 42
6 3 41
7 1 96
7 2 14
7 3 34
7 4 19
7 6 79
8 0 34
8 1 65
8 2 33
8 4 92
8 5 62
8 6 93
8 7 72
9 0 90
9 3 10
9 5 32
9 7 98
9 8 8
10 1 41
10 2 35
10 3 53
10 4 30
10 5 73
10 6 12
10 8 5
10 9 73
11 0 62
11 2 89
11 3 19
11 8 15
11 9 90
12 0 13
12 1 7
12 2 60
12 4 75
12 5 23
12 7 39
12 8 38
12 9 12
12 10 7
13 0 87
13 1 33
13 2 81
13 4 93
13 6 69
13 8 19
13 10 40
13 12 87
14 0 81
14 2 7
14 3 31
14 5 17
14 8 81
14 9 21
14 10 71
14 11 38
14 12 21
15 3 37
15 4 57
15 6 18
15 7 38
15 11 22
15 12 56
16 2 83
16 3 69
16 4 39
16 5 91
16 7 23
16 9 69
16 12 87
16 13 42
16 15 78
17 0 13
17 2 64
17 3 99
17 4 73
17 5 38
17 6 2
17 8 9
17 9 54
17 10 65
17 11 54
17 14 93
17 16 6
18 1 41
18 2 83
18 5 8
18 6 97
18 9 39
18 13 32
18 14 19
18 16 13
19 3 91
19 5 63
19 6 57
19 8 25
19 10 96
19 12 22
19 13 66
19 15 96
19 16 17
20 1 14
20 2 93
20 3 64
20 4 63
20 7 11
20 9 83
20 10 18
20 12 47
20 13 24
20 15 21
20 19 94
21 1 33
21 3 65
21 4 34
21 5 44
21 9 40
21 11 61
21 12 49
21 13 38
21 15 24
21 16 98
21 17 100
21 20 83
22 2 96
22 3 86
22 4 10
22 7 80
22 8 14
22 9 65
22 14 83
22 16 64
22 17 21
22 20 93
23 1 85
23 2 20
23 3 48
23 4 9
23 5 41
23 6 95
23 9 38
23 10 6
23 12 18
23 13 58
23 15 80
23 16 75
23 17 39
23 20 38
23 22 83
24 0 24
24 5 63
24 6 29
24 7 19
24 8 70
24 10 51
24 11 51
24 12 22
24 14 99
24 16 7
24 17 31
24 20 18
24 22 34
24 23 99
25 2 51
25 3 78
25 4 58
25 6 34
25 7 64
25 8 79
25 9 80
25 11 4
25 12 30
25 14 92
25 15 62
25 16 77
25 17 67
25 19 84
25 20 51
25 21 36
25 24 2
26 0 100
26 1 66
26 2 47
26 5 41
26 9 33
26 10 78
26 13 58
26 15 98
26 16 92
26 17 52
26 18 40
26 20 47
26 21 32
26 23 41
27 0 21
27 3 64
27 4 97
27 6 47
27 7 27
27 9 28
27 12 78
27 15 55
27 20 74
27 21 69
27 22 65
27 24 1
27 25 79
27 26 67
28 1 93
28 3 39
28 7 26
28 9 15
28 11 27
28 12 79
28 18 51
28 19 30
28 20 99
28 22 86
28 23 82
28 26 80
28 27 66
29 0 67
29 7 58
29 9 81
29 10 59
29 11 37
29 12 74
29 16 62
29 17 52
29 20 76
29 22 25
29 26 24
29 27 93
29 28 95
30 0 84
30 5 59
30 6 67
30 7 56
30 10 64
30 11 96
30 12 26
30 14 20
30 17 24
30 22 99
30 23 29
30 24 70
30 25 40
30 28 95
31 2 90
31 4 75
31 5 87
31 6 65
31 7 88
31 8 39
31 9 55
31 10 70
31 11 47
31 13 41
31 14 38
31 15 83
31 16 68
31 17 85
31 18 1
31 20 83
31 21 53
31 22 36
31 28 44
31 30 23
32 2 46
32 3 31
32 4 66
32 7 66
32 9 30
32 11 77
32 12 73
32 13 90
32 15 32
32 16 22
32 17 80
32 19 69
32 20 31
32 22 56
32 23 13
32 25 13
32 26 84
32 27 15
32 29 90
32 30 93
32 31 49
33 3 60
33 7 98
33 10 71
33 11 58
33 12 57
33 13 2
33 15 30
33 16 86
33 17 91
33 18 65
33 19 32
33 21 8
33 22 57
33 23 72
33 25 33
33 27 53
33 31 35
33 32 19
34 2 88
34 7 10
34 13 68
34 15 100
34 17 70
34 18 45
34 19 33
34 20 26
34 24 90
34 25 74
34 26 52
34 28 70
34 29 38
34 31 28
35 0 90
35 5 65
35 10 87
35 11 89
35 12 70
35 13 47
35 14 58
35 15 59
35 18 9
35 19 30
35 24 42
35 25 77
35 29 71
35 32 61
35 33 30
35 34 40
36 1 31
36 5 73
36 6 47
36 8 71
36 12 98
36 13 40
36 14 21
36 16 83
36 19 86
36 23 75
36 24 45
36 25 46
36 26 49
36 27 78
36 28 22
36 29 34
36 30 86
36 35 94
37 0 18
37 4 55
37 5 44
37 6 36
37 9 17
37 10 75
37 13 31
37 15 74
37 22 9
37 25 6
37 26 68
37 27 98
37 28 75
37 30 86
37 33 1
38 0 87
38 1 34
38 3 98
38 6 63
38 7 46
38 8 85
38 9 99
38 10 3
38 11 56
38 12 34
38 13 91
38 15 50
38 16 30
38 18 56
38 19 24
38 23 22
38 26 17
38 27 98
38 28 85
38 29 11
38 31 58
38 33 95
38 37 65
39 0 87
39 1 48
39 5 79
39 6 36
39 8 22
39 9 59
39 12 82
39 14 75
39 17 29
39 18 43
39 19 20
39 21 67
39 24 97
39 30 94
39 32 29
39 33 71
39 35 40
39 36 14
40 0 18
40 2 85
40 3 8
40 4 45
40 6 54
40 8 55
40 9 57
40 11 72
40 13 65
40 14 25
40 16 22
40 17 37
40 19 21
40 23 3
40 24 92
40 26 68
40 28 20
40 30 11
40 32 59
40 34 56
40 35 87
40 36 56
40 37 95
40 39 86
41 2 97
41 3 79
41 4 24
41 5 78
41 6 83
41 7 3
41 9 97
41 10 64
41 13 97
41 14 23
41 15 17
41 17 92
41 18 29
41 20 6
41 21 23
41 22 91
41 24 26
41 26 7
41 28 61
41 30 57
41 33 47
41 34 19
41 35 88
41 36 75
41 38 100
41 39 60
42 0 84
42 7 92
42 8 60
42 9 55
42 10 56
42 11 99
42 12 25
42 17 64
42 18 68
42 23 27
42 26 79
42 28 62
42 29 65
42 30 96
42 33 13
42 34 89
42 35 94
42 36 44
42 37 1
42 40 64
42 41 55
43 0 26
43 1 53
43 3 53
43 7 35
43 10 81
43 11 65
43 12 94
43 13 17
43 14 49
43 15 31
43 20 10
43 21 77
43 22 86
43 23 55
43 26 59
43 28 8
43 30 69
43 32 54
43 36 59
43 37 25
43 38 31
43 39 10
43 40 72
43 41 95
43 42 67
44 1 28
44 2 96
44 6 74
44 10 91
44 15 44
44 16 17
44 17 43
44 20 43
44 21 97
44 23 34
44 24 67
44 25 43
44 27 26
44 29 63
44 30 50
44 32 88
44 33 2
44 34 29
44 36 27
44 39 86
44 40 89
44 42 18
