65
1 0 7
2 0 9
2 1 4
3 0 9
3 1 8
3 2 1
4 0 6
4 1 10
4 2 2
4 3 7
5 0 4
5 1 6
5 2 6
5 3 2
5 4 7
6 0 4
6 1 3
6 2 6
6 3 4
6 4 6
6 5 1
7 0 7
7 1 4
7 2 10
7 3 10
7 4 5
7 5 6
7 6 3
8 0 10
8 1 8
8 2 5
8 3 7
8 4 7
8 5 1
8 6 5
8 7 10
9 0 2
9 1 3
9 2 5
9 3 10
9 4 4
9 5 8
9 6 8
9 7 4
9 8 7
10 0 8
10 1 5
10 2 5
10 3 8
10 4 1
10 5 2
10 6 2
10 7 3
10 8 6
10 9 5
11 0 8
11 1 3
11 2 5
11 3 4
11 4 3
11 5 9
11 6 2
11 7 5
11 8 3
11 9 7
11 10 7
12 0 5
12 1 9
12 2 7
12 3 10
12 4 5
12 5 1
12 6 6
12 7 10
12 8 10
12 9 6
12 10 6
12 11 7
13 0 10
13 1 2
13 2 10
13 3 4
13 4 10
13 5 5
13 6 9
13 7 5
13 8 2
13 9 2
13 10 3
13 11 10
13 12 2
14 0 10
14 1 2
14 2 7
14 3 5
14 4 5
14 5 3
14 6 4
14 7 10
14 8 8
14 9 4
14 10 3
14 11 9
14 12 9
14 13 1
15 0 2
15 1 9
15 2 6
15 3 1
15 4 1
15 5 5
15 6 9
15 7 4
15 8 7
15 9 3
15 10 6
15 11 1
15 12 4
15 13 8
15 14 3
16 0 4
16 1 10
16 2 9
16 3 2
16 4 6
16 5 2
16 6 3
16 7 5
16 8 4
16 9 3
16 10 8
16 11 7
16 12 3
16 13 10
16 14 9
16 15 2
17 0 6
17 1 6
17 2 4
17 3 6
17 4 7
17 5 9
17 6 5
17 7 2
17 8 10
17 9 6
17 10 9
17 11 4
17 12 10
17 13 3
17 14 4
17 15 10
17 16 9
18 0 9
18 1 3
18 2 1
18 3 8
18 4 8
18 5 1
18 6 7
18 7 9
18 8 7
18 9 4
18 10 8
18 11 3
18 12 2
18 13 4
18 14 9
18 15 4
18 16 3
18 17 3
19 0 1
19 1 2
19 2 9
19 3 6
19 4 2
19 5 4
19 6 4
19 7 2
19 8 4
19 9 3
19 10 3
19 11 7
19 12 9
19 13 9
19 14 4
19 15 8
19 16 10
19 17 8
19 18 2
20 0 9
20 1 4
20 2 10
20 3 2
20 4 3
20 5 7
20 6 7
20 7 3
20 8 8
20 9 9
20 10 7
20 11 9
20 12 8
20 13 2
20 14 3
20 15 4
20 16 6
20 17 5
20 18 7
20 19 4
21 0 5
21 1 8
21 2 6
21 3 7
21 4 8
21 5 6
21 6 4
21 7 6
21 8 10
21 9 6
21 10 4
21 11 5
21 12 1
21 13 5
21 14 2
21 15 5
21 16 10
21 17 2
21 18 2
21 19 5
21 20 2
22 0 1
22 1 2
22 2 5
22 3 2
22 4 4
22 5 7
22 6 2
22 7 1
22 8 4
22 9 4
22 10 9
22 11 1
22 12 8
22 13 2
22 14 3
22 15 5
22 16 10
22 17 7
22 18 8
22 19 2
22 20 5
22 21 3
23 0 10
23 1 8
23 2 9
23 3 6
23 4 4
23 5 5
23 6 4
23 7 2
23 8 7
23 9 8
23 10 10
23 11 4
23 12 4
23 13 7
23 14 1
23 15 7
23 16 4
23 17 8
23 18 6
23 19 10
23 20 6
23 21 6
23 22 4
24 0 6
24 1 9
24 2 7
24 3 8
24 4 8
24 5 10
24 6 10
24 7 1
24 8 7
24 9 8
24 10 10
24 11 10
24 12 4
24 13 4
24 14 2
24 15 2
24 16 3
24 17 2
24 18 4
24 19 10
24 20 8
24 21 5
24 22 4
24 23 4
25 0 6
25 1 8
25 2 10
25 3 9
25 4 8
25 5 1
25 6 4
25 7 6
25 8 1
25 9 9
25 10 9
25 11 9
25 12 1
25 13 7
25 14 9
25 15 9
25 16 9
25 17 6
25 18 4
25 19 5
25 20 9
25 21 10
25 22 8
25 23 6
25 24 10
26 0 6
26 1 9
26 2 1
26 3 9
26 4 5
26 5 6
26 6 8
26 7 9
26 8 10
26 9 8
26 10 7
26 11 4
26 12 5
26 13 5
26 14 7
26 15 10
26 16 5
26 17 4
26 18 8
26 19 2
26 20 9
26 21 8
26 22 10
26 23 4
26 24 4
26 25 4
27 0 10
27 1 6
27 2 5
27 3 5
27 4 4
27 5 3
27 6 10
27 7 2
27 8 8
27 9 8
27 10 6
27 11 8
27 12 4
27 13 10
27 14 1
27 15 8
27 16 2
27 17 3
27 18 2
27 19 10
27 20 10
27 21 1
27 22 9
27 23 9
27 24 8
27 25 10
27 26 7
28 0 8
28 1 2
28 2 4
28 3 7
28 4 9
28 5 9
28 6 8
28 7 7
28 8 3
28 9 3
28 10 4
28 11 4
28 12 6
28 13 10
28 14 4
28 15 7
28 16 6
28 17 7
28 18 5
28 19 9
28 20 2
28 21 9
28 22 9
28 23 1
28 24 1
28 25 7
28 26 3
28 27 4
29 0 8
29 1 7
29 2 7
29 3 6
29 4 2
29 5 9
29 6 1
29 7 1
29 8 3
29 9 5
29 10 8
29 11 10
29 12 6
29 13 5
29 14 5
29 15 3
29 16 8
29 17 2
29 18 2
29 19 7
29 20 9
29 21 2
29 22 4
29 23 7
29 24 6
29 25 10
29 26 4
29 27 2
29 28 1
30 0 9
30 1 3
30 2 8
30 3 6
30 4 3
30 5 2
30 6 10
30 7 1
30 8 9
30 9 5
30 10 5
30 11 5
30 12 6
30 13 5
30 14 3
30 15 6
30 16 9
30 17 8
30 18 7
30 19 9
30 20 7
30 21 10
30 22 3
30 23 1
30 24 9
30 25 8
30 26 10
30 27 10
30 28 8
30 29 9
31 0 9
31 1 3
31 2 6
31 3 1
31 4 10
31 5 5
31 6 4
31 7 6
31 8 4
31 9 6
31 10 6
31 11 3
31 12 8
31 13 3
31 14 4
31 15 6
31 16 9
31 17 5
31 18 7
31 19 7
31 20 10
31 21 3
31 22 5
31 23 3
31 24 9
31 25 9
31 26 7
31 27 3
31 28 5
31 29 4
31 30 2
32 0 9
32 1 4
32 2 5
32 3 3
32 4 3
32 5 2
32 6 5
32 7 4
32 8 9
32 9 4
32 10 7
32 11 3
32 12 7
32 13 8
32 14 10
32 15 1
32 16 3
32 17 2
32 18 1
32 19 9
32 20 9
32 21 1
32 22 3
32 23 1
32 24 7
32 25 6
32 26 6
32 27 7
32 28 9
32 29 4
32 30 1
32 31 9
33 0 5
33 1 10
33 2 8
33 3 4
33 4 5
33 5 1
33 6 10
33 7 8
33 8 6
33 9 1
33 10 1
33 11 10
33 12 6
33 13 3
33 14 10
33 15 6
33 16 3
33 17 10
33 18 3
33 19 2
33 20 3
33 21 8
33 22 7
33 23 5
33 24 1
33 25 1
33 26 2
33 27 5
33 28 4
33 29 7
33 30 5
33 31 9
33 32 2
34 0 1
34 1 4
34 2 4
34 3 8
34 4 2
34 5 2
34 6 4
34 7 10
34 8 5
34 9 8
34 10 2
34 11 10
34 12 8
34 13 5
34 14 7
34 15 9
34 16 9
34 17 9
34 18 1
34 19 2
34 20 5
34 21 9
34 22 1
34 23 4
34 24 1
34 25 1
34 26 10
34 27 7
34 28 6
34 29 7
34 30 1
34 31 2
34 32 3
34 33 6
35 0 5
35 1 10
35 2 10
35 3 4
35 4 1
35 5 1
35 6 4
35 7 10
35 8 10
35 9 4
35 10 6
35 11 6
35 12 8
35 13 3
35 14 9
35 15 1
35 16 7
35 17 4
35 18 2
35 19 3
35 20 6
35 21 6
35 22 3
35 23 5
35 24 4
35 25 9
35 26 8
35 27 9
35 28 3
35 29 2
35 30 6
35 31 4
35 32 1
35 33 2
35 34 4
36 0 6
36 1 8
36 2 2
36 3 8
36 4 6
36 5 9
36 6 5
36 7 4
36 8 5
36 9 9
36 10 2
36 11 5
36 12 7
36 13 6
36 14 3
36 15 1
36 16 10
36 17 10
36 18 8
36 19 1
36 20 7
36 21 7
36 22 5
36 23 4
36 24 9
36 25 2
36 26 10
36 27 10
36 28 1
36 29 8
36 30 2
36 31 3
36 32 6
36 33 2
36 34 10
36 35 5
37 0 5
37 1 8
37 2 3
37 3 7
37 4 7
37 5 7
37 6 4
37 7 3
37 8 4
37 9 8
37 10 6
37 11 1
37 12 1
37 13 9
37 14 6
37 15 3
37 16 7
37 17 5
37 18 9
37 19 5
37 20 2
37 21 10
37 22 5
37 23 5
37 24 5
37 25 4
37 26 9
37 27 8
37 28 8
37 29 7
37 30 6
37 31 3
37 32 3
37 33 7
37 34 2
37 35 10
37 36 6
38 0 9
38 1 6
38 2 3
38 3 8
38 4 7
38 5 10
38 6 1
38 7 7
38 8 7
38 9 6
38 10 7
38 11 2
38 12 7
38 13 6
38 14 6
38 15 10
38 16 7
38 17 5
38 18 2
38 19 1
38 20 8
38 21 3
38 22 9
38 23 2
38 24 7
38 25 3
38 26 6
38 27 3
38 28 7
38 29 5
38 30 5
38 31 1
38 32 9
38 33 5
38 34 5
38 35 9
38 36 9
38 37 10
39 0 2
39 1 2
39 2 10
39 3 10
39 4 2
39 5 3
39 6 4
39 7 9
39 8 9
39 9 8
39 10 6
39 11 8
39 12 5
39 13 10
39 14 5
39 15 8
39 16 6
39 17 2
39 18 1
39 19 2
39 20 7
39 21 3
39 22 1
39 23 3
39 24 4
39 25 4
39 26 1
39 27 5
39 28 9
39 29 4
39 30 10
39 31 3
39 32 7
39 33 5
39 34 6
39 35 4
39 36 3
39 37 1
39 38 4
40 0 9
40 1 7
40 2 5
40 3 6
40 4 8
40 5 2
40 6 10
40 7 3
40 8 6
40 9 4
40 10 6
40 11 2
40 12 9
40 13 3
40 14 5
40 15 1
40 16 4
40 17 1
40 18 1
40 19 1
40 20 9
40 21 6
40 22 4
40 23 9
40 24 4
40 25 8
40 26 6
40 27 8
40 28 1
40 29 6
40 30 7
40 31 2
40 32 4
40 33 3
40 34 4
40 35 10
40 36 9
40 37 2
40 38 10
40 39 4
41 0 9
41 1 8
41 2 3
41 3 8
41 4 5
41 5 7
41 6 7
41 7 6
41 8 5
41 9 1
41 10 10
41 11 4
41 12 6
41 13 4
41 14 3
41 15 3
41 16 9
41 17 5
41 18 2
41 19 8
41 20 7
41 21 1
41 22 7
41 23 6
41 24 9
41 25 2
41 26 10
41 27 9
41 28 5
41 29 3
41 30 3
41 31 8
41 32 9
41 33 7
41 34 8
41 35 10
41 36 1
41 37 3
41 38 9
41 39 5
41 40 4
42 0 6
42 1 2
42 2 8
42 3 10
42 4 8
42 5 8
42 6 9
42 7 1
42 8 9
42 9 5
42 10 2
42 11 9
42 12 6
42 13 10
42 14 1
42 15 3
42 16 2
42 17 7
42 18 1
42 19 4
42 20 4
42 21 6
42 22 10
42 23 1
42 24 4
42 25 2
42 26 4
42 27 5
42 28 3
42 29 1
42 30 1
42 31 10
42 32 9
42 33 7
42 34 3
42 35 10
42 36 1
42 37 7
42 38 8
42 39 10
42 40 3
42 41 4
43 0 9
43 1 7
43 2 3
43 3 5
43 4 5
43 5 10
43 6 1
43 7 10
43 8 1
43 9 8
43 10 2
43 11 4
43 12 2
43 13 2
43 14 8
43 15 8
43 16 2
43 17 2
43 18 6
43 19 7
43 20 5
43 21 8
43 22 1
43 23 5
43 24 4
43 25 8
43 26 9
43 27 2
43 28 2
43 29 1
43 30 2
43 31 9
43 32 3
43 33 3
43 34 8
43 35 2
43 36 9
43 37 7
43 38 6
43 39 5
43 40 4
43 41 1
43 42 2
44 0 6
44 1 6
44 2 9
44 3 2
44 4 7
44 5 2
44 6 2
44 7 6
44 8 8
44 9 2
44 10 3
44 11 5
44 12 5
44 13 6
44 14 9
44 15 7
44 16 10
44 17 7
44 18 6
44 19 9
44 20 8
44 21 1
44 22 8
44 23 10
44 24 1
44 25 5
44 26 2
44 27 4
44 28 4
44 29 3
44 30 3
44 31 3
44 32 6
44 33 10
44 34 9
44 35 7
44 36 1
44 37 9
44 38 9
44 39 5
44 40 8
44 41 10
44 42 7
44 43 6
45 0 3
45 1 3
45 2 1
45 3 9
45 4 10
45 5 4
45 6 9
45 7 9
45 8 9
45 9 10
45 10 1
45 11 2
45 12 10
45 13 7
45 14 7
45 15 8
45 16 8
45 17 1
45 18 9
45 19 3
45 20 1
45 21 1
45 22 8
45 23 9
45 24 3
45 25 7
45 26 10
45 27 4
45 28 4
45 29 2
45 30 6
45 31 9
45 32 2
45 33 4
45 34 1
45 35 4
45 36 8
45 37 6
45 38 10
45 39 4
45 40 1
45 41 10
45 42 1
45 43 5
45 44 6
46 0 8
46 1 3
46 2 8
46 3 1
46 4 4
46 5 2
46 6 4
46 7 2
46 8 1
46 9 8
46 10 2
46 11 9
46 12 6
46 13 6
46 14 2
46 15 5
46 16 10
46 17 3
46 18 5
46 19 2
46 20 10
46 21 6
46 22 1
46 23 6
46 24 4
46 25 6
46 26 1
46 27 4
46 28 7
46 29 2
46 30 3
46 31 10
46 32 10
46 33 10
46 34 10
46 35 7
46 36 9
46 37 6
46 38 1
46 39 8
46 40 7
46 41 10
46 42 3
46 43 5
46 44 8
46 45 10
47 0 8
47 1 4
47 2 9
47 3 4
47 4 6
47 5 7
47 6 6
47 7 2
47 8 4
47 9 5
47 10 5
47 11 2
47 12 8
47 13 9
47 14 10
47 15 7
47 16 8
47 17 2
47 18 3
47 19 6
47 20 7
47 21 1
47 22 2
47 23 1
47 24 1
47 25 3
47 26 9
47 27 9
47 28 1
47 29 5
47 30 3
47 31 3
47 32 5
47 33 9
47 34 3
47 35 8
47 36 9
47 37 4
47 38 8
47 39 5
47 40 2
47 41 9
47 42 2
47 43 9
47 44 3
47 45 5
47 46 3
48 0 10
48 1 1
48 2 6
48 3 6
48 4 10
48 5 2
48 6 2
48 7 6
48 8 9
48 9 6
48 10 6
48 11 3
48 12 7
48 13 8
48 14 1
48 15 4
48 16 9
48 17 3
48 18 3
48 19 7
48 20 7
48 21 8
48 22 5
48 23 2
48 24 5
48 25 7
48 26 5
48 27 4
48 28 9
48 29 5
48 30 9
48 31 9
48 32 4
48 33 10
48 34 8
48 35 1
48 36 4
48 37 5
48 38 4
48 39 7
48 40 3
48 41 6
48 42 9
48 43 4
48 44 6
48 45 10
48 46 5
48 47 1
49 0 8
49 1 3
49 2 4
49 3 3
49 4 3
49 5 10
49 6 3
49 7 8
49 8 10
49 9 5
49 10 5
49 11 3
49 12 10
49 13 10
49 14 3
49 15 5
49 16 2
49 17 1
49 18 8
49 19 8
49 20 7
49 21 4
49 22 9
49 23 3
49 24 7
49 25 2
49 26 9
49 27 2
49 28 7
49 29 1
49 30 2
49 31 2
49 32 1
49 33 4
49 34 9
49 35 9
49 36 10
49 37 10
49 38 1
49 39 9
49 40 3
49 41 2
49 42 4
49 43 7
49 44 2
49 45 1
49 46 8
49 47 4
49 48 1
50 0 2
50 1 1
50 2 9
50 3 4
50 4 1
50 5 3
50 6 2
50 7 5
50 8 5
50 9 2
50 10 1
50 11 7
50 12 5
50 13 5
50 14 4
50 15 3
50 16 6
50 17 10
50 18 2
50 19 9
50 20 2
50 21 6
50 22 3
50 23 1
50 24 10
50 25 6
50 26 2
50 27 7
50 28 10
50 29 7
50 30 2
50 31 10
50 32 1
50 33 8
50 34 2
50 35 2
50 36 8
50 37 10
50 38 2
50 39 9
50 40 3
50 41 6
50 42 3
50 43 9
50 44 5
50 45 10
50 46 7
50 47 7
50 48 10
50 49 8
51 0 2
51 1 2
51 2 5
51 3 10
51 4 8
51 5 3
51 6 6
51 7 7
51 8 10
51 9 8
51 10 1
51 11 9
51 12 10
51 13 6
51 14 5
51 15 4
51 16 4
51 17 2
51 18 5
51 19 2
51 20 1
51 21 10
51 22 2
51 23 10
51 24 10
51 25 2
51 26 2
51 27 8
51 28 1
51 29 10
51 30 7
51 31 4
51 32 4
51 33 6
51 34 8
51 35 6
51 36 3
51 37 2
51 38 8
51 39 3
51 40 9
51 41 6
51 42 9
51 43 7
51 44 1
51 45 9
51 46 7
51 47 2
51 48 7
51 49 8
51 50 1
52 0 2
52 1 6
52 2 4
52 3 4
52 4 10
52 5 7
52 6 9
52 7 3
52 8 1
52 9 4
52 10 3
52 11 2
52 12 8
52 13 9
52 14 6
52 15 1
52 16 2
52 17 1
52 18 3
52 19 4
52 20 7
52 21 1
52 22 3
52 23 5
52 24 3
52 25 8
52 26 5
52 27 8
52 28 3
52 29 2
52 30 2
52 31 3
52 32 6
52 33 9
52 34 5
52 35 6
52 36 2
52 37 4
52 38 6
52 39 2
52 40 4
52 41 2
52 42 2
52 43 3
52 44 7
52 45 6
52 46 3
52 47 1
52 48 7
52 49 1
52 50 10
52 51 8
53 0 10
53 1 3
53 2 6
53 3 10
53 4 3
53 5 5
53 6 9
53 7 6
53 8 6
53 9 9
53 10 9
53 11 2
53 12 9
53 13 1
53 14 1
53 15 1
53 16 8
53 17 6
53 18 1
53 19 7
53 20 2
53 21 2
53 22 3
53 23 10
53 24 7
53 25 10
53 26 1
53 27 8
53 28 10
53 29 10
53 30 7
53 31 10
53 32 1
53 33 3
53 34 2
53 35 3
53 36 2
53 37 5
53 38 3
53 39 2
53 40 7
53 41 7
53 42 2
53 43 9
53 44 9
53 45 6
53 46 4
53 47 3
53 48 6
53 49 3
53 50 5
53 51 1
53 52 1
54 0 3
54 1 5
54 2 10
54 3 6
54 4 4
54 5 10
54 6 6
54 7 8
54 8 5
54 9 6
54 10 7
54 11 3
54 12 1
54 13 3
54 14 4
54 15 4
54 16 1
54 17 3
54 18 2
54 19 5
54 20 4
54 21 3
54 22 3
54 23 1
54 24 6
54 25 10
54 26 1
54 27 1
54 28 1
54 29 7
54 30 9
54 31 3
54 32 2
54 33 7
54 34 3
54 35 2
54 36 3
54 37 10
54 38 6
54 39 1
54 40 7
54 41 8
54 42 9
54 43 5
54 44 8
54 45 5
54 46 4
54 47 4
54 48 2
54 49 3
54 50 6
54 51 6
54 52 3
54 53 10
55 0 4
55 1 10
55 2 1
55 3 5
55 4 4
55 5 10
55 6 4
55 7 10
55 8 10
55 9 3
55 10 10
55 11 6
55 12 8
55 13 4
55 14 7
55 15 6
55 16 6
55 17 2
55 18 5
55 19 10
55 20 10
55 21 10
55 22 6
55 23 9
55 24 5
55 25 1
55 26 4
55 27 9
55 28 3
55 29 8
55 30 5
55 31 9
55 32 9
55 33 5
55 34 9
55 35 9
55 36 2
55 37 5
55 38 2
55 39 10
55 40 10
55 41 7
55 42 2
55 43 10
55 44 6
55 45 4
55 46 9
55 47 10
55 48 8
55 49 5
55 50 1
55 51 5
55 52 8
55 53 2
55 54 3
56 0 9
56 1 4
56 2 3
56 3 8
56 4 10
56 5 9
56 6 5
56 7 2
56 8 10
56 9 10
56 10 5
56 11 6
56 12 1
56 13 5
56 14 10
56 15 4
56 16 5
56 17 1
56 18 2
56 19 5
56 20 3
56 21 10
56 22 8
56 23 4
56 24 9
56 25 7
56 26 6
56 27 1
56 28 10
56 29 1
56 30 8
56 31 10
56 32 2
56 33 7
56 34 3
56 35 2
56 36 8
56 37 4
56 38 8
56 39 5
56 40 8
56 41 7
56 42 2
56 43 3
56 44 9
56 45 3
56 46 10
56 47 1
56 48 7
56 49 9
56 50 8
56 51 8
56 52 6
56 53 9
56 54 2
56 55 7
57 0 4
57 1 2
57 2 8
57 3 4
57 4 6
57 5 10
57 6 8
57 7 8
57 8 4
57 9 5
57 10 8
57 11 5
57 12 6
57 13 1
57 14 1
57 15 4
57 16 2
57 17 3
57 18 5
57 19 5
57 20 10
57 21 1
57 22 1
57 23 10
57 24 7
57 25 2
57 26 10
57 27 1
57 28 5
57 29 10
57 30 3
57 31 6
57 32 7
57 33 3
57 34 8
57 35 1
57 36 9
57 37 3
57 38 10
57 39 1
57 40 4
57 41 8
57 42 9
57 43 10
57 44 5
57 45 10
57 46 10
57 47 5
57 48 3
57 49 8
57 50 2
57 51 1
57 52 9
57 53 4
57 54 9
57 55 8
57 56 8
58 0 4
58 1 4
58 2 4
58 3 3
58 4 3
58 5 6
58 6 4
58 7 7
58 8 3
58 9 6
58 10 3
58 11 6
58 12 10
58 13 1
58 14 3
58 15 9
58 16 6
58 17 10
58 18 4
58 19 10
58 20 10
58 21 6
58 22 10
58 23 5
58 24 10
58 25 9
58 26 5
58 27 7
58 28 10
58 29 9
58 30 10
58 31 7
58 32 7
58 33 2
58 34 6
58 35 4
58 36 4
58 37 6
58 38 6
58 39 9
58 40 1
58 41 2
58 42 2
58 43 3
58 44 7
58 45 8
58 46 7
58 47 6
58 48 5
58 49 8
58 50 10
58 51 10
58 52 5
58 53 1
58 54 6
58 55 10
58 56 4
58 57 9
59 0 9
59 1 10
59 2 5
59 3 2
59 4 6
59 5 7
59 6 4
59 7 4
59 8 3
59 9 7
59 10 3
59 11 6
59 12 10
59 13 2
59 14 9
59 15 2
59 16 9
59 17 9
59 18 8
59 19 3
59 20 3
59 21 6
59 22 2
59 23 9
59 24 6
59 25 4
59 26 5
59 27 3
59 28 7
59 29 3
59 30 3
59 31 9
59 32 10
59 33 10
59 34 7
59 35 8
59 36 1
59 37 10
59 38 9
59 39 3
59 40 9
59 41 2
59 42 2
59 43 4
59 44 6
59 45 1
59 46 4
59 47 5
59 48 2
59 49 10
59 50 2
59 51 6
59 52 10
59 53 2
59 54 10
59 55 10
59 56 7
59 57 6
59 58 5
60 0 5
60 1 7
60 2 7
60 3 3
60 4 3
60 5 4
60 6 2
60 7 9
60 8 1
60 9 5
60 10 10
60 11 6
60 12 10
60 13 4
60 14 10
60 15 4
60 16 4
60 17 4
60 18 4
60 19 5
60 20 9
60 21 8
60 22 3
60 23 5
60 24 2
60 25 4
60 26 7
60 27 5
60 28 7
60 29 6
60 30 6
60 31 5
60 32 7
60 33 4
60 34 10
60 35 5
60 36 8
60 37 5
60 38 4
60 39 4
60 40 1
60 41 1
60 42 1
60 43 1
60 44 5
60 45 4
60 46 3
60 47 4
60 48 6
60 49 2
60 50 1
60 51 1
60 52 9
60 53 8
60 54 10
60 55 7
60 56 10
60 57 4
60 58 3
60 59 1
61 0 4
61 1 4
61 2 10
61 3 4
61 4 3
61 5 6
61 6 2
61 7 3
61 8 3
61 9 5
61 10 6
61 11 9
61 12 3
61 13 6
61 14 8
61 15 4
61 16 6
61 17 7
61 18 1
61 19 6
61 20 1
61 21 9
61 22 3
61 23 2
61 24 8
61 25 10
61 26 10
61 27 9
61 28 4
61 29 5
61 30 3
61 31 6
61 32 1
61 33 7
61 34 5
61 35 7
61 36 10
61 37 5
61 38 5
61 39 4
61 40 9
61 41 6
61 42 8
61 43 9
61 44 2
61 45 7
61 46 3
61 47 6
61 48 8
61 49 7
61 50 3
61 51 4
61 52 7
61 53 9
61 54 4
61 55 7
61 56 7
61 57 5
61 58 9
61 59 7
61 60 9
62 0 6
62 1 6
62 2 6
62 3 8
62 4 7
62 5 3
62 6 7
62 7 6
62 8 9
62 9 7
62 10 6
62 11 10
62 12 4
62 13 2
62 14 9
62 15 9
62 16 2
62 17 4
62 18 6
62 19 10
62 20 9
62 21 4
62 22 8
62 23 10
62 24 6
62 25 4
62 26 5
62 27 9
62 28 9
62 29 4
62 30 7
62 31 3
62 32 9
62 33 9
62 34 6
62 35 5
62 36 3
62 37 6
62 38 9
62 39 3
62 40 7
62 41 3
62 42 8
62 43 8
62 44 1
62 45 7
62 46 3
62 47 3
62 48 8
62 49 8
62 50 3
62 51 7
62 52 9
62 53 8
62 54 8
62 55 9
62 56 6
62 57 6
62 58 10
62 59 7
62 60 10
62 61 9
63 0 8
63 1 3
63 2 4
63 3 4
63 4 6
63 5 1
63 6 2
63 7 10
63 8 6
63 9 1
63 10 3
63 11 7
63 12 7
63 13 4
63 14 4
63 15 1
63 16 3
63 17 4
63 18 2
63 19 6
63 20 4
63 21 9
63 22 5
63 23 1
63 24 5
63 25 3
63 26 2
63 27 8
63 28 4
63 29 2
63 30 6
63 31 10
63 32 4
63 33 7
63 34 8
63 35 9
63 36 10
63 37 6
63 38 8
63 39 6
63 40 9
63 41 2
63 42 2
63 43 9
63 44 2
63 45 9
63 46 3
63 47 10
63 48 6
63 49 4
63 50 9
63 51 4
63 52 4
63 53 8
63 54 2
63 55 6
63 56 2
63 57 8
63 58 1
63 59 4
63 60 6
63 61 2
63 62 6
64 0 3
64 1 3
64 2 1
64 3 2
64 4 4
64 5 9
64 6 3
64 7 6
64 8 10
64 9 6
64 10 4
64 11 1
64 12 7
64 13 4
64 14 1
64 15 10
64 16 5
64 17 7
64 18 9
64 19 10
64 20 2
64 21 3
64 22 7
64 23 7
64 24 10
64 25 10
64 26 2
64 27 1
64 28 7
64 29 6
64 30 2
64 31 2
64 32 7
64 33 6
64 34 2
64 35 1
64 36 7
64 37 5
64 38 7
64 39 10
64 40 10
64 41 4
64 42 5
64 43 4
64 44 2
64 45 7
64 46 2
64 47 1
64 48 3
64 49 4
64 50 7
64 51 1
64 52 2
64 53 7
64 54 1
64 55 2
64 56 9
64 57 7
64 58 8
64 59 3
64 60 2
64 61 3
64 62 5
64 63 10
