45
2 0 30
3 0 17
3 1 40
3 2 53
4 0 52
4 1 74
4 2 97
6 0 96
6 2 91
7 1 77
7 2 27
7 4 85
7 5 18
8 6 93
9 1 52
9 2 37
9 3 81
9 5 4
9 6 56
9 8 35
10 0 39
10 1 77
10 2 45
10 4 14
10 5 56
10 7 97
10 9 77
11 10 45
12 0 57
12 2 39
12 6 58
12 10 86
12 11 43
13 0 9
13 1 34
13 2 44
13 5 12
13 8 62
13 12 21
14 1 35
14 5 97
14 6 45
14 11 53
14 12 92
14 13 4
15 1 62
15 2 53
15 3 95
15 4 5
15 6 54
15 7 3
15 11 95
15 13 98
16 0 80
16 2 49
16 4 92
16 5 37
16 6 39
16 7 88
16 8 23
16 10 94
16 12 37
17 0 21
17 3 37
17 4 80
17 5 63
17 8 31
17 11 89
17 12 11
17 15 52
17 16 56
18 0 54
18 1 65
18 5 19
18 6 28
18 9 74
18 12 29
18 13 31
18 16 84
18 17 99
19 0 1
19 1 14
19 2 84
19 3 30
19 7 99
19 9 36
19 11 74
19 13 85
19 15 71
19 16 75
19 17 88
20 0 69
20 1 28
20 2 2
20 3 65
20 4 19
20 5 57
20 10 14
20 12 31
20 14 16
20 16 44
20 17 27
21 0 9
21 4 100
21 8 19
21 9 82
21 12 95
21 13 64
21 17 3
21 18 23
21 19 71
21 20 66
22 1 91
22 2 85
22 6 88
22 8 58
22 10 94
22 11 22
22 14 100
22 16 66
22 18 37
22 21 9
23 2 33
23 5 50
23 9 99
23 10 31
23 13 92
23 14 11
23 15 93
23 17 69
23 18 57
23 19 32
23 20 40
24 0 39
24 1 48
24 2 97
24 5 6
24 6 80
24 7 70
24 9 90
24 11 61
24 12 89
24 15 92
24 16 73
24 18 80
25 1 91
25 3 51
25 4 57
25 5 42
25 7 99
25 8 71
25 9 29
25 10 50
25 11 79
25 17 16
25 18 9
25 19 75
25 22 6
25 23 62
26 0 82
26 1 46
26 4 11
26 6 93
26 7 37
26 8 16
26 9 53
26 16 7
26 19 28
26 24 17
26 25 57
27 0 77
27 3 25
27 5 8
27 10 8
27 12 45
27 13 1
27 14 50
27 21 25
27 22 99
27 24 35
27 26 43
28 0 40
28 4 25
28 5 37
28 9 43
28 10 44
28 15 12
28 21 88
28 22 81
28 24 29
28 25 63
28 26 67
29 2 91
29 3 79
29 6 72
29 8 51
29 9 58
29 10 40
29 11 39
29 13 18
29 15 63
29 17 33
29 19 93
29 20 28
29 21 50
29 27 16
30 3 12
30 4 61
30 5 84
30 6 81
30 14 40
30 15 38
30 22 78
30 23 92
30 27 48
30 28 82
30 29 54
31 4 94
31 6 50
31 7 72
31 9 71
31 15 22
31 16 80
31 17 36
31 20 29
31 23 92
31 24 18
31 26 31
31 27 39
31 28 27
32 7 23
32 9 50
32 11 62
32 13 5
32 18 8
32 19 27
32 20 67
32 22 26
32 23 50
32 25 15
32 28 87
32 29 47
33 1 17
33 2 7
33 5 91
33 7 100
33 11 5
33 12 99
33 13 21
33 14 19
33 15 43
33 19 6
33 20 19
33 25 91
33 28 35
33 29 24
33 30 73
34 3 55
34 6 92
34 8 16
34 11 7
34 12 65
34 15 77
34 19 45
34 20 66
34 22 57
34 23 8
34 24 77
34 27 45
34 28 26
34 30 19
35 2 66
35 3 2
35 4 30
35 5 72
35 6 93
35 10 50
35 17 85
35 18 92
35 22 82
35 25 35
35 26 75
35 27 87
35 29 69
35 31 86
35 33 51
36 0 67
36 1 60
36 4 80
36 6 82
36 7 68
36 8 28
36 10 54
36 11 76
36 16 47
36 20 42
36 22 8
36 24 82
36 25 87
36 26 20
36 28 56
36 30 77
36 31 77
36 32 86
36 33 1
36 34 65
36 35 5
37 0 90
37 1 8
37 3 37
37 5 50
37 6 1
37 7 15
37 8 74
37 11 34
37 12 79
37 16 73
37 19 79
37 20 49
37 22 23
37 23 36
37 26 84
37 30 51
37 31 72
37 32 38
37 33 98
37 36 51
38 2 7
38 3 61
38 4 68
38 6 19
38 10 31
38 12 40
38 13 83
38 14 69
38 15 53
38 17 73
38 18 89
38 21 17
38 22 69
38 23 55
38 27 15
38 28 66
38 32 5
38 33 52
38 34 76
38 35 83
38 36 90
39 0 42
39 3 21
39 5 53
39 6 50
39 9 1
39 11 33
39 16 84
39 17 65
39 18 58
39 19 85
39 21 58
39 22 68
39 23 32
39 25 27
39 28 69
39 31 11
39 34 46
39 36 37
39 37 15
40 1 73
40 2 44
40 3 63
40 5 89
40 6 4
40 7 28
40 10 76
40 11 43
40 13 92
40 19 25
40 20 95
40 23 88
40 24 26
40 25 7
40 28 17
40 31 16
40 32 41
40 37 38
40 38 1
40 39 9
41 0 72
41 1 84
41 3 72
41 5 9
41 10 70
41 11 43
41 15 44
41 16 71
41 17 16
41 18 10
41 19 36
41 22 97
41 23 20
41 24 52
41 25 41
41 28 16
41 29 80
41 30 4
41 35 97
41 38 26
41 40 22
42 0 56
42 1 97
42 5 75
42 9 80
42 10 18
42 13 73
42 16 63
42 17 34
42 18 38
42 19 56
42 20 73
42 22 62
42 23 87
42 25 21
42 26 67
42 27 11
42 28 59
42 30 75
42 33 84
42 36 45
42 37 71
42 38 44
42 39 58
42 40 85
42 41 98
43 2 77
43 4 93
43 5 91
43 6 14
43 8 28
43 12 38
43 13 43
43 16 88
43 21 46
43 22 12
43 24 77
43 26 17
43 31 65
43 32 5
43 34 93
43 35 74
43 36 59
43 37 27
43 38 40
43 39 98
43 40 52
43 41 48
43 42 59
44 8 92
44 9 83
44 12 95
44 13 63
44 19 51
44 21 30
44 22 7
44 24 39
44 25 19
44 27 84
44 29 19
44 33 76
44 36 4
44 43 5
