50
1 0 14
2 0 66
2 1 7
3 0 98
3 1 86
3 2 57
4 3 90
5 0 91
5 4 59
6 2 61
7 0 57
7 6 96
8 0 71
8 2 71
8 5 21
9 0 59
9 3 70
9 4 19
9 5 15
9 7 61
10 1 66
10 6 51
11 1 21
11 2 20
11 3 30
11 4 92
11 6 38
11 9 7
11 10 44
12 0 18
12 2 53
12 3 83
12 4 50
12 6 25
12 7 21
12 8 79
12 9 1
12 10 5
13 1 26
13 2 19
13 6 14
13 8 92
14 0 87
14 1 43
14 5 15
14 9 71
14 10 3
14 12 21
14 13 78
15 2 24
15 3 56
15 4 97
15 6 97
15 8 50
15 11 92
15 12 72
15 14 5
16 0 30
16 1 81
16 3 71
16 4 65
16 7 57
16 8 95
16 9 59
16 10 65
16 14 10
16 15 5
17 2 94
17 3 5
17 5 17
17 7 25
17 11 13
17 12 84
17 16 89
18 3 10
18 14 68
19 1 69
19 5 76
19 7 52
19 8 3
19 11 44
19 13 48
19 14 74
19 16 28
20 4 14
20 6 88
20 8 55
20 10 35
20 12 67
20 14 48
20 16 28
20 19 34
21 0 28
21 1 82
21 3 28
21 4 14
21 5 84
21 6 64
21 7 52
21 9 54
21 10 40
21 11 24
21 12 3
21 16 44
21 17 89
22 0 26
22 1 78
22 2 11
22 3 84
22 4 66
22 5 90
22 7 51
22 8 62
22 9 73
22 10 23
22 12 11
22 13 47
22 14 97
22 15 16
22 16 86
22 18 99
22 19 68
22 20 88
23 0 88
23 1 22
23 4 93
23 6 24
23 8 43
23 14 77
23 15 64
23 17 84
23 21 92
23 22 51
24 1 23
24 7 44
24 11 70
24 12 69
24 19 50
24 20 17
24 22 95
24 23 24
25 3 77
25 4 83
25 9 20
25 12 92
25 14 88
25 17 71
25 18 40
25 19 78
25 20 32
25 22 84
25 23 39
25 24 93
26 0 19
26 2 66
26 4 27
26 8 82
26 9 48
26 11 43
26 16 35
26 21 21
26 22 42
27 0 1
27 2 33
27 4 38
27 7 26
27 9 64
27 12 68
27 17 72
27 18 48
27 19 65
27 20 62
27 21 77
27 23 83
27 24 11
27 26 73
28 4 3
28 7 59
28 8 57
28 11 57
28 12 37
28 16 21
28 18 13
28 19 4
28 20 41
28 22 11
28 23 94
28 25 83
29 1 25
29 2 6
29 3 31
29 5 13
29 7 89
29 9 76
29 10 57
29 14 61
29 15 40
29 17 34
29 18 23
29 21 47
29 22 73
29 23 84
29 24 41
29 25 73
29 26 44
30 0 30
30 1 42
30 3 96
30 4 66
30 5 2
30 7 16
30 14 50
30 15 76
30 16 72
30 19 11
30 20 93
30 21 51
30 22 97
30 23 42
30 25 44
30 28 73
31 0 49
31 1 3
31 2 33
31 5 17
31 6 49
31 8 53
31 9 45
31 12 88
31 15 35
31 16 48
31 19 53
31 21 3
31 26 11
31 28 69
31 29 47
31 30 81
32 0 12
32 2 11
32 4 45
32 5 50
32 6 3
32 11 47
32 12 59
32 15 71
32 18 80
32 19 6
32 21 85
32 22 79
32 25 73
32 27 19
32 30 76
33 5 27
33 6 89
33 8 36
33 9 38
33 10 21
33 11 54
33 13 4
33 14 45
33 17 24
33 20 30
33 22 68
33 23 99
33 25 59
33 26 19
33 28 8
33 30 6
34 0 90
34 1 20
34 4 84
34 5 67
34 8 58
34 11 29
34 12 85
34 14 29
34 17 100
34 19 42
34 21 27
34 22 20
34 32 22
35 0 2
35 1 54
35 2 1
35 6 7
35 7 76
35 8 84
35 10 56
35 11 41
35 12 14
35 15 74
35 16 3
35 20 31
35 23 16
35 30 16
35 31 55
35 33 67
36 0 54
36 4 75
36 10 53
36 13 56
36 15 27
36 17 40
36 19 36
36 20 8
36 21 28
36 22 34
36 23 39
36 24 65
36 25 93
36 31 50
36 32 41
36 33 92
36 34 63
37 0 52
37 2 95
37 7 5
37 9 15
37 13 64
37 14 29
37 15 24
37 18 94
37 19 66
37 20 55
37 21 86
37 22 12
37 23 57
37 26 13
37 28 73
37 30 47
37 32 21
37 34 83
37 36 11
38 0 87
38 3 44
38 5 24
38 8 60
38 9 38
38 13 98
38 14 77
38 15 66
38 20 8
38 23 85
38 27 80
38 30 90
38 31 26
38 34 1
38 35 13
38 36 86
38 37 88
39 1 39
39 2 41
39 3 25
39 5 15
39 6 70
39 7 73
39 8 71
39 12 3
39 13 19
39 14 5
39 15 85
39 16 87
39 17 96
39 18 24
39 21 88
39 23 58
39 25 17
39 27 6
39 28 78
39 30 58
39 35 31
39 37 24
39 38 96
40 0 47
40 1 22
40 2 42
40 4 42
40 5 63
40 10 39
40 11 86
40 15 96
40 16 8
40 20 62
40 21 64
40 22 52
40 23 18
40 25 77
40 26 6
40 28 92
40 29 44
40 31 46
40 33 91
40 34 33
40 37 91
40 38 22
40 39 71
41 1 72
41 2 51
41 3 28
41 12 47
41 13 100
41 14 90
41 17 23
41 18 34
41 24 4
41 26 3
41 27 25
41 28 12
41 32 51
41 34 92
41 35 99
41 36 76
41 37 93
41 39 4
42 1 24
42 2 72
42 10 37
42 11 39
42 12 30
42 14 78
42 17 1
42 19 89
42 21 10
42 22 70
42 23 80
42 24 5
42 25 39
42 28 48
42 31 92
42 32 36
42 35 94
42 36 22
42 38 81
43 0 66
43 2 18
43 3 1
43 6 4
43 8 33
43 12 51
43 15 91
43 16 71
43 17 33
43 18 51
43 20 85
43 22 5
43 25 45
43 27 50
43 28 23
43 29 96
43 30 34
43 31 2
43 33 54
43 34 71
43 35 47
43 37 37
43 38 94
43 39 98
44 1 43
44 3 71
44 4 64
44 7 86
44 8 71
44 9 96
44 10 16
44 11 6
44 12 90
44 16 1
44 18 37
44 21 16
44 22 28
44 24 49
44 27 62
44 28 37
44 29 60
44 31 20
44 32 71
44 36 30
44 39 11
44 41 13
45 8 49
45 14 38
45 17 1
45 20 53
45 23 78
45 24 98
45 25 47
45 27 42
45 28 29
45 30 62
45 31 67
45 32 47
45 35 61
45 40 65
45 42 92
45 43 52
46 0 1
46 2 52
46 5 89
46 12 23
46 14 71
46 16 32
46 17 57
46 18 61
46 19 5
46 22 93
46 23 16
46 25 93
46 26 92
46 27 89
46 33 58
46 35 79
46 37 51
46 39 6
46 40 8
46 41 32
46 43 88
46 44 90
47 2 35
47 3 4
47 4 100
47 6 96
47 8 67
47 9 28
47 10 56
47 12 40
47 13 36
47 14 35
47 15 19
47 17 18
47 18 76
47 23 100
47 24 41
47 25 7
47 27 4
47 28 31
47 29 45
47 32 36
47 33 65
47 37 21
47 38 31
47 39 79
47 40 81
47 41 12
47 42 43
47 44 93
47 45 80
47 46 32
48 0 19
48 2 26
48 3 99
48 4 86
48 5 54
48 7 20
48 8 25
48 11 74
48 12 49
48 13 49
48 14 80
48 16 66
48 17 56
48 19 64
48 22 26
48 23 88
48 24 69
48 27 93
48 30 75
48 34 75
48 37 59
48 39 21
48 41 34
48 42 17
48 44 99
48 45 83
49 0 4
49 1 94
49 7 36
49 9 20
49 18 22
49 20 20
49 24 18
49 28 71
49 29 81
49 30 16
49 34 55
49 37 26
49 39 23
49 40 66
49 41 46
49 42 51
49 43 88
49 44 24
49 46 85
