20
1 0 1
3 0 1
3 1 1
4 2 1
4 3 1
5 0 1
5 1 1
5 3 1
5 4 1
6 2 1
6 3 1
6 4 1
7 2 1
8 2 1
8 3 1
8 4 1
8 6 1
8 7 1
9 2 1
9 3 1
9 5 1
10 0 1
10 2 1
10 7 1
10 9 1
11 3 1
11 4 1
11 7 1
12 0 1
12 2 1
12 3 1
12 4 1
12 5 1
12 6 1
12 8 1
13 4 1
13 6 1
13 8 1
13 10 1
13 11 1
14 3 1
14 4 1
14 5 1
14 7 1
14 9 1
15 1 1
15 2 1
15 3 1
15 4 1
15 6 1
15 11 1
15 12 1
16 0 1
16 2 1
16 3 1
16 4 1
16 5 1
16 6 1
16 7 1
16 8 1
16 12 1
16 14 1
17 1 1
17 7 1
17 12 1
18 1 1
18 6 1
18 11 1
18 12 1
18 15 1
18 16 1
18 17 1
19 1 1
19 3 1
19 8 1
19 11 1
19 12 1
19 14 1
19 15 1
19 18 1
