20
2 0 23
2 1 46
3 0 6
3 1 25
3 2 28
4 1 16
5 3 35
6 4 4
6 5 36
7 0 45
7 1 12
7 2 21
7 5 28
7 6 18
8 0 28
8 1 3
8 3 2
8 5 42
8 6 33
8 7 49
9 1 41
9 2 42
9 8 36
10 0 31
10 1 48
10 3 46
10 4 22
10 5 50
10 6 36
10 7 32
10 8 40
10 9 1
11 0 35
11 1 42
11 7 11
11 8 12
11 9 9
11 10 18
12 0 33
12 1 41
12 2 16
12 3 24
12 4 24
12 6 16
12 8 4
12 9 4
13 1 50
13 3 50
13 7 36
13 8 41
14 8 2
14 9 42
14 11 45
14 12 25
14 13 5
15 0 21
15 2 36
15 3 26
15 5 28
15 11 7
15 12 39
16 2 13
16 4 3
16 6 38
16 9 46
16 10 13
16 11 16
16 13 4
16 14 48
17 0 9
17 1 48
17 4 15
17 5 9
17 7 21
17 9 49
17 10 21
17 12 40
17 14 40
18 0 33
18 1 26
18 3 1
18 6 32
18 8 15
18 9 25
18 10 17
18 12 33
18 13 2
18 14 19
18 16 49
18 17 38
19 1 49
19 2 17
19 3 27
19 5 12
19 7 50
19 8 46
19 10 1
19 13 27
