45
2 0 49
3 1 49
3 2 32
4 0 35
4 2 2
5 0 24
5 1 2
5 2 5
5 3 12
6 0 48
6 2 4
6 3 45
6 4 28
6 5 12
7 0 9
7 2 38
7 4 15
7 6 23
8 0 22
8 1 31
8 2 35
8 5 7
9 2 50
9 4 45
9 6 14
9 7 12
10 0 5
10 1 48
10 3 13
10 4 43
10 8 35
10 9 25
11 1 3
11 2 35
11 3 45
11 4 24
11 5 47
11 6 21
11 7 41
11 9 5
11 10 44
12 0 15
12 2 45
12 3 24
12 4 27
13 2 8
13 5 22
13 7 19
13 8 27
13 11 36
13 12 50
14 2 23
14 6 41
14 8 20
14 10 15
14 12 23
14 13 18
15 1 47
15 3 24
15 4 43
15 7 43
15 14 46
16 0 16
16 3 21
16 4 26
16 8 49
16 11 15
16 12 11
16 13 34
17 2 33
17 3 23
17 7 31
17 9 28
17 10 33
17 12 33
17 13 36
17 16 41
18 1 4
18 2 48
18 4 5
18 5 5
18 7 26
18 11 31
18 12 30
18 13 10
18 17 5
19 0 47
19 1 34
19 2 42
19 4 29
19 11 23
19 14 30
19 16 27
19 17 18
20 1 11
20 2 30
20 6 41
20 9 2
20 10 43
20 13 7
20 15 27
21 0 12
21 1 8
21 2 6
21 3 49
21 10 32
21 12 22
21 13 10
21 15 23
21 17 11
21 18 24
21 19 38
22 4 33
22 5 22
22 6 31
22 8 32
22 13 9
22 18 47
22 21 32
23 5 5
23 6 50
23 8 35
23 9 11
23 10 18
23 13 9
23 15 16
23 16 38
23 17 37
23 18 28
24 0 29
24 7 41
24 10 12
24 11 39
24 12 4
24 13 38
24 14 50
24 16 27
24 17 40
24 18 22
24 21 45
24 23 4
25 3 18
25 5 40
25 6 46
25 7 9
25 9 21
25 10 10
25 14 9
25 16 22
25 18 45
25 20 29
25 23 10
25 24 29
26 0 17
26 2 30
26 3 2
26 4 28
26 5 18
26 6 46
26 10 17
26 11 47
26 14 2
26 15 36
26 16 43
26 17 34
26 18 6
26 19 38
26 20 9
26 23 25
26 25 19
27 0 31
27 3 2
27 5 8
27 7 12
27 8 23
27 10 3
27 11 14
27 12 43
27 13 16
27 15 15
27 17 15
27 18 4
27 20 50
27 22 49
27 25 2
28 1 11
28 3 36
28 4 45
28 6 15
28 7 29
28 8 17
28 10 16
28 11 25
28 12 21
28 13 8
28 14 24
28 16 8
28 18 22
28 19 25
28 21 45
28 22 24
28 24 31
28 26 41
29 0 22
29 2 8
29 5 2
29 6 33
29 8 18
29 11 41
29 15 34
29 17 33
29 20 25
29 23 45
29 26 36
29 28 13
30 0 24
30 1 11
30 2 33
30 3 41
30 6 31
30 7 28
30 11 26
30 14 23
30 16 31
30 17 18
30 18 36
30 19 40
30 22 2
30 23 36
30 25 5
30 26 10
30 27 27
30 28 47
30 29 18
31 1 41
31 3 46
31 8 49
31 10 45
31 12 25
31 15 13
31 17 22
31 18 3
31 19 36
31 20 26
31 21 50
31 24 35
31 28 12
31 30 13
32 3 12
32 4 32
32 7 48
32 9 6
32 13 36
32 14 11
32 15 45
32 18 32
32 21 37
32 22 19
32 23 35
32 25 29
32 29 43
32 31 24
33 2 20
33 6 22
33 7 23
33 10 14
33 12 8
33 13 43
33 16 1
33 20 50
33 21 44
33 22 20
33 23 48
33 25 45
33 28 37
33 29 40
33 30 25
33 32 15
34 1 28
34 5 36
34 6 22
34 7 46
34 9 49
34 11 12
34 12 32
34 13 44
34 16 10
34 17 47
34 18 19
34 19 43
34 20 30
34 22 18
34 23 49
34 24 18
34 25 6
34 26 23
34 29 41
34 30 41
34 31 47
34 32 27
34 33 34
35 4 1
35 6 32
35 8 43
35 9 37
35 10 12
35 13 38
35 15 9
35 16 14
35 19 7
35 20 49
35 27 20
35 28 25
35 29 5
35 33 33
35 34 33
36 0 24
36 4 24
36 5 9
36 9 49
36 10 5
36 12 17
36 16 10
36 18 19
36 19 5
36 20 29
36 24 35
36 25 28
36 28 36
36 29 28
36 32 35
36 35 1
37 2 12
37 3 22
37 5 23
37 7 36
37 13 2
37 19 9
37 20 19
37 21 21
37 24 20
37 27 30
37 28 19
37 30 50
37 32 12
37 34 22
38 1 50
38 2 25
38 3 10
38 6 9
38 8 18
38 10 43
38 11 37
38 12 10
38 14 23
38 16 35
38 18 23
38 21 2
38 23 1
38 25 1
38 26 8
38 27 40
38 28 36
38 31 50
38 32 41
38 33 34
38 36 40
38 37 38
39 0 1
39 4 18
39 6 16
39 8 37
39 11 45
39 12 23
39 13 30
39 15 11
39 16 46
39 19 7
39 22 17
39 25 23
39 26 28
39 28 45
39 29 36
39 37 37
40 1 7
40 2 40
40 3 19
40 4 46
40 5 3
40 7 12
40 8 13
40 9 8
40 10 45
40 11 44
40 12 18
40 14 45
40 20 18
40 21 39
40 22 22
40 25 43
40 27 47
40 28 50
40 29 21
40 31 27
40 37 35
41 0 7
41 1 47
41 3 3
41 4 17
41 9 26
41 10 39
41 11 26
41 16 14
41 19 21
41 20 47
41 22 33
41 23 32
41 27 50
41 28 16
41 31 45
41 32 24
41 34 49
41 36 27
41 38 38
42 0 17
42 1 43
42 2 38
42 3 16
42 7 24
42 8 16
42 9 17
42 10 24
42 11 31
42 12 19
42 14 32
42 18 45
42 22 9
42 23 29
42 24 50
42 25 41
42 26 42
42 28 9
42 29 43
42 31 22
42 32 23
42 33 38
42 34 10
42 35 14
42 36 36
42 39 13
42 40 39
43 2 25
43 4 42
43 11 43
43 12 7
43 14 42
43 17 34
43 18 14
43 19 38
43 20 43
43 22 3
43 23 35
43 24 43
43 26 20
43 27 9
43 28 32
43 31 24
43 33 3
43 37 4
43 38 46
43 41 1
44 1 49
44 2 2
44 4 34
44 5 6
44 8 20
44 9 23
44 10 32
44 11 18
44 12 46
44 14 4
44 16 3
44 17 13
44 20 38
44 21 10
44 23 9
44 27 23
44 28 26
44 32 6
44 34 39
44 35 26
44 37 17
44 39 28
44 40 17
44 41 48
44 42 8
