65
1 0 87
2 0 41
2 1 28
3 0 79
3 1 89
4 0 40
4 2 39
4 3 42
5 0 84
5 3 98
6 2 42
6 3 90
7 4 24
7 5 86
7 6 37
8 2 80
8 5 14
9 1 57
9 3 85
9 8 70
10 3 41
10 5 68
10 6 7
10 7 32
10 8 1
11 0 88
11 2 36
11 3 68
11 4 27
11 5 44
11 6 52
12 0 32
12 4 26
12 6 14
12 7 18
12 8 99
13 0 9
13 1 14
13 2 85
13 3 67
13 6 64
13 7 4
13 9 69
13 10 84
13 11 82
14 2 69
14 6 17
14 7 53
14 8 83
14 11 70
15 3 25
15 5 33
15 6 59
15 8 63
15 13 54
16 0 67
16 3 18
16 5 77
16 8 99
16 11 36
16 12 88
16 14 18
16 15 54
17 2 41
17 4 82
17 5 97
17 6 4
17 12 94
17 13 93
18 0 19
18 1 79
18 2 79
18 3 84
18 5 70
18 7 84
18 9 74
18 10 80
18 11 19
18 12 44
18 15 43
18 17 62
19 4 78
19 7 45
19 11 26
19 12 55
19 15 31
19 17 19
20 1 5
20 4 88
20 6 36
20 7 21
20 8 65
20 11 34
20 12 80
20 13 9
20 16 100
20 18 92
20 19 33
21 3 96
21 4 7
21 6 24
21 7 72
21 10 36
21 13 6
21 14 10
21 15 78
21 16 75
21 17 32
22 0 84
22 4 54
22 5 18
22 6 60
22 8 8
22 9 58
22 10 49
22 12 89
22 13 94
22 15 3
22 18 4
22 19 81
22 20 20
22 21 86
23 4 36
23 5 71
23 6 95
23 7 51
23 8 64
23 11 62
23 12 8
23 18 76
23 21 90
23 22 59
24 2 84
24 3 14
24 4 93
24 7 67
24 8 97
24 11 46
24 13 10
24 15 81
24 16 91
24 18 99
24 20 76
25 0 3
25 1 57
25 2 46
25 4 57
25 6 88
25 7 18
25 8 77
25 10 14
25 12 6
25 14 39
25 15 99
25 16 16
25 17 90
25 18 65
25 20 87
25 21 48
25 23 73
25 24 82
26 0 47
26 1 89
26 2 21
26 4 88
26 6 2
26 7 70
26 9 79
26 11 45
26 13 43
26 19 74
26 20 31
26 22 22
26 24 38
26 25 75
27 1 36
27 2 71
27 3 20
27 6 73
27 8 72
27 9 94
27 10 46
27 11 11
27 13 4
27 15 60
27 16 63
27 17 32
27 25 75
27 26 71
28 0 68
28 1 74
28 6 41
28 8 45
28 9 11
28 14 28
28 19 65
28 22 83
28 23 99
28 24 7
28 25 9
29 3 84
29 5 73
29 9 40
29 10 57
29 12 75
29 14 88
29 18 84
29 20 41
29 21 98
29 23 60
29 24 75
29 25 15
29 28 84
30 0 4
30 1 34
30 2 17
30 3 89
30 5 55
30 11 70
30 13 16
30 17 16
30 20 41
30 23 17
30 27 3
30 28 45
31 0 31
31 3 52
31 5 39
31 7 64
31 9 49
31 10 57
31 12 5
31 13 21
31 19 100
31 20 39
31 21 95
31 22 76
31 23 42
31 26 69
32 0 31
32 1 49
32 2 96
32 3 60
32 4 37
32 6 96
32 7 14
32 9 36
32 10 32
32 12 64
32 13 9
32 15 54
32 16 79
32 19 71
32 22 27
32 23 4
32 24 87
32 25 77
32 26 19
32 28 12
32 29 77
32 30 53
33 1 3
33 2 42
33 3 37
33 4 38
33 5 60
33 6 55
33 7 36
33 8 86
33 10 52
33 12 92
33 13 44
33 23 76
33 24 52
33 26 42
33 27 77
33 29 72
33 32 10
34 0 16
34 3 35
34 6 82
34 8 92
34 9 45
34 12 35
34 13 22
34 14 43
34 15 70
34 18 47
34 19 56
34 23 69
34 25 82
34 26 59
34 29 62
34 30 87
34 31 51
34 32 88
34 33 19
35 5 91
35 7 55
35 8 92
35 9 34
35 10 20
35 11 35
35 15 6
35 16 16
35 19 31
35 21 72
35 28 65
35 29 4
35 32 97
35 33 68
36 0 63
36 2 82
36 3 99
36 4 88
36 7 87
36 8 100
36 9 37
36 10 50
36 11 73
36 12 63
36 13 56
36 16 60
36 17 46
36 19 83
36 22 9
36 25 3
36 26 79
36 29 1
36 30 32
36 32 86
37 1 4
37 3 5
37 4 50
37 6 89
37 7 49
37 8 36
37 10 25
37 11 80
37 12 100
37 13 97
37 16 39
37 17 81
37 18 22
37 19 58
37 20 3
37 22 82
37 23 56
37 27 6
37 28 56
37 29 75
37 33 13
37 34 65
37 35 62
38 0 56
38 1 77
38 2 4
38 3 83
38 5 84
38 7 5
38 9 65
38 11 84
38 12 69
38 14 90
38 16 98
38 17 73
38 21 52
38 22 5
38 23 98
38 25 100
38 26 42
38 29 27
38 32 6
38 33 36
38 34 55
38 35 21
38 36 9
38 37 91
39 1 11
39 3 86
39 6 28
39 7 66
39 9 49
39 12 75
39 18 11
39 19 93
39 20 52
39 22 73
39 23 56
39 24 76
39 27 17
39 28 73
39 29 33
39 32 87
39 33 92
39 34 17
40 4 44
40 5 38
40 6 24
40 8 86
40 10 84
40 12 71
40 13 27
40 14 6
40 18 22
40 19 100
40 22 91
40 23 98
40 25 31
40 26 63
40 28 60
40 29 67
40 30 3
40 32 25
40 33 88
40 34 15
40 35 69
40 37 88
40 38 39
40 39 67
41 0 84
41 5 48
41 7 77
41 9 15
41 11 87
41 12 55
41 13 58
41 14 19
41 17 23
41 18 17
41 19 43
41 29 22
41 30 62
41 31 39
41 32 98
41 33 17
41 34 5
41 36 100
42 1 5
42 3 89
42 9 78
42 10 99
42 11 51
42 12 80
42 13 20
42 14 80
42 15 100
42 17 23
42 18 34
42 20 61
42 26 85
42 27 52
42 29 90
42 32 25
42 33 95
42 34 39
42 36 36
42 38 65
42 39 43
42 40 93
42 41 35
43 1 88
43 2 73
43 4 76
43 5 19
43 6 69
43 8 22
43 17 48
43 19 44
43 20 97
43 24 24
43 26 7
43 30 53
43 31 67
43 32 84
43 33 37
43 34 30
43 35 9
43 36 51
43 37 66
43 40 41
44 0 53
44 3 88
44 8 81
44 9 71
44 10 82
44 11 86
44 14 13
44 18 60
44 21 4
44 24 24
44 28 50
44 29 55
44 31 67
44 33 40
44 34 33
44 35 61
44 38 60
44 40 1
44 41 31
44 43 74
45 0 18
45 3 67
45 5 55
45 6 66
45 7 11
45 8 58
45 11 63
45 12 38
45 14 18
45 17 45
45 18 39
45 19 37
45 20 81
45 22 52
45 30 76
45 33 92
45 34 28
45 35 14
45 36 96
45 37 5
45 39 100
45 41 25
45 44 97
46 0 48
46 1 42
46 3 81
46 5 58
46 7 32
46 11 68
46 14 16
46 16 92
46 17 16
46 18 58
46 19 38
46 22 34
46 25 57
46 32 64
46 33 25
46 37 12
46 39 68
46 41 31
46 45 43
47 4 75
47 5 57
47 6 22
47 9 52
47 11 28
47 15 2
47 16 38
47 17 43
47 19 9
47 20 97
47 22 39
47 23 93
47 26 14
47 29 47
47 30 94
47 31 96
47 33 49
47 34 5
47 35 40
47 39 55
47 41 30
47 42 35
47 43 85
47 44 73
47 46 73
48 0 2
48 1 30
48 4 96
48 6 78
48 7 96
48 9 44
48 10 48
48 11 87
48 12 89
48 16 73
48 22 42
48 24 15
48 25 53
48 26 8
48 28 98
48 31 9
48 33 96
48 34 18
48 35 95
48 36 58
48 37 72
48 38 60
48 40 15
48 41 94
48 42 94
48 44 33
49 1 68
49 3 89
49 4 88
49 6 50
49 7 64
49 8 23
49 12 19
49 13 28
49 18 41
49 19 44
49 20 9
49 21 62
49 22 89
49 23 3
49 24 7
49 30 96
49 31 73
49 35 43
49 37 26
49 38 17
49 43 11
49 44 42
49 45 78
49 46 17
50 5 47
50 7 6
50 10 35
50 12 73
50 16 93
50 17 72
50 21 70
50 29 70
50 31 5
50 33 13
50 34 48
50 36 35
50 39 11
50 43 63
50 44 99
50 49 33
51 2 13
51 4 92
51 5 75
51 7 82
51 8 17
51 9 20
51 10 11
51 11 25
51 12 87
51 13 32
51 14 62
51 16 34
51 17 68
51 21 51
51 22 43
51 23 26
51 25 94
51 34 21
51 36 97
51 37 99
51 38 55
51 39 63
51 41 17
51 43 25
51 45 24
51 50 46
52 0 30
52 1 71
52 5 70
52 6 34
52 7 84
52 8 88
52 10 33
52 11 46
52 12 86
52 13 25
52 15 55
52 16 4
52 17 31
52 18 40
52 20 18
52 21 9
52 25 14
52 26 4
52 27 99
52 35 83
52 36 87
52 37 23
52 38 63
52 44 15
52 45 24
52 46 30
52 49 91
52 50 42
53 0 32
53 3 88
53 5 16
53 7 28
53 8 41
53 9 52
53 11 93
53 14 75
53 15 89
53 21 57
53 22 48
53 23 48
53 29 13
53 30 46
53 34 44
53 35 56
53 39 4
53 41 57
53 42 44
53 43 41
53 44 26
53 47 58
53 49 37
53 50 49
53 51 28
54 0 85
54 1 98
54 3 27
54 4 37
54 6 60
54 8 18
54 12 55
54 14 92
54 18 71
54 19 41
54 20 78
54 23 89
54 25 9
54 27 27
54 29 85
54 31 97
54 33 59
54 35 86
54 37 17
54 39 39
54 40 16
54 43 45
54 44 7
54 45 49
54 46 76
54 47 81
54 48 99
54 49 72
54 51 36
54 52 39
54 53 86
55 0 73
55 4 19
55 5 57
55 7 35
55 8 43
55 10 9
55 11 75
55 14 43
55 17 10
55 19 29
55 22 27
55 23 26
55 25 20
55 26 22
55 27 84
55 29 36
55 30 29
55 31 96
55 34 56
55 36 52
55 37 9
55 38 8
55 42 10
55 43 96
55 44 76
55 46 88
55 47 6
55 49 13
55 50 43
55 54 68
56 7 98
56 8 21
56 10 27
56 12 88
56 13 26
56 14 36
56 16 90
56 17 32
56 18 74
56 19 64
56 20 40
56 22 63
56 24 25
56 25 39
56 26 5
56 27 28
56 28 14
56 30 19
56 31 17
56 34 91
56 36 94
56 40 30
56 41 95
56 42 99
56 43 3
56 44 54
56 46 18
56 47 55
56 52 59
56 54 47
57 3 5
57 4 38
57 5 86
57 7 43
57 11 86
57 13 92
57 14 39
57 15 30
57 20 4
57 22 3
57 24 96
57 26 97
57 28 16
57 30 88
57 32 88
57 34 2
57 37 68
57 39 74
57 43 21
57 44 6
57 45 75
57 48 44
57 49 14
57 53 12
57 54 96
58 1 65
58 2 6
58 3 64
58 4 46
58 7 13
58 8 13
58 10 98
58 14 36
58 15 92
58 16 1
58 17 13
58 19 100
58 22 57
58 23 2
58 24 66
58 25 97
58 27 94
58 32 44
58 35 45
58 36 27
58 39 72
58 41 43
58 42 33
58 43 44
58 45 96
58 47 30
58 48 9
58 49 56
58 50 91
58 51 75
58 53 85
58 54 30
58 55 23
58 56 25
59 2 29
59 3 64
59 5 56
59 7 100
59 9 36
59 10 12
59 12 80
59 14 92
59 15 21
59 17 14
59 18 97
59 21 70
59 23 37
59 24 57
59 25 66
59 26 52
59 28 84
59 31 35
59 36 76
59 37 46
59 40 45
59 42 59
59 44 55
59 45 86
59 46 3
59 47 34
59 49 41
59 55 28
59 58 73
60 3 19
60 4 74
60 5 20
60 9 31
60 12 91
60 13 62
60 15 73
60 16 94
60 19 56
60 21 67
60 22 61
60 23 35
60 25 45
60 26 48
60 27 53
60 31 52
60 32 55
60 34 56
60 35 4
60 42 53
60 45 83
60 46 85
60 47 5
60 48 11
60 51 20
60 52 16
60 53 54
60 56 4
60 58 93
61 0 63
61 3 19
61 4 40
61 7 84
61 8 74
61 9 5
61 10 96
61 12 21
61 13 97
61 14 51
61 16 48
61 17 19
61 18 29
61 19 65
61 20 40
61 21 53
61 24 9
61 25 78
61 26 6
61 27 66
61 29 26
61 33 6
61 34 76
61 35 43
61 36 82
61 38 31
61 39 10
61 40 15
61 41 55
61 42 1
61 46 62
61 47 6
61 48 37
61 49 42
61 50 59
61 51 53
61 52 99
61 55 56
61 56 41
61 57 52
61 58 17
61 60 69
62 2 68
62 3 34
62 4 5
62 7 81
62 8 84
62 9 95
62 10 3
62 11 75
62 12 93
62 13 56
62 14 19
62 16 84
62 18 86
62 24 98
62 27 6
62 28 100
62 29 39
62 32 29
62 34 13
62 35 76
62 36 61
62 41 34
62 43 14
62 49 9
62 51 66
62 52 51
62 53 44
62 54 53
62 55 46
62 56 19
62 58 83
62 59 92
63 0 69
63 1 53
63 5 44
63 6 50
63 9 62
63 12 50
63 14 98
63 15 95
63 18 90
63 20 63
63 25 68
63 26 99
63 28 5
63 30 8
63 31 10
63 35 72
63 36 70
63 38 30
63 40 74
63 41 79
63 43 76
63 45 22
63 46 16
63 47 25
63 48 48
63 50 100
63 51 15
63 53 67
63 56 49
63 58 8
63 60 40
64 2 94
64 3 30
64 4 56
64 6 93
64 8 19
64 12 25
64 13 22
64 15 37
64 17 30
64 21 86
64 22 13
64 25 35
64 29 16
64 34 92
64 37 60
64 39 33
64 40 21
64 43 98
64 44 34
64 45 93
64 46 41
64 48 96
64 50 10
64 51 4
64 52 3
64 53 77
64 54 95
64 55 89
64 58 67
64 59 85
64 60 62
64 62 13
