20
1 0 31
2 0 6
2 1 12
4 1 3
4 2 35
4 3 44
5 1 15
6 0 28
6 2 49
6 3 31
6 4 49
7 0 24
7 3 22
8 1 28
8 2 34
8 3 33
8 4 3
8 5 38
8 6 50
9 2 36
9 3 16
9 5 35
9 6 32
10 3 21
10 4 24
10 8 12
10 9 24
11 1 7
11 7 34
11 8 38
11 9 11
11 10 23
12 0 13
12 3 25
12 4 23
12 9 48
12 10 41
12 11 37
13 2 19
13 3 26
13 4 24
13 5 40
13 7 27
13 8 18
13 11 35
14 2 30
14 3 7
14 4 5
14 6 46
14 7 2
14 10 49
14 11 1
14 13 2
15 0 34
15 2 46
15 4 38
15 5 49
15 9 25
15 10 6
15 11 18
15 12 48
15 13 47
16 0 30
16 2 2
16 4 15
16 6 25
16 7 8
16 9 9
16 12 9
16 14 19
16 15 39
17 2 12
17 3 1
17 4 25
17 7 29
17 10 21
17 11 39
17 12 45
17 16 14
18 0 13
18 1 19
18 4 50
18 5 36
18 7 42
18 9 37
18 10 13
18 11 35
18 13 7
18 14 9
18 17 24
19 0 7
19 1 18
19 4 7
19 5 39
19 8 49
19 9 3
19 10 36
19 11 16
19 12 42
19 13 44
19 14 44
19 16 11
19 17 41
19 18 11
