75
1 0 19
2 0 8
2 1 2
3 0 42
3 1 31
3 2 6
4 0 39
4 1 29
4 2 5
4 3 36
5 0 42
5 1 38
5 2 25
5 3 34
5 4 42
6 0 28
6 1 22
6 2 20
6 3 39
6 4 25
6 5 35
7 0 41
7 1 28
7 2 43
7 3 6
7 4 9
7 5 16
7 6 24
8 0 13
8 1 41
8 2 18
8 3 20
8 4 14
8 5 42
8 6 17
8 7 40
9 0 6
9 1 14
9 2 5
9 3 39
9 4 13
9 5 47
9 6 22
9 7 18
9 8 29
10 0 14
10 1 19
10 2 1
10 3 3
10 4 35
10 5 48
10 6 32
10 7 27
10 8 22
10 9 34
11 0 33
11 1 15
11 2 41
11 3 41
11 4 44
11 5 34
11 6 17
11 7 31
11 8 48
11 9 44
11 10 9
12 0 42
12 1 43
12 2 23
12 3 47
12 4 3
12 5 33
12 6 14
12 7 30
12 8 8
12 9 19
12 10 50
12 11 17
13 0 18
13 1 42
13 2 19
13 3 15
13 4 4
13 5 46
13 6 40
13 7 31
13 8 21
13 9 11
13 10 46
13 11 26
13 12 44
14 0 18
14 1 17
14 2 44
14 3 47
14 4 29
14 5 35
14 6 43
14 7 9
14 8 39
14 9 29
14 10 21
14 11 22
14 12 39
14 13 7
15 0 40
15 1 9
15 2 7
15 3 12
15 4 13
15 5 27
15 6 36
15 7 37
15 8 40
15 9 28
15 10 11
15 11 2
15 12 24
15 13 44
15 14 46
16 0 46
16 1 34
16 2 10
16 3 26
16 4 34
16 5 13
16 6 18
16 7 5
16 8 32
16 9 33
16 10 25
16 11 8
16 12 42
16 13 24
16 14 6
16 15 21
17 0 21
17 1 27
17 2 30
17 3 48
17 4 44
17 5 5
17 6 36
17 7 34
17 8 18
17 9 25
17 10 9
17 11 21
17 12 30
17 13 10
17 14 6
17 15 50
17 16 12
18 0 13
18 1 11
18 2 44
18 3 28
18 4 31
18 5 40
18 6 36
18 7 39
18 8 36
18 9 7
18 10 32
18 11 33
18 12 20
18 13 35
18 14 41
18 15 2
18 16 47
18 17 6
19 0 10
19 1 11
19 2 40
19 3 17
19 4 9
19 5 41
19 6 30
19 7 39
19 8 24
19 9 8
19 10 50
19 11 40
19 12 35
19 13 19
19 14 41
19 15 41
19 16 8
19 17 45
19 18 25
20 0 36
20 1 12
20 2 48
20 3 30
20 4 15
20 5 3
20 6 12
20 7 13
20 8 13
20 9 13
20 10 39
20 11 19
20 12 37
20 13 22
20 14 48
20 15 17
20 16 11
20 17 16
20 18 43
20 19 17
21 0 41
21 1 32
21 2 27
21 3 25
21 4 39
21 5 22
21 6 6
21 7 40
21 8 49
21 9 20
21 10 17
21 11 3
21 12 34
21 13 6
21 14 22
21 15 24
21 16 34
21 17 29
21 18 5
21 19 46
21 20 49
22 0 14
22 1 4
22 2 31
22 3 17
22 4 34
22 5 44
22 6 43
22 7 9
22 8 50
22 9 48
22 10 7
22 11 6
22 12 27
22 13 11
22 14 36
22 15 46
22 16 46
22 17 8
22 18 31
22 19 22
22 20 1
22 21 47
23 0 11
23 1 7
23 2 33
23 3 28
23 4 16
23 5 5
23 6 44
23 7 43
23 8 20
23 9 37
23 10 41
23 11 30
23 12 50
23 13 18
23 14 20
23 15 20
23 16 40
23 17 32
23 18 50
23 19 50
23 20 38
23 21 24
23 22 21
24 0 3
24 1 18
24 2 29
24 3 17
24 4 41
24 5 40
24 6 14
24 7 8
24 8 36
24 9 38
24 10 49
24 11 10
24 12 23
24 13 50
24 14 13
24 15 15
24 16 40
24 17 41
24 18 40
24 19 19
24 20 46
24 21 28
24 22 26
24 23 40
25 0 18
25 1 7
25 2 21
25 3 11
25 4 47
25 5 26
25 6 17
25 7 12
25 8 48
25 9 42
25 10 19
25 11 25
25 12 30
25 13 10
25 14 36
25 15 33
25 16 22
25 17 30
25 18 15
25 19 13
25 20 30
25 21 24
25 22 15
25 23 48
25 24 30
26 0 36
26 1 28
26 2 7
26 3 8
26 4 11
26 5 19
26 6 49
26 7 31
26 8 23
26 9 13
26 10 41
26 11 25
26 12 17
26 13 24
26 14 43
26 15 25
26 16 27
26 17 41
26 18 2
26 19 45
26 20 5
26 21 31
26 22 15
26 23 11
26 24 42
26 25 45
27 0 33
27 1 27
27 2 50
27 3 23
27 4 50
27 5 46
27 6 5
27 7 2
27 8 7
27 9 34
27 10 47
27 11 4
27 12 48
27 13 34
27 14 8
27 15 25
27 16 16
27 17 36
27 18 50
27 19 28
27 20 10
27 21 30
27 22 46
27 23 46
27 24 24
27 25 36
27 26 19
28 0 13
28 1 49
28 2 8
28 3 46
28 4 5
28 5 34
28 6 27
28 7 6
28 8 40
28 9 31
28 10 4
28 11 33
28 12 33
28 13 24
28 14 36
28 15 41
28 16 46
28 17 50
28 18 21
28 19 29
28 20 40
28 21 42
28 22 37
28 23 10
28 24 46
28 25 17
28 26 8
28 27 34
29 0 45
29 1 24
29 2 9
29 3 37
29 4 45
29 5 40
29 6 2
29 7 43
29 8 15
29 9 15
29 10 12
29 11 2
29 12 40
29 13 18
29 14 37
29 15 46
29 16 44
29 17 21
29 18 1
29 19 19
29 20 4
29 21 32
29 22 34
29 23 9
29 24 37
29 25 11
29 26 19
29 27 42
29 28 6
30 0 39
30 1 39
30 2 47
30 3 43
30 4 46
30 5 17
30 6 36
30 7 28
30 8 14
30 9 45
30 10 18
30 11 35
30 12 11
30 13 15
30 14 30
30 15 4
30 16 9
30 17 28
30 18 17
30 19 40
30 20 25
30 21 28
30 22 28
30 23 11
30 24 45
30 25 47
30 26 34
30 27 25
30 28 6
30 29 38
31 0 2
31 1 34
31 2 23
31 3 15
31 4 17
31 5 17
31 6 5
31 7 36
31 8 49
31 9 25
31 10 25
31 11 43
31 12 49
31 13 42
31 14 7
31 15 2
31 16 27
31 17 47
31 18 31
31 19 41
31 20 28
31 21 45
31 22 41
31 23 6
31 24 50
31 25 11
31 26 22
31 27 50
31 28 12
31 29 25
31 30 13
32 0 5
32 1 22
32 2 34
32 3 3
32 4 30
32 5 13
32 6 7
32 7 46
32 8 3
32 9 22
32 10 2
32 11 13
32 12 28
32 13 13
32 14 22
32 15 42
32 16 7
32 17 30
32 18 8
32 19 49
32 20 3
32 21 26
32 22 31
32 23 5
32 24 50
32 25 7
32 26 37
32 27 36
32 28 29
32 29 30
32 30 4
32 31 27
33 0 10
33 1 10
33 2 22
33 3 3
33 4 6
33 5 47
33 6 39
33 7 48
33 8 44
33 9 17
33 10 7
33 11 9
33 12 50
33 13 44
33 14 43
33 15 19
33 16 13
33 17 36
33 18 27
33 19 23
33 20 43
33 21 27
33 22 2
33 23 42
33 24 33
33 25 19
33 26 47
33 27 5
33 28 5
33 29 10
33 30 5
33 31 11
33 32 13
34 0 15
34 1 10
34 2 46
34 3 31
34 4 34
34 5 15
34 6 35
34 7 10
34 8 27
34 9 3
34 10 47
34 11 5
34 12 44
34 13 46
34 14 12
34 15 36
34 16 9
34 17 31
34 18 16
34 19 15
34 20 30
34 21 29
34 22 26
34 23 18
34 24 13
34 25 4
34 26 5
34 27 7
34 28 21
34 29 35
34 30 50
34 31 18
34 32 29
34 33 35
35 0 12
35 1 39
35 2 44
35 3 45
35 4 32
35 5 11
35 6 26
35 7 1
35 8 20
35 9 17
35 10 38
35 11 23
35 12 22
35 13 6
35 14 34
35 15 16
35 16 2
35 17 39
35 18 21
35 19 29
35 20 35
35 21 41
35 22 28
35 23 13
35 24 24
35 25 14
35 26 33
35 27 42
35 28 15
35 29 16
35 30 49
35 31 47
35 32 47
35 33 43
35 34 19
36 0 26
36 1 25
36 2 45
36 3 35
36 4 43
36 5 37
36 6 27
36 7 30
36 8 50
36 9 38
36 10 4
36 11 34
36 12 28
36 13 25
36 14 32
36 15 32
36 16 1
36 17 14
36 18 47
36 19 27
36 20 50
36 21 18
36 22 33
36 23 27
36 24 2
36 25 16
36 26 8
36 27 33
36 28 37
36 29 18
36 30 19
36 31 21
36 32 28
36 33 15
36 34 32
36 35 22
37 0 37
37 1 32
37 2 17
37 3 16
37 4 23
37 5 44
37 6 39
37 7 18
37 8 50
37 9 4
37 10 36
37 11 50
37 12 7
37 13 25
37 14 17
37 15 2
37 16 47
37 17 26
37 18 34
37 19 1
37 20 50
37 21 9
37 22 46
37 23 7
37 24 22
37 25 23
37 26 38
37 27 47
37 28 27
37 29 30
37 30 49
37 31 16
37 32 33
37 33 22
37 34 50
37 35 38
37 36 37
38 0 23
38 1 35
38 2 43
38 3 30
38 4 43
38 5 9
38 6 20
38 7 7
38 8 13
38 9 5
38 10 32
38 11 24
38 12 21
38 13 30
38 14 30
38 15 13
38 16 10
38 17 9
38 18 27
38 19 29
38 20 49
38 21 48
38 22 34
38 23 36
38 24 32
38 25 12
38 26 11
38 27 15
38 28 14
38 29 50
38 30 41
38 31 20
38 32 21
38 33 12
38 34 24
38 35 19
38 36 38
38 37 1
39 0 9
39 1 37
39 2 6
39 3 21
39 4 40
39 5 20
39 6 18
39 7 13
39 8 21
39 9 44
39 10 47
39 11 41
39 12 29
39 13 27
39 14 29
39 15 11
39 16 18
39 17 37
39 18 20
39 19 5
39 20 26
39 21 27
39 22 12
39 23 34
39 24 37
39 25 20
39 26 2
39 27 19
39 28 38
39 29 49
39 30 35
39 31 38
39 32 10
39 33 49
39 34 30
39 35 10
39 36 5
39 37 29
39 38 39
40 0 34
40 1 26
40 2 50
40 3 18
40 4 30
40 5 44
40 6 7
40 7 48
40 8 28
40 9 39
40 10 19
40 11 46
40 12 20
40 13 11
40 14 8
40 15 26
40 16 46
40 17 4
40 18 30
40 19 3
40 20 18
40 21 34
40 22 17
40 23 38
40 24 8
40 25 2
40 26 37
40 27 12
40 28 40
40 29 14
40 30 33
40 31 11
40 32 38
40 33 42
40 34 34
40 35 4
40 36 46
40 37 5
40 38 18
40 39 6
41 0 31
41 1 1
41 2 4
41 3 15
41 4 33
41 5 7
41 6 26
41 7 31
41 8 41
41 9 49
41 10 26
41 11 46
41 12 17
41 13 40
41 14 20
41 15 16
41 16 42
41 17 5
41 18 23
41 19 40
41 20 30
41 21 24
41 22 32
41 23 31
41 24 47
41 25 25
41 26 19
41 27 20
41 28 15
41 29 49
41 30 1
41 31 20
41 32 6
41 33 32
41 34 36
41 35 49
41 36 40
41 37 1
41 38 9
41 39 23
41 40 15
42 0 18
42 1 2
42 2 44
42 3 49
42 4 20
42 5 36
42 6 12
42 7 45
42 8 41
42 9 41
42 10 19
42 11 36
42 12 18
42 13 26
42 14 21
42 15 41
42 16 48
42 17 34
42 18 28
42 19 12
42 20 32
42 21 18
42 22 35
42 23 37
42 24 37
42 25 8
42 26 40
42 27 40
42 28 37
42 29 27
42 30 26
42 31 40
42 32 47
42 33 44
42 34 10
42 35 9
42 36 35
42 37 7
42 38 1
42 39 31
42 40 39
42 41 17
43 0 31
43 1 33
43 2 14
43 3 3
43 4 35
43 5 41
43 6 4
43 7 48
43 8 43
43 9 37
43 10 34
43 11 36
43 12 30
43 13 27
43 14 9
43 15 50
43 16 11
43 17 17
43 18 20
43 19 30
43 20 3
43 21 44
43 22 26
43 23 24
43 24 11
43 25 36
43 26 46
43 27 24
43 28 45
43 29 7
43 30 45
43 31 3
43 32 41
43 33 47
43 34 22
43 35 18
43 36 21
43 37 42
43 38 16
43 39 3
43 40 39
43 41 49
43 42 14
44 0 11
44 1 30
44 2 42
44 3 36
44 4 8
44 5 22
44 6 22
44 7 28
44 8 24
44 9 10
44 10 50
44 11 4
44 12 23
44 13 32
44 14 45
44 15 28
44 16 3
44 17 5
44 18 2
44 19 28
44 20 11
44 21 7
44 22 39
44 23 50
44 24 25
44 25 23
44 26 49
44 27 49
44 28 43
44 29 11
44 30 2
44 31 21
44 32 22
44 33 8
44 34 34
44 35 8
44 36 28
44 37 29
44 38 9
44 39 18
44 40 8
44 41 8
44 42 50
44 43 47
45 0 20
45 1 28
45 2 9
45 3 19
45 4 28
45 5 45
45 6 2
45 7 41
45 8 45
45 9 36
45 10 37
45 11 17
45 12 13
45 13 42
45 14 5
45 15 10
45 16 1
45 17 28
45 18 23
45 19 4
45 20 50
45 21 47
45 22 32
45 23 27
45 24 42
45 25 41
45 26 14
45 27 31
45 28 5
45 29 16
45 30 45
45 31 46
45 32 23
45 33 36
45 34 43
45 35 39
45 36 26
45 37 43
45 38 33
45 39 22
45 40 31
45 41 40
45 42 19
45 43 4
45 44 37
46 0 44
46 1 25
46 2 12
46 3 30
46 4 45
46 5 48
46 6 13
46 7 12
46 8 46
46 9 18
46 10 13
46 11 45
46 12 29
46 13 39
46 14 5
46 15 46
46 16 23
46 17 26
46 18 25
46 19 1
46 20 29
46 21 39
46 22 38
46 23 1
46 24 46
46 25 44
46 26 12
46 27 5
46 28 48
46 29 45
46 30 18
46 31 49
46 32 18
46 33 32
46 34 31
46 35 37
46 36 8
46 37 5
46 38 14
46 39 48
46 40 27
46 41 14
46 42 12
46 43 32
46 44 31
46 45 37
47 0 30
47 1 4
47 2 45
47 3 5
47 4 49
47 5 18
47 6 28
47 7 43
47 8 8
47 9 20
47 10 30
47 11 39
47 12 3
47 13 41
47 14 13
47 15 43
47 16 45
47 17 36
47 18 31
47 19 36
47 20 11
47 21 13
47 22 12
47 23 45
47 24 41
47 25 48
47 26 46
47 27 15
47 28 3
47 29 30
47 30 13
47 31 41
47 32 4
47 33 23
47 34 29
47 35 48
47 36 31
47 37 14
47 38 8
47 39 43
47 40 42
47 41 44
47 42 7
47 43 11
47 44 1
47 45 39
47 46 16
48 0 36
48 1 13
48 2 47
48 3 41
48 4 19
48 5 23
48 6 19
48 7 12
48 8 25
48 9 9
48 10 37
48 11 48
48 12 19
48 13 10
48 14 28
48 15 26
48 16 1
48 17 45
48 18 3
48 19 16
48 20 11
48 21 41
48 22 40
48 23 2
48 24 1
48 25 39
48 26 10
48 27 31
48 28 21
48 29 34
48 30 2
48 31 28
48 32 32
48 33 44
48 34 29
48 35 48
48 36 17
48 37 25
48 38 17
48 39 27
48 40 44
48 41 17
48 42 9
48 43 25
48 44 12
48 45 3
48 46 15
48 47 14
49 0 14
49 1 46
49 2 35
49 3 46
49 4 18
49 5 13
49 6 42
49 7 16
49 8 33
49 9 14
49 10 13
49 11 9
49 12 38
49 13 8
49 14 24
49 15 17
49 16 1
49 17 15
49 18 10
49 19 8
49 20 2
49 21 16
49 22 3
49 23 48
49 24 20
49 25 9
49 26 11
49 27 26
49 28 50
49 29 12
49 30 10
49 31 18
49 32 6
49 33 34
49 34 29
49 35 17
49 36 48
49 37 3
49 38 38
49 39 32
49 40 45
49 41 5
49 42 44
49 43 8
49 44 14
49 45 14
49 46 17
49 47 2
49 48 9
50 0 16
50 1 31
50 2 39
50 3 18
50 4 48
50 5 42
50 6 50
50 7 28
50 8 30
50 9 19
50 10 12
50 11 41
50 12 32
50 13 42
50 14 40
50 15 19
50 16 26
50 17 1
50 18 42
50 19 16
50 20 45
50 21 6
50 22 16
50 23 14
50 24 30
50 25 16
50 26 12
50 27 22
50 28 40
50 29 50
50 30 18
50 31 5
50 32 8
50 33 27
50 34 25
50 35 9
50 36 30
50 37 47
50 38 44
50 39 32
50 40 37
50 41 29
50 42 15
50 43 31
50 44 30
50 45 39
50 46 47
50 47 38
50 48 38
50 49 4
51 0 6
51 1 7
51 2 14
51 3 16
51 4 29
51 5 21
51 6 45
51 7 1
51 8 28
51 9 38
51 10 23
51 11 29
51 12 17
51 13 47
51 14 28
51 15 14
51 16 29
51 17 7
51 18 38
51 19 13
51 20 40
51 21 14
51 22 2
51 23 36
51 24 47
51 25 33
51 26 5
51 27 5
51 28 29
51 29 30
51 30 46
51 31 11
51 32 26
51 33 4
51 34 28
51 35 12
51 36 29
51 37 35
51 38 5
51 39 12
51 40 48
51 41 20
51 42 12
51 43 28
51 44 29
51 45 40
51 46 50
51 47 19
51 48 49
51 49 9
51 50 23
52 0 3
52 1 50
52 2 12
52 3 22
52 4 16
52 5 5
52 6 12
52 7 44
52 8 6
52 9 9
52 10 22
52 11 36
52 12 47
52 13 8
52 14 30
52 15 8
52 16 45
52 17 36
52 18 45
52 19 16
52 20 35
52 21 4
52 22 47
52 23 23
52 24 27
52 25 19
52 26 18
52 27 42
52 28 12
52 29 25
52 30 17
52 31 17
52 32 28
52 33 50
52 34 48
52 35 31
52 36 12
52 37 33
52 38 15
52 39 31
52 40 4
52 41 47
52 42 35
52 43 21
52 44 24
52 45 2
52 46 21
52 47 38
52 48 5
52 49 34
52 50 42
52 51 48
53 0 13
53 1 26
53 2 47
53 3 47
53 4 37
53 5 47
53 6 24
53 7 23
53 8 40
53 9 48
53 10 12
53 11 42
53 12 28
53 13 36
53 14 16
53 15 49
53 16 12
53 17 24
53 18 11
53 19 5
53 20 34
53 21 1
53 22 20
53 23 42
53 24 22
53 25 16
53 26 15
53 27 19
53 28 5
53 29 33
53 30 2
53 31 41
53 32 28
53 33 50
53 34 32
53 35 10
53 36 41
53 37 22
53 38 47
53 39 21
53 40 13
53 41 15
53 42 47
53 43 20
53 44 9
53 45 31
53 46 10
53 47 47
53 48 36
53 49 35
53 50 14
53 51 17
53 52 44
54 0 36
54 1 35
54 2 28
54 3 23
54 4 18
54 5 33
54 6 28
54 7 13
54 8 22
54 9 22
54 10 10
54 11 33
54 12 27
54 13 30
54 14 26
54 15 22
54 16 13
54 17 50
54 18 32
54 19 30
54 20 43
54 21 20
54 22 25
54 23 24
54 24 46
54 25 9
54 26 4
54 27 18
54 28 39
54 29 22
54 30 36
54 31 23
54 32 26
54 33 34
54 34 5
54 35 41
54 36 45
54 37 12
54 38 30
54 39 37
54 40 32
54 41 47
54 42 10
54 43 38
54 44 29
54 45 18
54 46 11
54 47 46
54 48 5
54 49 8
54 50 25
54 51 16
54 52 18
54 53 13
55 0 48
55 1 4
55 2 33
55 3 10
55 4 10
55 5 38
55 6 33
55 7 1
55 8 11
55 9 36
55 10 18
55 11 44
55 12 2
55 13 8
55 14 13
55 15 37
55 16 29
55 17 4
55 18 40
55 19 9
55 20 34
55 21 38
55 22 9
55 23 5
55 24 36
55 25 47
55 26 6
55 27 37
55 28 4
55 29 8
55 30 12
55 31 24
55 32 47
55 33 43
55 34 46
55 35 11
55 36 29
55 37 5
55 38 50
55 39 11
55 40 27
55 41 7
55 42 36
55 43 2
55 44 10
55 45 8
55 46 24
55 47 25
55 48 30
55 49 46
55 50 29
55 51 5
55 52 31
55 53 1
55 54 6
56 0 14
56 1 37
56 2 7
56 3 10
56 4 27
56 5 13
56 6 29
56 7 34
56 8 47
56 9 13
56 10 31
56 11 48
56 12 42
56 13 6
56 14 38
56 15 15
56 16 47
56 17 10
56 18 48
56 19 42
56 20 38
56 21 40
56 22 5
56 23 22
56 24 8
56 25 46
56 26 31
56 27 46
56 28 31
56 29 5
56 30 46
56 31 5
56 32 18
56 33 23
56 34 43
56 35 47
56 36 28
56 37 42
56 38 30
56 39 40
56 40 9
56 41 21
56 42 36
56 43 21
56 44 49
56 45 23
56 46 4
56 47 50
56 48 15
56 49 40
56 50 47
56 51 39
56 52 3
56 53 30
56 54 28
56 55 3
57 0 14
57 1 6
57 2 47
57 3 8
57 4 17
57 5 29
57 6 31
57 7 43
57 8 17
57 9 32
57 10 34
57 11 47
57 12 30
57 13 40
57 14 17
57 15 43
57 16 48
57 17 43
57 18 37
57 19 20
57 20 29
57 21 5
57 22 45
57 23 34
57 24 20
57 25 4
57 26 49
57 27 35
57 28 7
57 29 2
57 30 6
57 31 23
57 32 1
57 33 12
57 34 33
57 35 8
57 36 8
57 37 49
57 38 29
57 39 21
57 40 26
57 41 40
57 42 10
57 43 45
57 44 45
57 45 19
57 46 36
57 47 17
57 48 50
57 49 2
57 50 5
57 51 31
57 52 9
57 53 35
57 54 14
57 55 14
57 56 45
58 0 7
58 1 37
58 2 45
58 3 1
58 4 21
58 5 47
58 6 2
58 7 40
58 8 48
58 9 15
58 10 31
58 11 47
58 12 45
58 13 18
58 14 5
58 15 6
58 16 21
58 17 29
58 18 41
58 19 42
58 20 13
58 21 4
58 22 9
58 23 30
58 24 30
58 25 39
58 26 34
58 27 30
58 28 4
58 29 7
58 30 6
58 31 36
58 32 29
58 33 16
58 34 3
58 35 6
58 36 4
58 37 26
58 38 38
58 39 48
58 40 36
58 41 37
58 42 2
58 43 8
58 44 35
58 45 9
58 46 40
58 47 46
58 48 50
58 49 15
58 50 4
58 51 31
58 52 35
58 53 45
58 54 40
58 55 13
58 56 30
58 57 48
59 0 5
59 1 32
59 2 22
59 3 46
59 4 8
59 5 34
59 6 30
59 7 49
59 8 17
59 9 50
59 10 26
59 11 12
59 12 7
59 13 19
59 14 46
59 15 41
59 16 50
59 17 28
59 18 37
59 19 30
59 20 5
59 21 46
59 22 13
59 23 36
59 24 33
59 25 42
59 26 35
59 27 22
59 28 23
59 29 23
59 30 29
59 31 31
59 32 27
59 33 32
59 34 29
59 35 13
59 36 7
59 37 7
59 38 15
59 39 33
59 40 29
59 41 49
59 42 27
59 43 3
59 44 31
59 45 10
59 46 3
59 47 5
59 48 14
59 49 41
59 50 25
59 51 10
59 52 19
59 53 3
59 54 19
59 55 43
59 56 13
59 57 9
59 58 9
60 0 15
60 1 11
60 2 7
60 3 38
60 4 14
60 5 46
60 6 15
60 7 45
60 8 29
60 9 35
60 10 36
60 11 32
60 12 38
60 13 21
60 14 42
60 15 23
60 16 11
60 17 24
60 18 20
60 19 43
60 20 23
60 21 49
60 22 10
60 23 33
60 24 11
60 25 5
60 26 38
60 27 50
60 28 44
60 29 27
60 30 6
60 31 6
60 32 11
60 33 11
60 34 25
60 35 9
60 36 29
60 37 30
60 38 7
60 39 37
60 40 41
60 41 27
60 42 44
60 43 39
60 44 36
60 45 24
60 46 18
60 47 11
60 48 42
60 49 11
60 50 27
60 51 24
60 52 37
60 53 37
60 54 11
60 55 20
60 56 11
60 57 40
60 58 34
60 59 25
61 0 46
61 1 7
61 2 26
61 3 37
61 4 33
61 5 39
61 6 30
61 7 45
61 8 50
61 9 27
61 10 14
61 11 19
61 12 3
61 13 33
61 14 30
61 15 4
61 16 36
61 17 25
61 18 6
61 19 28
61 20 31
61 21 28
61 22 17
61 23 33
61 24 23
61 25 44
61 26 15
61 27 24
61 28 34
61 29 18
61 30 16
61 31 5
61 32 32
61 33 46
61 34 14
61 35 28
61 36 23
61 37 29
61 38 50
61 39 4
61 40 25
61 41 21
61 42 5
61 43 15
61 44 9
61 45 18
61 46 5
61 47 21
61 48 18
61 49 27
61 50 3
61 51 7
61 52 23
61 53 31
61 54 19
61 55 39
61 56 19
61 57 27
61 58 19
61 59 17
61 60 40
62 0 8
62 1 35
62 2 2
62 3 46
62 4 6
62 5 3
62 6 36
62 7 23
62 8 39
62 9 22
62 10 10
62 11 4
62 12 42
62 13 41
62 14 13
62 15 26
62 16 29
62 17 17
62 18 10
62 19 10
62 20 2
62 21 10
62 22 39
62 23 5
62 24 10
62 25 37
62 26 10
62 27 14
62 28 40
62 29 32
62 30 19
62 31 49
62 32 8
62 33 50
62 34 36
62 35 24
62 36 25
62 37 44
62 38 49
62 39 13
62 40 12
62 41 26
62 42 10
62 43 32
62 44 25
62 45 12
62 46 27
62 47 25
62 48 45
62 49 44
62 50 29
62 51 27
62 52 5
62 53 12
62 54 27
62 55 42
62 56 37
62 57 34
62 58 12
62 59 24
62 60 45
62 61 8
63 0 2
63 1 29
63 2 6
63 3 12
63 4 42
63 5 31
63 6 25
63 7 40
63 8 48
63 9 39
63 10 31
63 11 15
63 12 30
63 13 22
63 14 11
63 15 15
63 16 1
63 17 18
63 18 38
63 19 19
63 20 31
63 21 1
63 22 26
63 23 12
63 24 44
63 25 10
63 26 32
63 27 11
63 28 22
63 29 30
63 30 21
63 31 23
63 32 47
63 33 30
63 34 37
63 35 46
63 36 30
63 37 37
63 38 18
63 39 27
63 40 15
63 41 48
63 42 28
63 43 49
63 44 38
63 45 41
63 46 13
63 47 43
63 48 19
63 49 36
63 50 33
63 51 16
63 52 24
63 53 16
63 54 3
63 55 13
63 56 44
63 57 22
63 58 18
63 59 47
63 60 33
63 61 10
63 62 16
64 0 16
64 1 5
64 2 12
64 3 40
64 4 33
64 5 43
64 6 7
64 7 17
64 8 9
64 9 37
64 10 21
64 11 42
64 12 31
64 13 43
64 14 47
64 15 20
64 16 12
64 17 12
64 18 16
64 19 12
64 20 32
64 21 22
64 22 37
64 23 26
64 24 4
64 25 15
64 26 20
64 27 26
64 28 23
64 29 16
64 30 19
64 31 10
64 32 15
64 33 1
64 34 32
64 35 17
64 36 44
64 37 11
64 38 28
64 39 41
64 40 41
64 41 20
64 42 3
64 43 27
64 44 33
64 45 13
64 46 15
64 47 5
64 48 47
64 49 16
64 50 29
64 51 23
64 52 21
64 53 11
64 54 45
64 55 45
64 56 38
64 57 41
64 58 1
64 59 7
64 60 14
64 61 21
64 62 23
64 63 20
65 0 25
65 1 46
65 2 25
65 3 41
65 4 23
65 5 13
65 6 48
65 7 26
65 8 11
65 9 41
65 10 41
65 11 7
65 12 35
65 13 24
65 14 24
65 15 31
65 16 15
65 17 30
65 18 19
65 19 39
65 20 24
65 21 4
65 22 21
65 23 31
65 24 19
65 25 8
65 26 5
65 27 38
65 28 12
65 29 41
65 30 36
65 31 10
65 32 7
65 33 41
65 34 36
65 35 11
65 36 19
65 37 33
65 38 1
65 39 29
65 40 20
65 41 8
65 42 11
65 43 38
65 44 4
65 45 24
65 46 39
65 47 15
65 48 4
65 49 22
65 50 31
65 51 14
65 52 6
65 53 45
65 54 26
65 55 31
65 56 32
65 57 12
65 58 43
65 59 31
65 60 18
65 61 19
65 62 46
65 63 48
65 64 13
66 0 38
66 1 6
66 2 14
66 3 20
66 4 18
66 5 46
66 6 37
66 7 20
66 8 20
66 9 6
66 10 13
66 11 31
66 12 38
66 13 46
66 14 27
66 15 12
66 16 41
66 17 44
66 18 45
66 19 35
66 20 21
66 21 39
66 22 27
66 23 28
66 24 17
66 25 32
66 26 37
66 27 20
66 28 50
66 29 3
66 30 12
66 31 18
66 32 46
66 33 1
66 34 31
66 35 32
66 36 34
66 37 48
66 38 28
66 39 43
66 40 21
66 41 13
66 42 21
66 43 8
66 44 24
66 45 27
66 46 5
66 47 25
66 48 21
66 49 8
66 50 22
66 51 17
66 52 20
66 53 31
66 54 41
66 55 4
66 56 12
66 57 30
66 58 10
66 59 24
66 60 46
66 61 48
66 62 50
66 63 1
66 64 38
66 65 46
67 0 42
67 1 18
67 2 28
67 3 11
67 4 25
67 5 36
67 6 10
67 7 4
67 8 6
67 9 17
67 10 37
67 11 4
67 12 10
67 13 50
67 14 39
67 15 21
67 16 44
67 17 28
67 18 37
67 19 7
67 20 49
67 21 39
67 22 21
67 23 13
67 24 9
67 25 42
67 26 42
67 27 49
67 28 39
67 29 33
67 30 11
67 31 10
67 32 38
67 33 26
67 34 32
67 35 9
67 36 5
67 37 43
67 38 48
67 39 10
67 40 20
67 41 6
67 42 30
67 43 13
67 44 33
67 45 3
67 46 25
67 47 16
67 48 22
67 49 48
67 50 31
67 51 32
67 52 32
67 53 25
67 54 8
67 55 14
67 56 9
67 57 22
67 58 1
67 59 33
67 60 37
67 61 5
67 62 41
67 63 36
67 64 29
67 65 25
67 66 24
68 0 21
68 1 6
68 2 37
68 3 17
68 4 9
68 5 38
68 6 29
68 7 15
68 8 41
68 9 6
68 10 34
68 11 19
68 12 43
68 13 38
68 14 40
68 15 35
68 16 21
68 17 37
68 18 50
68 19 36
68 20 4
68 21 8
68 22 29
68 23 24
68 24 18
68 25 48
68 26 11
68 27 47
68 28 26
68 29 46
68 30 34
68 31 32
68 32 13
68 33 37
68 34 4
68 35 27
68 36 9
68 37 8
68 38 25
68 39 21
68 40 7
68 41 6
68 42 15
68 43 28
68 44 1
68 45 3
68 46 38
68 47 13
68 48 11
68 49 38
68 50 30
68 51 25
68 52 22
68 53 34
68 54 32
68 55 6
68 56 45
68 57 25
68 58 34
68 59 39
68 60 22
68 61 6
68 62 7
68 63 44
68 64 21
68 65 35
68 66 24
68 67 23
69 0 28
69 1 16
69 2 48
69 3 2
69 4 46
69 5 14
69 6 22
69 7 34
69 8 20
69 9 14
69 10 26
69 11 18
69 12 7
69 13 35
69 14 44
69 15 11
69 16 11
69 17 6
69 18 34
69 19 48
69 20 12
69 21 31
69 22 26
69 23 34
69 24 40
69 25 15
69 26 19
69 27 18
69 28 33
69 29 20
69 30 8
69 31 44
69 32 28
69 33 38
69 34 7
69 35 43
69 36 42
69 37 25
69 38 17
69 39 3
69 40 48
69 41 14
69 42 25
69 43 50
69 44 3
69 45 22
69 46 16
69 47 2
69 48 48
69 49 38
69 50 4
69 51 10
69 52 10
69 53 44
69 54 43
69 55 10
69 56 1
69 57 29
69 58 41
69 59 34
69 60 23
69 61 9
69 62 25
69 63 31
69 64 49
69 65 3
69 66 43
69 67 19
69 68 9
70 0 3
70 1 32
70 2 40
70 3 27
70 4 48
70 5 20
70 6 11
70 7 22
70 8 38
70 9 45
70 10 35
70 11 32
70 12 47
70 13 13
70 14 22
70 15 49
70 16 15
70 17 24
70 18 17
70 19 17
70 20 8
70 21 32
70 22 8
70 23 35
70 24 16
70 25 40
70 26 34
70 27 42
70 28 46
70 29 14
70 30 4
70 31 26
70 32 39
70 33 50
70 34 50
70 35 33
70 36 21
70 37 46
70 38 18
70 39 48
70 40 26
70 41 44
70 42 36
70 43 9
70 44 14
70 45 15
70 46 40
70 47 45
70 48 30
70 49 30
70 50 30
70 51 22
70 52 28
70 53 13
70 54 46
70 55 10
70 56 15
70 57 43
70 58 20
70 59 47
70 60 20
70 61 26
70 62 25
70 63 17
70 64 12
70 65 39
70 66 46
70 67 2
70 68 4
70 69 22
71 0 8
71 1 4
71 2 44
71 3 15
71 4 28
71 5 13
71 6 39
71 7 28
71 8 5
71 9 4
71 10 11
71 11 21
71 12 11
71 13 3
71 14 35
71 15 8
71 16 3
71 17 27
71 18 49
71 19 34
71 20 30
71 21 34
71 22 50
71 23 20
71 24 26
71 25 39
71 26 43
71 27 34
71 28 3
71 29 20
71 30 47
71 31 32
71 32 42
71 33 42
71 34 19
71 35 38
71 36 37
71 37 42
71 38 1
71 39 22
71 40 48
71 41 2
71 42 29
71 43 40
71 44 14
71 45 36
71 46 7
71 47 20
71 48 41
71 49 30
71 50 31
71 51 7
71 52 39
71 53 28
71 54 42
71 55 49
71 56 18
71 57 9
71 58 6
71 59 22
71 60 18
71 61 49
71 62 32
71 63 9
71 64 22
71 65 19
71 66 5
71 67 2
71 68 49
71 69 46
71 70 13
72 0 44
72 1 4
72 2 18
72 3 11
72 4 50
72 5 45
72 6 18
72 7 8
72 8 18
72 9 36
72 10 12
72 11 11
72 12 27
72 13 12
72 14 47
72 15 45
72 16 18
72 17 45
72 18 39
72 19 30
72 20 22
72 21 21
72 22 15
72 23 31
72 24 16
72 25 39
72 26 36
72 27 46
72 28 36
72 29 23
72 30 6
72 31 31
72 32 10
72 33 12
72 34 18
72 35 47
72 36 10
72 37 19
72 38 47
72 39 48
72 40 18
72 41 37
72 42 50
72 43 25
72 44 20
72 45 13
72 46 32
72 47 1
72 48 8
72 49 35
72 50 21
72 51 17
72 52 20
72 53 26
72 54 36
72 55 19
72 56 30
72 57 38
72 58 15
72 59 27
72 60 44
72 61 43
72 62 19
72 63 15
72 64 29
72 65 31
72 66 39
72 67 47
72 68 14
72 69 16
72 70 10
72 71 39
73 0 16
73 1 23
73 2 34
73 3 9
73 4 3
73 5 11
73 6 31
73 7 11
73 8 16
73 9 11
73 10 5
73 11 39
73 12 49
73 13 45
73 14 10
73 15 23
73 16 24
73 17 23
73 18 37
73 19 34
73 20 38
73 21 27
73 22 30
73 23 30
73 24 43
73 25 39
73 26 19
73 27 49
73 28 21
73 29 44
73 30 10
73 31 4
73 32 23
73 33 11
73 34 3
73 35 5
73 36 14
73 37 40
73 38 32
73 39 36
73 40 36
73 41 1
73 42 38
73 43 3
73 44 27
73 45 42
73 46 45
73 47 40
73 48 3
73 49 12
73 50 21
73 51 16
73 52 17
73 53 38
73 54 16
73 55 11
73 56 5
73 57 48
73 58 30
73 59 30
73 60 37
73 61 39
73 62 5
73 63 37
73 64 43
73 65 13
73 66 29
73 67 16
73 68 50
73 69 4
73 70 46
73 71 8
73 72 39
74 0 39
74 1 40
74 2 5
74 3 33
74 4 45
74 5 41
74 6 36
74 7 33
74 8 1
74 9 8
74 10 35
74 11 6
74 12 39
74 13 15
74 14 17
74 15 14
74 16 8
74 17 15
74 18 8
74 19 50
74 20 31
74 21 34
74 22 7
74 23 12
74 24 46
74 25 44
74 26 19
74 27 45
74 28 40
74 29 37
74 30 40
74 31 11
74 32 31
74 33 45
74 34 41
74 35 45
74 36 47
74 37 25
74 38 9
74 39 24
74 40 16
74 41 45
74 42 33
74 43 34
74 44 50
74 45 14
74 46 37
74 47 48
74 48 18
74 49 15
74 50 7
74 51 12
74 52 45
74 53 6
74 54 15
74 55 25
74 56 38
74 57 28
74 58 20
74 59 5
74 60 18
74 61 9
74 62 27
74 63 29
74 64 7
74 65 23
74 66 11
74 67 21
74 68 21
74 69 31
74 70 44
74 71 15
74 72 27
74 73 15
