70
2 1 33
3 2 33
5 2 16
6 1 2
6 2 49
6 5 47
7 0 24
7 1 48
7 2 35
7 3 18
8 3 15
8 4 22
8 7 31
9 0 3
9 4 42
9 5 4
10 0 18
10 1 46
10 3 37
10 5 44
10 7 19
10 8 17
11 2 37
11 3 25
11 4 26
11 8 12
12 0 48
12 1 33
12 4 16
12 5 17
12 6 45
12 8 23
12 10 46
13 0 19
13 1 13
13 2 9
13 3 20
13 4 25
13 6 33
13 7 44
13 9 46
13 10 31
14 0 45
14 1 45
14 4 40
14 7 24
14 8 46
14 9 21
14 12 20
15 1 31
15 6 42
15 7 25
15 8 2
15 9 2
15 11 3
15 12 14
15 13 17
16 2 20
16 4 15
16 5 7
16 7 34
16 11 43
16 14 14
17 0 6
17 1 47
17 7 12
17 8 20
17 10 6
17 11 40
17 12 47
17 14 33
17 16 23
18 0 29
18 1 32
18 2 28
18 5 5
18 6 20
18 7 41
18 10 39
18 11 28
18 12 40
18 13 29
18 14 32
18 16 5
19 0 34
19 1 49
19 4 37
19 5 18
19 6 39
19 7 30
19 8 50
19 12 26
19 14 11
19 16 27
20 0 26
20 1 16
20 2 26
20 5 25
20 7 20
20 9 15
20 10 31
20 11 16
20 14 27
20 15 11
20 16 39
21 2 47
21 4 5
21 6 2
21 8 12
21 9 5
21 10 27
21 15 13
21 16 7
21 19 27
21 20 5
22 0 8
22 1 1
22 2 47
22 4 9
22 5 30
22 11 6
22 13 44
22 14 16
22 17 11
22 18 20
22 19 11
22 21 31
23 2 44
23 5 34
23 6 45
23 8 16
23 11 25
23 15 15
23 16 49
23 17 43
23 21 13
23 22 10
24 0 40
24 2 15
24 4 5
24 5 33
24 10 42
24 12 30
24 18 34
24 23 48
25 1 18
25 4 47
25 9 32
25 16 41
25 20 35
25 21 7
25 23 23
26 1 44
26 4 1
26 6 10
26 8 8
26 10 24
26 12 22
26 13 28
26 14 29
26 16 14
26 20 16
26 22 45
26 24 47
26 25 10
27 0 22
27 2 37
27 4 6
27 5 49
27 6 31
27 7 10
27 8 10
27 12 32
27 14 40
27 17 11
28 4 43
28 5 29
28 8 45
28 12 40
28 15 40
28 17 42
28 18 33
28 20 24
28 22 16
28 24 46
29 0 31
29 1 12
29 4 38
29 5 39
29 11 26
29 12 12
29 13 43
29 14 39
29 16 43
29 17 39
29 19 50
29 24 38
29 25 48
29 26 19
29 28 8
30 2 31
30 3 33
30 5 43
30 7 38
30 10 25
30 11 47
30 13 47
30 14 21
30 15 7
30 16 11
30 17 6
30 22 31
30 23 37
30 24 5
30 25 23
30 26 28
30 27 1
30 28 8
31 0 30
31 3 10
31 6 24
31 7 30
31 8 25
31 9 25
31 10 46
31 14 12
31 16 26
31 17 4
31 20 16
31 21 50
31 22 41
31 23 44
31 25 14
31 29 27
31 30 17
32 0 40
32 1 7
32 2 17
32 3 46
32 5 25
32 6 39
32 7 46
32 9 26
32 10 28
32 11 19
32 12 10
32 13 21
32 14 45
32 16 43
32 21 21
32 23 18
32 24 20
32 27 34
32 31 11
33 0 27
33 3 19
33 7 39
33 8 42
33 12 17
33 13 39
33 14 46
33 15 3
33 16 16
33 18 7
33 20 50
33 21 16
33 27 28
33 28 15
33 31 19
34 0 5
34 2 34
34 5 37
34 6 15
34 7 9
34 16 23
34 19 32
34 20 28
34 22 41
34 24 4
34 25 41
34 26 15
34 27 41
34 32 18
35 3 30
35 4 16
35 5 19
35 8 18
35 10 27
35 12 49
35 14 44
35 15 6
35 21 22
35 22 17
35 23 10
35 25 3
35 26 44
35 27 20
35 29 26
35 33 43
35 34 24
36 2 14
36 3 31
36 4 6
36 5 6
36 8 22
36 9 9
36 10 40
36 15 6
36 18 2
36 20 47
36 23 37
36 26 49
36 27 17
36 32 34
36 34 13
36 35 30
37 0 36
37 1 42
37 6 49
37 8 50
37 14 23
37 15 33
37 16 45
37 18 5
37 19 36
37 20 33
37 21 31
37 29 25
37 31 41
37 32 28
37 33 17
37 35 34
37 36 18
38 0 26
38 1 16
38 7 46
38 9 38
38 11 49
38 12 35
38 13 8
38 14 9
38 15 37
38 17 3
38 21 7
38 24 3
38 25 32
38 27 28
38 30 8
38 32 48
38 33 12
38 35 49
39 0 16
39 3 24
39 7 19
39 8 20
39 9 32
39 12 28
39 13 9
39 14 25
39 18 27
39 21 35
39 22 28
39 24 20
39 27 33
39 29 13
39 31 19
39 35 13
39 37 13
40 0 21
40 3 26
40 4 10
40 5 17
40 8 25
40 11 14
40 12 2
40 13 12
40 14 24
40 17 11
40 19 43
40 21 42
40 22 26
40 26 47
40 29 11
40 30 19
40 31 11
40 32 3
40 33 14
40 35 10
40 36 41
40 37 21
40 38 31
41 1 36
41 2 33
41 3 16
41 4 34
41 5 27
41 11 2
41 13 25
41 14 4
41 17 13
41 18 16
41 19 32
41 21 14
41 22 29
41 23 4
41 24 45
41 26 49
41 27 22
41 28 42
41 29 2
41 30 44
41 31 18
41 34 24
41 35 8
41 36 19
41 37 25
41 38 8
41 40 47
42 5 29
42 6 17
42 7 8
42 9 43
42 10 38
42 11 1
42 20 28
42 21 6
42 22 43
42 24 48
42 26 1
42 31 36
42 34 15
42 36 15
42 37 37
42 38 13
42 39 2
42 40 10
42 41 12
43 1 7
43 2 7
43 5 9
43 7 19
43 8 10
43 12 41
43 17 42
43 18 16
43 22 31
43 26 35
43 27 20
43 28 36
43 30 21
43 31 10
43 33 32
43 34 14
43 36 3
43 38 2
43 42 11
44 0 50
44 3 23
44 5 11
44 7 50
44 15 23
44 16 13
44 17 31
44 19 16
44 20 16
44 22 37
44 27 39
44 28 29
44 31 11
44 32 3
44 33 30
44 35 7
44 39 38
45 9 10
45 11 33
45 12 28
45 13 23
45 16 38
45 17 7
45 18 25
45 21 29
45 27 19
45 29 20
45 30 3
45 33 38
45 34 11
45 36 34
45 37 32
45 40 35
45 42 2
45 44 35
46 1 32
46 2 15
46 3 10
46 6 8
46 7 2
46 9 50
46 10 42
46 11 29
46 17 4
46 21 32
46 22 4
46 23 26
46 24 39
46 25 21
46 29 32
46 30 23
46 32 26
46 33 49
46 34 11
46 43 3
46 44 7
46 45 22
47 0 29
47 3 40
47 4 5
47 7 4
47 8 2
47 10 49
47 11 30
47 14 14
47 15 40
47 17 18
47 18 8
47 19 19
47 21 8
47 23 42
47 29 9
47 30 23
47 33 32
47 36 1
47 37 14
47 41 23
47 43 16
47 44 32
47 45 29
47 46 1
48 1 8
48 3 50
48 4 36
48 5 48
48 6 26
48 9 13
48 10 9
48 11 28
48 12 15
48 14 15
48 18 48
48 19 30
48 20 29
48 23 11
48 24 12
48 25 46
48 26 4
48 27 37
48 28 15
48 30 24
48 32 13
48 33 9
48 34 13
48 37 5
48 41 32
48 42 6
48 44 43
48 46 17
49 0 25
49 3 19
49 5 47
49 6 2
49 8 48
49 9 8
49 10 13
49 13 10
49 17 39
49 18 50
49 20 11
49 21 26
49 23 31
49 24 28
49 26 2
49 27 10
49 28 34
49 31 24
49 32 28
49 33 1
49 34 48
49 35 1
49 36 13
49 39 28
49 40 5
49 42 31
49 43 45
49 45 23
49 46 19
49 48 48
50 1 43
50 4 28
50 5 18
50 6 13
50 7 26
50 8 29
50 10 18
50 11 27
50 12 6
50 13 21
50 16 50
50 17 47
50 18 42
50 19 15
50 20 16
50 21 14
50 23 3
50 25 45
50 26 29
50 27 42
50 28 14
50 32 14
50 33 23
50 34 24
50 35 24
50 36 47
50 37 34
50 38 9
50 39 49
50 42 5
50 43 37
50 45 22
50 47 38
50 48 39
50 49 22
51 1 38
51 3 33
51 6 22
51 7 24
51 10 15
51 13 9
51 16 11
51 17 33
51 18 32
51 19 33
51 20 43
51 21 42
51 23 9
51 24 5
51 26 40
51 27 16
51 28 42
51 29 10
51 30 11
51 35 29
51 37 1
51 39 26
51 44 37
51 47 33
51 50 47
52 0 40
52 4 34
52 5 30
52 8 41
52 10 34
52 11 37
52 18 19
52 19 10
52 20 6
52 21 2
52 22 1
52 24 1
52 26 14
52 28 26
52 30 15
52 31 26
52 32 17
52 34 18
52 36 48
52 37 12
52 39 44
52 40 5
52 44 48
52 49 22
52 51 24
53 1 43
53 2 32
53 5 44
53 6 11
53 8 11
53 12 31
53 13 41
53 14 40
53 15 33
53 18 26
53 19 7
53 20 3
53 22 27
53 23 45
53 24 37
53 27 10
53 28 32
53 30 28
53 31 42
53 36 44
53 38 24
53 40 22
53 41 44
53 44 15
53 45 38
53 47 29
53 49 45
53 51 30
54 1 9
54 5 49
54 6 36
54 7 17
54 9 16
54 10 41
54 14 4
54 19 23
54 21 9
54 22 7
54 23 31
54 25 16
54 29 42
54 30 34
54 31 12
54 36 31
54 40 27
54 41 48
54 42 39
54 44 31
54 45 39
54 46 11
54 47 48
54 48 4
54 50 27
54 51 9
55 3 22
55 5 2
55 6 17
55 9 27
55 11 29
55 12 44
55 16 16
55 17 25
55 19 20
55 20 19
55 27 50
55 28 19
55 29 13
55 30 41
55 31 27
55 32 47
55 34 29
55 36 1
55 39 46
55 42 20
55 44 27
55 46 8
55 48 7
55 50 46
55 51 37
55 52 36
55 53 15
55 54 44
56 0 46
56 1 12
56 2 29
56 4 1
56 6 13
56 8 48
56 12 19
56 13 18
56 18 12
56 20 39
56 21 50
56 24 35
56 32 3
56 33 31
56 34 44
56 35 5
56 39 23
56 40 44
56 41 7
56 46 13
56 47 5
56 49 13
56 50 28
56 51 46
56 53 22
57 2 32
57 3 43
57 5 18
57 7 39
57 8 36
57 11 35
57 12 31
57 19 2
57 22 3
57 23 45
57 24 12
57 26 30
57 28 29
57 29 11
57 30 33
57 32 45
57 33 15
57 35 37
57 36 35
57 37 13
57 38 36
57 41 37
57 42 38
57 43 9
57 44 6
57 47 5
57 51 24
57 53 44
57 54 44
57 56 50
58 0 5
58 1 1
58 3 30
58 5 31
58 6 11
58 7 32
58 8 46
58 9 9
58 10 22
58 15 2
58 17 18
58 19 11
58 20 24
58 21 22
58 22 47
58 23 43
58 29 12
58 32 37
58 36 40
58 38 2
58 40 42
58 41 12
58 44 40
58 46 49
58 47 24
58 50 34
58 51 35
58 52 10
58 53 21
58 54 33
58 56 18
59 0 19
59 5 24
59 6 33
59 7 17
59 9 11
59 13 44
59 14 48
59 16 44
59 17 19
59 18 6
59 20 32
59 21 14
59 22 50
59 24 19
59 26 34
59 27 31
59 31 37
59 33 32
59 36 29
59 37 7
59 38 11
59 39 17
59 40 28
59 41 36
59 42 50
59 44 25
59 45 31
59 46 3
59 47 16
59 53 2
59 55 14
59 58 12
60 1 1
60 3 42
60 5 2
60 8 20
60 13 22
60 14 50
60 16 18
60 17 34
60 18 25
60 21 49
60 22 41
60 23 40
60 28 35
60 32 35
60 33 49
60 35 26
60 40 14
60 41 38
60 42 27
60 44 33
60 48 46
60 53 5
60 54 34
60 55 28
60 58 11
60 59 49
61 0 27
61 1 16
61 3 25
61 4 34
61 6 24
61 8 11
61 9 27
61 13 49
61 16 22
61 18 6
61 22 2
61 23 31
61 26 20
61 33 26
61 38 32
61 40 3
61 41 22
61 43 32
61 46 37
61 47 7
61 48 11
61 50 16
61 51 1
61 52 45
61 53 3
61 56 29
61 57 39
61 58 32
62 3 42
62 4 44
62 7 13
62 12 28
62 13 13
62 16 12
62 17 42
62 18 30
62 20 35
62 22 5
62 24 19
62 29 34
62 33 3
62 35 39
62 37 25
62 40 15
62 42 32
62 43 2
62 44 25
62 46 24
62 47 35
62 48 26
62 50 47
62 53 16
62 59 43
62 61 42
63 0 2
63 1 41
63 3 24
63 4 10
63 6 41
63 7 6
63 9 39
63 10 3
63 11 4
63 12 22
63 15 26
63 16 6
63 21 25
63 23 50
63 27 48
63 33 3
63 36 47
63 37 47
63 38 16
63 39 9
63 43 45
63 44 34
63 47 46
63 49 26
63 50 43
63 51 40
63 55 16
63 56 24
63 62 15
64 1 3
64 2 34
64 3 8
64 9 42
64 11 12
64 21 39
64 23 27
64 25 23
64 26 44
64 28 30
64 29 49
64 32 12
64 34 2
64 37 31
64 38 47
64 39 33
64 40 8
64 44 4
64 47 24
64 48 15
64 49 48
64 50 2
64 51 5
64 58 37
64 59 9
64 62 42
65 2 7
65 4 39
65 7 14
65 13 49
65 14 17
65 15 10
65 16 40
65 18 39
65 25 20
65 26 7
65 28 31
65 30 4
65 32 31
65 33 43
65 35 47
65 40 11
65 44 14
65 45 22
65 47 40
65 49 41
65 50 32
65 51 48
65 52 1
65 53 2
65 54 44
65 55 18
65 56 33
65 57 18
65 58 50
65 59 21
65 60 13
65 61 14
65 62 10
65 63 22
66 1 12
66 3 7
66 6 37
66 7 42
66 10 15
66 11 20
66 15 22
66 16 14
66 17 24
66 18 30
66 19 9
66 21 8
66 23 5
66 25 21
66 26 43
66 27 38
66 28 1
66 31 37
66 34 25
66 37 24
66 38 47
66 39 22
66 40 28
66 41 49
66 44 6
66 45 47
66 46 10
66 48 21
66 51 23
66 53 12
66 56 23
66 57 33
66 59 49
66 62 26
66 64 41
67 1 43
67 3 1
67 4 43
67 7 40
67 9 1
67 10 5
67 13 2
67 15 31
67 17 38
67 18 50
67 19 31
67 22 43
67 24 25
67 29 7
67 30 17
67 33 39
67 35 5
67 36 23
67 37 37
67 38 48
67 39 35
67 41 12
67 42 27
67 44 37
67 45 23
67 46 48
67 47 20
67 48 8
67 49 18
67 55 7
67 58 38
67 62 37
67 63 40
67 64 48
67 66 18
68 0 17
68 1 29
68 2 31
68 3 31
68 4 23
68 5 25
68 6 35
68 7 21
68 8 45
68 9 10
68 13 9
68 14 6
68 16 47
68 21 31
68 22 7
68 24 44
68 25 4
68 27 42
68 29 27
68 30 49
68 32 14
68 33 42
68 34 50
68 39 37
68 40 37
68 44 31
68 46 12
68 49 5
68 54 1
68 58 46
68 59 30
68 62 16
68 63 20
68 65 3
68 66 44
68 67 49
69 0 3
69 1 42
69 2 4
69 3 35
69 5 39
69 8 28
69 9 38
69 13 11
69 17 12
69 22 35
69 23 35
69 25 27
69 29 29
69 31 26
69 35 26
69 36 7
69 39 33
69 40 25
69 41 35
69 43 41
69 45 1
69 46 33
69 48 2
69 49 3
69 60 6
69 61 5
69 62 39
69 63 13
69 68 26
