70
1 0 42
2 1 6
3 0 7
4 1 48
4 2 31
5 1 27
5 3 20
6 1 27
6 2 33
6 3 3
6 5 11
7 0 23
7 1 10
7 2 47
7 6 39
8 0 41
8 1 10
8 4 13
8 7 23
9 2 36
9 4 39
9 5 38
9 8 21
10 0 27
10 1 25
11 2 20
11 4 44
11 5 9
11 6 12
11 9 9
11 10 4
12 0 34
12 2 16
12 3 4
12 4 34
12 5 47
12 7 8
12 10 22
13 0 29
13 2 1
13 4 46
13 5 37
13 6 47
13 8 32
13 10 33
13 11 26
14 3 4
14 7 41
14 10 13
14 11 7
14 12 9
15 1 19
15 3 16
15 5 19
15 6 19
15 10 40
15 14 32
16 0 39
16 7 17
16 9 35
16 10 31
16 13 41
17 0 27
17 1 10
17 5 46
17 8 49
17 11 12
17 15 39
18 0 46
18 1 20
18 5 33
18 7 30
18 10 22
18 11 8
18 15 41
18 16 26
18 17 29
19 1 9
19 4 38
19 5 35
19 8 36
19 15 39
20 0 39
20 1 37
20 2 8
20 3 7
20 10 26
20 14 33
20 15 23
20 16 4
20 19 27
21 1 34
21 2 5
21 4 14
21 5 47
21 8 28
21 10 3
21 11 23
21 12 21
21 14 25
21 18 37
21 19 4
22 2 6
22 3 3
22 4 18
22 5 45
22 11 43
22 13 31
22 14 14
22 16 4
22 17 34
22 19 18
23 0 32
23 1 46
23 6 23
23 8 28
23 10 49
23 12 32
23 13 21
23 17 36
23 18 46
23 19 50
23 20 21
23 22 26
24 0 17
24 1 48
24 4 10
24 5 45
24 6 44
24 11 8
24 15 31
24 16 35
24 17 18
24 18 49
24 19 34
24 22 10
25 1 35
25 3 31
25 5 30
25 7 35
25 10 4
25 12 36
25 13 27
25 14 38
25 15 5
25 18 22
25 19 34
25 20 46
25 21 40
25 23 5
25 24 9
26 0 25
26 1 40
26 3 47
26 5 25
26 7 14
26 9 38
26 10 2
26 11 28
26 12 15
26 13 29
26 14 43
26 15 18
26 16 5
26 17 36
26 20 26
26 22 34
26 24 17
26 25 38
27 0 31
27 1 40
27 2 5
27 3 15
27 4 32
27 5 7
27 6 1
27 7 47
27 8 8
27 11 1
27 12 25
27 13 4
27 14 18
27 18 47
27 20 16
27 21 44
27 22 5
27 23 41
27 25 26
28 1 41
28 2 37
28 3 49
28 4 33
28 7 50
28 9 3
28 10 5
28 11 25
28 12 40
28 13 46
28 14 2
28 19 11
28 20 46
28 21 35
28 23 41
28 26 34
29 0 29
29 1 49
29 5 21
29 8 35
29 9 18
29 10 41
29 15 16
29 16 13
29 17 20
29 18 27
29 20 34
29 21 32
29 22 39
29 23 41
29 24 25
29 25 50
29 28 22
30 1 6
30 2 8
30 5 37
30 8 43
30 9 30
30 10 38
30 16 46
30 17 46
30 18 44
30 22 19
30 23 21
30 24 1
30 25 14
30 26 31
30 27 4
31 0 6
31 6 50
31 7 50
31 9 33
31 10 23
31 11 41
31 13 2
31 14 2
31 15 45
31 19 30
31 20 16
31 21 32
31 24 46
31 26 42
31 30 8
32 2 33
32 4 5
32 8 15
32 10 29
32 12 33
32 14 17
32 15 24
32 16 32
32 21 6
32 25 38
32 28 40
33 1 2
33 2 21
33 3 32
33 4 40
33 5 17
33 7 28
33 8 12
33 12 34
33 14 12
33 15 8
33 18 22
33 19 31
33 20 18
33 26 39
33 27 2
33 29 23
33 30 23
34 1 1
34 2 46
34 3 25
34 9 16
34 12 38
34 13 1
34 14 37
34 16 34
34 17 3
34 18 42
34 21 32
34 22 49
34 24 9
34 28 27
34 29 34
34 30 50
34 31 43
34 32 5
34 33 21
35 0 42
35 1 31
35 2 50
35 5 24
35 6 5
35 7 47
35 9 8
35 10 5
35 11 25
35 13 17
35 16 2
35 18 5
35 20 41
35 24 12
35 25 21
35 28 35
35 29 41
35 31 40
35 33 34
36 3 43
36 4 6
36 5 38
36 6 32
36 7 34
36 10 8
36 18 28
36 19 49
36 20 9
36 25 24
36 27 27
36 28 31
36 33 23
37 1 29
37 2 2
37 3 32
37 5 5
37 6 15
37 7 47
37 8 3
37 9 17
37 11 15
37 12 50
37 13 23
37 14 35
37 15 33
37 17 46
37 22 30
37 24 12
37 25 1
37 27 4
37 32 10
37 33 17
37 34 4
37 35 12
38 0 44
38 1 38
38 2 31
38 6 17
38 7 46
38 9 18
38 12 20
38 17 38
38 20 14
38 21 17
38 24 26
38 29 17
38 30 41
38 32 25
38 33 26
38 35 32
38 37 47
39 2 47
39 6 44
39 8 26
39 13 14
39 15 3
39 17 25
39 18 19
39 20 28
39 21 19
39 23 28
39 25 5
39 26 21
39 31 6
39 32 15
39 34 4
39 36 26
39 37 24
40 2 18
40 3 19
40 4 20
40 6 29
40 7 11
40 11 45
40 12 27
40 13 35
40 15 8
40 16 34
40 25 43
40 26 2
40 27 43
40 28 3
40 29 34
40 31 22
40 33 1
40 34 26
40 35 11
40 39 4
41 0 24
41 2 31
41 6 23
41 8 25
41 10 2
41 12 1
41 13 6
41 17 11
41 22 37
41 23 10
41 25 37
41 26 50
41 29 18
41 30 22
41 32 47
41 33 28
41 38 19
41 39 45
42 2 31
42 3 44
42 5 43
42 6 21
42 7 27
42 9 31
42 10 4
42 18 27
42 19 12
42 20 42
42 23 9
42 28 24
42 29 16
42 31 17
42 35 22
42 36 7
42 38 45
42 39 46
42 41 45
43 0 10
43 1 19
43 2 3
43 3 33
43 5 39
43 10 47
43 12 12
43 13 24
43 19 48
43 22 31
43 23 2
43 26 33
43 32 31
43 33 41
43 36 33
43 37 30
43 39 29
43 41 28
43 42 39
44 0 10
44 1 27
44 2 23
44 4 7
44 5 2
44 7 50
44 8 40
44 9 41
44 11 27
44 12 22
44 13 46
44 14 30
44 15 9
44 16 32
44 17 4
44 19 35
44 20 24
44 21 49
44 26 41
44 27 2
44 32 45
44 33 44
44 38 33
44 39 22
44 40 16
44 42 5
45 0 23
45 9 13
45 10 12
45 11 27
45 15 23
45 16 23
45 17 38
45 20 32
45 22 32
45 23 17
45 24 17
45 25 3
45 26 28
45 30 29
45 34 14
45 35 8
45 38 45
45 40 5
45 43 16
45 44 48
46 2 33
46 4 42
46 6 33
46 7 44
46 8 24
46 11 5
46 16 7
46 18 5
46 21 42
46 23 3
46 24 17
46 28 21
46 31 23
46 34 12
46 36 6
46 37 24
46 41 27
46 42 25
46 43 17
47 1 47
47 4 3
47 5 32
47 8 17
47 9 41
47 10 39
47 11 4
47 17 46
47 18 6
47 19 39
47 20 41
47 21 27
47 22 10
47 25 13
47 26 1
47 27 44
47 34 31
47 36 4
47 38 48
47 39 6
47 40 24
47 41 5
47 43 41
47 44 7
47 45 15
47 46 32
48 0 30
48 1 22
48 9 3
48 11 40
48 14 29
48 17 38
48 18 48
48 19 19
48 20 44
48 21 14
48 23 29
48 24 49
48 26 3
48 27 13
48 28 24
48 29 21
48 32 16
48 33 25
48 35 47
48 36 34
48 37 12
48 40 15
48 45 13
48 46 7
48 47 1
49 0 28
49 1 45
49 3 40
49 6 35
49 7 34
49 12 16
49 14 29
49 18 24
49 19 38
49 21 32
49 23 13
49 24 8
49 26 19
49 31 28
49 32 41
49 33 43
49 45 22
49 46 18
50 1 16
50 5 15
50 7 32
50 8 2
50 10 16
50 12 6
50 14 5
50 15 15
50 17 29
50 18 18
50 20 26
50 26 6
50 27 4
50 33 48
50 34 43
50 37 8
50 40 1
50 42 3
50 44 32
51 2 23
51 4 50
51 6 12
51 7 30
51 9 26
51 17 27
51 18 41
51 23 18
51 24 17
51 27 24
51 28 27
51 34 50
51 35 21
51 37 23
51 39 26
51 41 7
51 43 44
51 44 32
51 45 37
51 46 33
51 47 24
51 50 22
52 0 2
52 1 21
52 3 7
52 6 8
52 9 2
52 10 31
52 11 2
52 13 35
52 14 27
52 15 3
52 18 22
52 20 36
52 22 2
52 27 39
52 32 17
52 33 42
52 35 24
52 37 22
52 40 50
52 41 12
52 42 31
52 45 3
52 48 32
52 50 43
52 51 41
53 0 2
53 1 12
53 2 25
53 6 20
53 9 1
53 10 36
53 11 27
53 12 38
53 14 38
53 16 15
53 19 10
53 20 13
53 24 25
53 26 18
53 28 35
53 35 45
53 37 34
53 38 4
53 40 3
53 41 27
53 42 7
53 43 34
53 44 10
53 45 15
53 48 47
54 1 43
54 5 11
54 7 6
54 10 34
54 11 19
54 12 41
54 17 12
54 19 7
54 21 3
54 25 25
54 27 31
54 28 30
54 29 9
54 30 15
54 33 30
54 37 49
54 38 38
54 39 21
54 40 27
54 42 46
54 43 3
54 47 7
54 50 13
54 51 26
54 52 21
54 53 27
55 2 47
55 5 37
55 6 17
55 9 42
55 10 40
55 11 49
55 12 38
55 14 50
55 16 41
55 17 4
55 20 30
55 24 5
55 25 34
55 28 36
55 32 18
55 34 3
55 36 26
55 39 7
55 41 2
55 42 14
55 45 6
55 47 31
55 48 9
55 49 9
55 50 4
55 52 36
55 54 29
56 2 48
56 5 40
56 6 41
56 7 2
56 8 44
56 9 25
56 11 5
56 16 38
56 19 48
56 21 13
56 23 28
56 29 42
56 32 45
56 34 19
56 35 1
56 36 44
56 37 45
56 38 34
56 41 4
56 44 31
56 48 15
56 52 18
56 53 41
56 54 47
57 1 11
57 2 34
57 5 36
57 7 13
57 8 27
57 10 15
57 14 46
57 15 12
57 16 32
57 18 19
57 19 24
57 20 32
57 21 45
57 22 49
57 27 2
57 28 42
57 30 6
57 32 39
57 33 38
57 36 31
57 37 31
57 38 34
57 40 18
57 41 14
57 43 45
57 44 29
57 45 11
57 49 37
57 50 42
57 52 41
57 54 47
58 0 50
58 1 29
58 3 29
58 6 4
58 10 44
58 11 17
58 12 10
58 13 26
58 14 1
58 20 43
58 22 33
58 25 7
58 30 15
58 31 16
58 32 22
58 33 32
58 36 22
58 37 11
58 38 25
58 39 32
58 43 37
58 44 34
58 49 49
58 50 16
58 53 13
58 55 12
58 56 40
59 1 23
59 3 42
59 6 50
59 8 31
59 9 45
59 11 46
59 12 4
59 13 5
59 14 27
59 17 7
59 18 6
59 19 29
59 21 48
59 23 9
59 27 17
59 30 3
59 36 1
59 42 36
59 43 17
59 44 34
59 46 26
59 48 48
59 49 30
59 51 17
59 53 31
59 54 40
59 55 25
59 56 21
60 1 11
60 5 41
60 6 16
60 7 11
60 10 27
60 12 36
60 13 4
60 17 35
60 19 25
60 20 6
60 21 30
60 22 24
60 23 12
60 25 18
60 26 50
60 27 15
60 28 24
60 29 18
60 30 45
60 31 16
60 32 16
60 33 4
60 39 11
60 40 7
60 42 29
60 48 22
60 50 2
60 51 14
60 52 4
60 53 20
60 56 28
60 57 30
60 58 6
61 3 6
61 4 11
61 5 33
61 9 42
61 10 49
61 13 35
61 14 18
61 16 9
61 18 2
61 19 3
61 21 2
61 24 1
61 26 11
61 30 21
61 32 25
61 33 25
61 35 45
61 36 32
61 38 20
61 39 11
61 40 14
61 41 18
61 43 6
61 44 7
61 46 6
61 48 46
61 50 4
61 51 6
61 52 13
61 57 13
61 59 26
61 60 17
62 0 28
62 1 35
62 4 48
62 5 8
62 7 44
62 10 38
62 11 19
62 14 19
62 18 45
62 20 26
62 21 3
62 23 30
62 24 25
62 29 14
62 30 42
62 32 1
62 34 47
62 35 20
62 39 34
62 41 14
62 43 13
62 44 22
62 45 12
62 46 36
62 48 41
62 49 26
62 52 50
62 53 17
62 55 39
62 59 21
62 60 35
62 61 47
63 0 39
63 1 12
63 2 39
63 5 26
63 8 12
63 10 26
63 13 47
63 15 31
63 16 45
63 17 33
63 18 41
63 22 19
63 25 8
63 26 10
63 29 32
63 31 35
63 32 43
63 33 8
63 35 34
63 37 9
63 38 33
63 39 24
63 40 14
63 43 23
63 45 36
63 47 30
63 51 13
63 52 8
63 54 12
63 56 36
63 57 40
63 59 22
63 61 24
63 62 38
64 1 3
64 2 12
64 5 12
64 6 42
64 7 22
64 8 10
64 10 20
64 12 50
64 14 37
64 18 28
64 19 20
64 20 10
64 23 19
64 25 50
64 28 47
64 30 35
64 31 50
64 32 45
64 33 35
64 35 49
64 36 31
64 37 25
64 38 2
64 39 40
64 40 7
64 45 21
64 46 48
64 47 25
64 50 18
64 52 39
64 54 30
64 55 25
64 56 45
64 57 15
64 58 35
64 62 15
65 0 9
65 3 1
65 5 41
65 6 7
65 7 25
65 9 50
65 10 37
65 13 24
65 14 24
65 15 46
65 16 6
65 17 40
65 19 25
65 21 12
65 27 5
65 28 19
65 29 49
65 31 28
65 32 14
65 33 16
65 34 38
65 35 15
65 36 9
65 37 24
65 39 1
65 40 3
65 41 13
65 45 4
65 49 8
65 50 9
65 51 12
65 52 2
65 54 35
65 55 14
65 57 40
65 58 38
65 59 35
65 60 27
65 61 6
65 62 37
65 64 15
66 1 17
66 3 20
66 5 9
66 7 30
66 10 21
66 11 1
66 12 41
66 13 13
66 14 46
66 16 44
66 17 14
66 18 44
66 19 38
66 20 41
66 21 23
66 22 46
66 23 27
66 25 28
66 27 14
66 30 35
66 31 25
66 33 6
66 34 42
66 42 28
66 43 27
66 45 26
66 51 5
66 52 16
66 56 47
66 58 38
66 62 10
66 64 41
66 65 10
67 0 50
67 1 4
67 2 9
67 3 17
67 5 14
67 7 40
67 8 7
67 9 21
67 11 49
67 13 43
67 15 28
67 16 20
67 22 23
67 31 32
67 34 36
67 36 22
67 40 44
67 41 40
67 43 9
67 44 48
67 47 24
67 51 7
67 53 19
67 54 27
67 55 35
67 59 35
67 60 47
67 62 31
67 64 29
67 65 48
67 66 38
68 0 18
68 1 39
68 2 38
68 3 47
68 4 46
68 7 10
68 11 5
68 12 18
68 14 50
68 15 28
68 19 26
68 20 42
68 24 21
68 25 19
68 27 50
68 29 22
68 33 10
68 34 20
68 35 17
68 36 27
68 40 4
68 41 29
68 43 50
68 45 6
68 46 6
68 48 18
68 50 29
68 51 29
68 54 47
68 57 46
68 60 21
68 62 27
68 63 46
68 64 41
68 67 41
69 0 10
69 1 5
69 3 20
69 5 38
69 7 13
69 10 20
69 13 28
69 14 35
69 15 15
69 16 6
69 18 16
69 19 3
69 20 18
69 21 35
69 22 42
69 26 29
69 28 23
69 29 23
69 30 35
69 32 24
69 34 1
69 37 10
69 41 40
69 43 46
69 44 42
69 45 13
69 46 14
69 50 32
69 51 31
69 52 31
69 54 12
69 56 44
69 59 47
69 60 31
69 62 47
69 65 1
