55
1 0 17
2 1 23
3 1 25
4 0 12
4 3 14
5 1 5
5 3 14
5 4 37
6 2 34
6 4 22
7 1 24
7 2 35
7 5 20
8 0 25
8 1 9
8 2 29
8 3 39
8 4 22
8 5 26
8 7 31
9 0 1
9 5 43
9 6 17
10 0 38
10 3 35
10 4 50
10 5 8
10 7 22
10 9 30
11 0 34
11 2 35
11 3 9
11 4 28
11 5 11
11 8 48
12 2 24
12 3 18
12 4 30
12 6 36
12 10 33
13 0 5
13 4 49
13 6 8
13 9 28
14 1 30
14 2 14
14 4 9
14 5 30
14 6 36
14 7 39
14 8 25
14 10 33
14 11 33
15 1 25
15 2 30
15 3 36
15 5 9
15 6 17
15 8 15
15 10 1
15 11 24
15 12 11
15 13 7
16 1 25
16 3 13
16 4 20
16 5 23
16 7 33
16 8 32
16 9 3
16 11 5
16 12 38
16 13 8
16 14 46
16 15 45
17 0 35
17 1 37
17 2 24
17 4 28
17 5 6
17 6 22
17 7 1
17 9 15
17 10 16
17 12 38
17 15 25
17 16 15
18 0 19
18 2 2
18 4 18
18 13 43
18 14 12
19 1 47
19 5 10
19 6 34
19 9 39
19 11 27
19 14 49
19 15 18
19 16 14
19 18 27
20 0 45
20 4 20
20 6 21
20 8 50
20 9 19
20 10 39
20 12 5
20 15 24
20 18 18
20 19 12
21 1 22
21 5 33
21 7 28
21 10 20
21 13 48
21 14 22
21 18 33
22 5 24
22 6 43
22 7 30
22 9 30
22 10 29
22 11 42
22 16 10
22 18 49
22 21 41
23 1 35
23 4 49
23 6 37
23 7 1
23 10 25
23 15 7
23 18 10
23 21 42
23 22 36
24 1 33
24 2 29
24 3 45
24 4 12
24 7 3
24 11 15
24 12 16
24 13 42
24 14 11
24 15 38
24 18 13
24 23 33
25 3 22
25 4 1
25 6 3
25 7 50
25 10 48
25 11 23
25 14 25
25 15 2
25 16 17
25 19 26
25 21 30
25 22 12
25 23 18
25 24 16
26 3 14
26 4 15
26 5 10
26 11 12
26 12 45
26 13 45
26 14 50
26 19 32
26 22 37
26 25 7
27 1 8
27 3 26
27 4 50
27 5 23
27 9 32
27 12 47
27 13 24
27 18 44
27 19 43
27 22 45
27 24 23
27 25 11
28 5 6
28 7 40
28 10 34
28 11 13
28 12 14
28 16 46
28 18 44
28 20 22
28 22 40
28 26 29
28 27 41
29 0 38
29 7 40
29 10 33
29 11 48
29 13 33
29 16 24
29 18 12
29 22 23
29 23 7
29 24 3
29 26 29
29 27 11
29 28 3
30 0 19
30 1 35
30 3 20
30 6 41
30 7 15
30 8 16
30 9 18
30 10 46
30 12 3
30 13 41
30 14 27
30 17 5
30 19 1
30 21 10
30 22 28
30 24 23
30 27 29
30 28 20
31 0 15
31 1 14
31 2 11
31 4 31
31 5 39
31 6 34
31 10 13
31 11 6
31 12 50
31 13 10
31 14 46
31 15 47
31 21 26
31 22 50
31 24 36
31 25 45
31 28 46
31 29 41
31 30 35
32 0 48
32 1 34
32 2 28
32 3 43
32 4 24
32 7 21
32 9 35
32 11 6
32 12 27
32 15 49
32 17 48
32 19 2
32 23 14
32 24 43
32 26 25
32 28 32
32 29 49
32 30 46
33 0 20
33 1 5
33 6 10
33 8 22
33 9 4
33 10 22
33 11 39
33 12 40
33 17 36
33 21 44
33 22 29
33 24 11
33 29 8
33 31 45
33 32 24
34 0 6
34 2 37
34 3 31
34 7 29
34 9 9
34 15 47
34 16 11
34 17 11
34 21 35
34 23 33
34 24 40
34 32 41
34 33 47
35 2 35
35 5 46
35 12 2
35 13 41
35 16 46
35 18 42
35 23 6
35 24 26
35 25 10
35 26 29
35 27 16
35 28 29
35 30 3
35 31 40
35 32 6
35 33 9
35 34 2
36 2 36
36 3 45
36 4 49
36 6 16
36 7 22
36 8 39
36 9 10
36 10 16
36 11 33
36 13 39
36 15 38
36 20 33
36 22 40
36 23 29
36 26 48
36 27 46
36 28 23
36 29 45
36 30 50
36 34 20
37 0 42
37 3 18
37 4 14
37 8 44
37 10 28
37 11 42
37 15 32
37 16 34
37 18 40
37 19 26
37 21 7
37 23 36
37 25 8
37 26 19
37 30 40
37 31 23
38 0 41
38 2 42
38 5 12
38 6 32
38 8 28
38 9 41
38 10 31
38 11 38
38 13 22
38 14 49
38 15 26
38 16 32
38 17 32
38 20 37
38 21 37
38 22 40
38 23 47
38 26 10
38 27 35
38 32 18
38 34 30
38 36 19
39 5 45
39 10 11
39 16 39
39 18 25
39 19 3
39 20 49
39 21 12
39 25 28
39 26 49
39 27 43
39 28 50
39 29 6
39 30 43
39 32 49
39 33 3
39 35 50
39 36 40
39 37 37
39 38 24
40 0 13
40 3 32
40 4 10
40 5 14
40 7 44
40 8 23
40 9 5
40 13 25
40 14 22
40 15 19
40 17 16
40 19 11
40 22 9
40 24 35
40 25 47
40 26 25
40 27 11
40 30 3
40 32 19
41 0 44
41 1 32
41 2 15
41 3 35
41 6 47
41 7 11
41 8 43
41 9 33
41 16 11
41 21 49
41 26 39
41 28 27
41 29 4
41 32 6
41 33 29
41 38 7
41 40 44
42 1 1
42 4 39
42 5 17
42 7 28
42 8 8
42 9 12
42 10 17
42 13 41
42 14 17
42 16 5
42 17 15
42 18 44
42 19 20
42 20 8
42 21 25
42 25 13
42 27 25
42 28 17
42 29 17
42 31 42
42 32 27
42 35 27
42 38 32
42 39 16
43 0 7
43 1 50
43 3 32
43 4 21
43 7 18
43 9 13
43 10 42
43 12 42
43 14 27
43 15 16
43 17 32
43 19 9
43 20 36
43 24 30
43 25 5
43 26 12
43 32 39
43 33 45
43 35 7
43 37 19
43 39 29
44 1 17
44 2 37
44 4 46
44 7 24
44 9 7
44 12 16
44 19 22
44 21 45
44 22 26
44 23 23
44 24 34
44 26 5
44 27 42
44 29 46
44 30 18
44 31 18
44 32 2
44 37 30
44 38 46
44 40 46
44 41 25
44 42 10
45 3 34
45 13 32
45 14 32
45 15 44
45 16 46
45 17 24
45 18 22
45 21 25
45 22 20
45 23 44
45 24 5
45 25 4
45 26 33
45 28 44
45 30 32
45 32 4
45 34 34
45 35 43
45 38 8
45 44 1
46 1 14
46 3 44
46 5 2
46 8 5
46 9 42
46 10 47
46 11 39
46 13 40
46 18 50
46 20 46
46 21 8
46 22 20
46 23 2
46 28 49
46 29 46
46 31 7
46 32 46
46 33 2
46 34 21
46 35 3
46 36 13
46 37 48
46 40 4
46 41 2
46 44 37
46 45 22
47 1 46
47 2 9
47 6 2
47 8 40
47 10 11
47 12 1
47 18 14
47 21 23
47 24 28
47 26 48
47 27 28
47 28 2
47 29 16
47 31 14
47 33 13
47 35 6
47 39 45
47 40 13
47 44 50
47 45 14
48 0 2
48 4 17
48 6 46
48 8 20
48 9 7
48 11 37
48 14 12
48 15 11
48 19 15
48 23 2
48 25 9
48 28 23
48 29 4
48 31 21
48 33 6
48 35 33
48 39 25
48 40 21
48 42 34
48 43 14
48 44 33
48 45 6
48 46 9
48 47 43
49 0 19
49 2 16
49 7 39
49 10 30
49 11 11
49 13 44
49 15 17
49 16 26
49 17 4
49 18 5
49 21 44
49 28 20
49 29 34
49 34 39
49 37 13
49 41 18
49 42 23
49 43 38
49 45 6
49 46 48
49 48 9
50 1 36
50 3 48
50 6 40
50 7 20
50 8 37
50 11 22
50 12 15
50 13 40
50 14 21
50 15 33
50 17 16
50 20 3
50 22 47
50 24 48
50 25 3
50 26 10
50 28 45
50 29 29
50 31 14
50 33 10
50 35 30
50 38 2
50 42 32
50 44 15
50 47 28
50 48 8
51 0 34
51 1 21
51 2 21
51 4 45
51 9 30
51 11 9
51 13 17
51 14 2
51 16 15
51 24 18
51 25 7
51 29 12
51 31 29
51 32 16
51 33 34
51 34 43
51 36 41
51 39 1
51 40 12
51 43 16
51 45 22
51 46 16
51 47 34
51 48 8
52 11 8
52 12 8
52 13 48
52 14 42
52 17 27
52 18 32
52 21 27
52 22 14
52 23 40
52 24 7
52 26 34
52 27 18
52 28 23
52 29 39
52 30 12
52 31 40
52 32 13
52 33 30
52 35 46
52 37 43
52 39 17
52 44 16
52 45 40
52 46 9
52 50 5
52 51 14
53 4 18
53 5 37
53 6 24
53 9 26
53 15 44
53 16 27
53 17 30
53 18 18
53 22 11
53 23 39
53 25 38
53 26 4
53 31 13
53 32 40
53 33 7
53 34 28
53 36 2
53 38 29
53 42 50
53 47 22
53 50 28
53 51 32
53 52 41
54 2 46
54 5 15
54 6 26
54 8 40
54 10 18
54 12 15
54 13 30
54 15 18
54 16 48
54 17 33
54 19 19
54 22 2
54 23 20
54 31 45
54 32 3
54 34 38
54 35 32
54 36 39
54 42 42
54 44 40
54 45 32
54 46 5
54 49 40
54 51 31
54 52 49
