65
1 0 1
2 0 3
2 1 2
3 0 3
3 1 1
3 2 2
4 0 2
4 1 5
4 2 2
4 3 1
5 0 4
5 1 1
5 2 2
5 3 5
5 4 3
6 0 4
6 1 1
6 2 2
6 3 5
6 4 5
6 5 1
7 0 2
7 1 1
7 2 3
7 3 2
7 4 5
7 5 1
7 6 1
8 0 4
8 1 4
8 2 1
8 3 4
8 4 4
8 5 5
8 6 3
8 7 1
9 0 1
9 1 5
9 2 5
9 3 2
9 4 4
9 5 1
9 6 1
9 7 5
9 8 5
10 0 2
10 1 4
10 2 1
10 3 1
10 4 4
10 5 2
10 6 1
10 7 3
10 8 5
10 9 4
11 0 5
11 1 3
11 2 4
11 3 3
11 4 1
11 5 1
11 6 3
11 7 2
11 8 5
11 9 2
11 10 1
12 0 3
12 1 5
12 2 4
12 3 2
12 4 4
12 5 4
12 6 4
12 7 4
12 8 1
12 9 5
12 10 5
12 11 1
13 0 1
13 1 3
13 2 5
13 3 1
13 4 2
13 5 5
13 6 4
13 7 5
13 8 5
13 9 1
13 10 1
13 11 3
13 12 3
14 0 1
14 1 3
14 2 2
14 3 1
14 4 2
14 5 1
14 6 4
14 7 3
14 8 5
14 9 1
14 10 4
14 11 2
14 12 1
14 13 2
15 0 2
15 1 3
15 2 5
15 3 4
15 4 3
15 5 4
15 6 2
15 7 2
15 8 3
15 9 1
15 10 4
15 11 4
15 12 2
15 13 4
15 14 2
16 0 2
16 1 2
16 2 3
16 3 5
16 4 3
16 5 3
16 6 1
16 7 4
16 8 4
16 9 1
16 10 3
16 11 1
16 12 5
16 13 1
16 14 5
16 15 1
17 0 5
17 1 1
17 2 2
17 3 5
17 4 3
17 5 3
17 6 4
17 7 4
17 8 5
17 9 4
17 10 2
17 11 1
17 12 5
17 13 2
17 14 5
17 15 2
17 16 2
18 0 4
18 1 3
18 2 3
18 3 5
18 4 2
18 5 2
18 6 5
18 7 1
18 8 1
18 9 3
18 10 4
18 11 2
18 12 4
18 13 5
18 14 5
18 15 3
18 16 1
18 17 2
19 0 2
19 1 2
19 2 2
19 3 4
19 4 4
19 5 5
19 6 4
19 7 2
19 8 2
19 9 1
19 10 3
19 11 3
19 12 2
19 13 4
19 14 1
19 15 5
19 16 2
19 17 4
19 18 2
20 0 2
20 1 2
20 2 2
20 3 5
20 4 5
20 5 1
20 6 2
20 7 3
20 8 4
20 9 4
20 10 3
20 11 5
20 12 4
20 13 5
20 14 2
20 15 3
20 16 3
20 17 3
20 18 4
20 19 2
21 0 1
21 1 3
21 2 5
21 3 3
21 4 1
21 5 1
21 6 2
21 7 3
21 8 2
21 9 3
21 10 4
21 11 2
21 12 5
21 13 1
21 14 2
21 15 4
21 16 1
21 17 1
21 18 3
21 19 2
21 20 2
22 0 5
22 1 3
22 2 4
22 3 2
22 4 3
22 5 1
22 6 4
22 7 1
22 8 2
22 9 3
22 10 3
22 11 3
22 12 5
22 13 5
22 14 1
22 15 2
22 16 3
22 17 3
22 18 2
22 19 3
22 20 3
22 21 3
23 0 1
23 1 4
23 2 4
23 3 3
23 4 2
23 5 5
23 6 4
23 7 1
23 8 4
23 9 2
23 10 4
23 11 3
23 12 4
23 13 1
23 14 1
23 15 5
23 16 5
23 17 3
23 18 3
23 19 2
23 20 2
23 21 3
23 22 5
24 0 3
24 1 4
24 2 2
24 3 3
24 4 3
24 5 2
24 6 5
24 7 4
24 8 3
24 9 2
24 10 2
24 11 3
24 12 4
24 13 1
24 14 1
24 15 4
24 16 1
24 17 1
24 18 1
24 19 3
24 20 3
24 21 5
24 22 2
24 23 2
25 0 5
25 1 3
25 2 3
25 3 3
25 4 2
25 5 1
25 6 5
25 7 5
25 8 4
25 9 4
25 10 5
25 11 2
25 12 5
25 13 4
25 14 5
25 15 5
25 16 4
25 17 5
25 18 3
25 19 5
25 20 5
25 21 1
25 22 4
25 23 5
25 24 1
26 0 5
26 1 4
26 2 5
26 3 3
26 4 5
26 5 4
26 6 2
26 7 1
26 8 4
26 9 1
26 10 2
26 11 3
26 12 2
26 13 1
26 14 3
26 15 3
26 16 3
26 17 2
26 18 1
26 19 4
26 20 1
26 21 2
26 22 3
26 23 4
26 24 3
26 25 4
27 0 3
27 1 3
27 2 3
27 3 3
27 4 2
27 5 4
27 6 3
27 7 1
27 8 1
27 9 2
27 10 5
27 11 4
27 12 2
27 13 5
27 14 2
27 15 3
27 16 2
27 17 1
27 18 3
27 19 3
27 20 4
27 21 2
27 22 5
27 23 1
27 24 5
27 25 3
27 26 3
28 0 2
28 1 5
28 2 4
28 3 4
28 4 5
28 5 2
28 6 4
28 7 5
28 8 5
28 9 5
28 10 3
28 11 3
28 12 2
28 13 4
28 14 1
28 15 3
28 16 2
28 17 3
28 18 4
28 19 2
28 20 2
28 21 5
28 22 3
28 23 4
28 24 2
28 25 5
28 26 1
28 27 1
29 0 3
29 1 3
29 2 2
29 3 4
29 4 1
29 5 4
29 6 4
29 7 1
29 8 1
29 9 1
29 10 2
29 11 2
29 12 2
29 13 2
29 14 4
29 15 3
29 16 2
29 17 1
29 18 1
29 19 1
29 20 4
29 21 2
29 22 5
29 23 3
29 24 5
29 25 3
29 26 3
29 27 2
29 28 3
30 0 5
30 1 3
30 2 1
30 3 3
30 4 3
30 5 4
30 6 2
30 7 2
30 8 2
30 9 3
30 10 4
30 11 3
30 12 3
30 13 5
30 14 2
30 15 5
30 16 5
30 17 2
30 18 4
30 19 5
30 20 1
30 21 4
30 22 3
30 23 2
30 24 2
30 25 5
30 26 2
30 27 1
30 28 1
30 29 4
31 0 3
31 1 5
31 2 1
31 3 5
31 4 1
31 5 4
31 6 5
31 7 2
31 8 1
31 9 2
31 10 1
31 11 2
31 12 3
31 13 4
31 14 1
31 15 3
31 16 1
31 17 5
31 18 5
31 19 4
31 20 1
31 21 1
31 22 2
31 23 3
31 24 4
31 25 2
31 26 4
31 27 4
31 28 3
31 29 5
31 30 4
32 0 5
32 1 4
32 2 1
32 3 1
32 4 3
32 5 2
32 6 5
32 7 4
32 8 5
32 9 2
32 10 5
32 11 3
32 12 3
32 13 1
32 14 3
32 15 5
32 16 2
32 17 3
32 18 3
32 19 5
32 20 1
32 21 4
32 22 4
32 23 2
32 24 5
32 25 4
32 26 1
32 27 3
32 28 1
32 29 4
32 30 4
32 31 1
33 0 4
33 1 3
33 2 2
33 3 5
33 4 1
33 5 5
33 6 1
33 7 4
33 8 4
33 9 1
33 10 2
33 11 4
33 12 2
33 13 4
33 14 5
33 15 2
33 16 2
33 17 2
33 18 1
33 19 1
33 20 3
33 21 3
33 22 1
33 23 2
33 24 2
33 25 3
33 26 4
33 27 5
33 28 3
33 29 5
33 30 2
33 31 1
33 32 1
34 0 1
34 1 5
34 2 4
34 3 3
34 4 2
34 5 4
34 6 3
34 7 2
34 8 5
34 9 1
34 10 5
34 11 2
34 12 4
34 13 3
34 14 1
34 15 2
34 16 5
34 17 5
34 18 4
34 19 5
34 20 1
34 21 3
34 22 4
34 23 5
34 24 2
34 25 5
34 26 2
34 27 5
34 28 5
34 29 1
34 30 3
34 31 1
34 32 3
34 33 4
35 0 3
35 1 4
35 2 2
35 3 5
35 4 4
35 5 4
35 6 4
35 7 3
35 8 3
35 9 2
35 10 2
35 11 3
35 12 5
35 13 5
35 14 1
35 15 5
35 16 4
35 17 4
35 18 5
35 19 2
35 20 4
35 21 1
35 22 3
35 23 1
35 24 2
35 25 3
35 26 4
35 27 1
35 28 2
35 29 3
35 30 2
35 31 1
35 32 3
35 33 4
35 34 4
36 0 3
36 1 1
36 2 5
36 3 5
36 4 4
36 5 5
36 6 2
36 7 3
36 8 4
36 9 1
36 10 1
36 11 1
36 12 5
36 13 4
36 14 2
36 15 5
36 16 5
36 17 4
36 18 4
36 19 5
36 20 3
36 21 1
36 22 1
36 23 2
36 24 5
36 25 4
36 26 5
36 27 3
36 28 3
36 29 4
36 30 2
36 31 4
36 32 5
36 33 4
36 34 3
36 35 2
37 0 2
37 1 1
37 2 4
37 3 3
37 4 1
37 5 3
37 6 1
37 7 4
37 8 4
37 9 5
37 10 1
37 11 4
37 12 1
37 13 2
37 14 2
37 15 1
37 16 2
37 17 5
37 18 3
37 19 2
37 20 5
37 21 2
37 22 5
37 23 1
37 24 1
37 25 5
37 26 5
37 27 4
37 28 1
37 29 2
37 30 5
37 31 4
37 32 1
37 33 3
37 34 3
37 35 5
37 36 1
38 0 4
38 1 5
38 2 3
38 3 5
38 4 1
38 5 3
38 6 2
38 7 1
38 8 3
38 9 3
38 10 5
38 11 5
38 12 1
38 13 3
38 14 3
38 15 2
38 16 4
38 17 2
38 18 4
38 19 1
38 20 2
38 21 5
38 22 3
38 23 5
38 24 3
38 25 4
38 26 4
38 27 2
38 28 1
38 29 3
38 30 1
38 31 5
38 32 2
38 33 3
38 34 1
38 35 2
38 36 1
38 37 5
39 0 4
39 1 3
39 2 5
39 3 3
39 4 2
39 5 3
39 6 5
39 7 4
39 8 1
39 9 1
39 10 2
39 11 5
39 12 1
39 13 2
39 14 3
39 15 4
39 16 2
39 17 3
39 18 4
39 19 3
39 20 4
39 21 2
39 22 1
39 23 3
39 24 5
39 25 4
39 26 2
39 27 4
39 28 3
39 29 4
39 30 4
39 31 4
39 32 4
39 33 1
39 34 5
39 35 2
39 36 4
39 37 2
39 38 3
40 0 4
40 1 5
40 2 1
40 3 3
40 4 2
40 5 3
40 6 5
40 7 3
40 8 5
40 9 1
40 10 5
40 11 2
40 12 4
40 13 2
40 14 5
40 15 4
40 16 5
40 17 5
40 18 3
40 19 5
40 20 1
40 21 4
40 22 1
40 23 1
40 24 4
40 25 4
40 26 4
40 27 4
40 28 4
40 29 5
40 30 1
40 31 1
40 32 3
40 33 1
40 34 5
40 35 5
40 36 2
40 37 1
40 38 3
40 39 4
41 0 5
41 1 4
41 2 1
41 3 5
41 4 5
41 5 5
41 6 3
41 7 5
41 8 2
41 9 2
41 10 1
41 11 5
41 12 4
41 13 4
41 14 4
41 15 3
41 16 5
41 17 3
41 18 1
41 19 2
41 20 4
41 21 4
41 22 2
41 23 2
41 24 4
41 25 4
41 26 5
41 27 1
41 28 5
41 29 5
41 30 1
41 31 1
41 32 4
41 33 3
41 34 1
41 35 3
41 36 3
41 37 2
41 38 4
41 39 1
41 40 4
42 0 4
42 1 4
42 2 2
42 3 3
42 4 3
42 5 2
42 6 1
42 7 5
42 8 4
42 9 3
42 10 3
42 11 2
42 12 3
42 13 2
42 14 2
42 15 4
42 16 2
42 17 1
42 18 2
42 19 3
42 20 3
42 21 5
42 22 2
42 23 4
42 24 5
42 25 2
42 26 5
42 27 1
42 28 1
42 29 5
42 30 5
42 31 4
42 32 5
42 33 3
42 34 1
42 35 3
42 36 4
42 37 4
42 38 5
42 39 2
42 40 3
42 41 4
43 0 3
43 1 5
43 2 1
43 3 1
43 4 2
43 5 2
43 6 3
43 7 3
43 8 1
43 9 3
43 10 4
43 11 1
43 12 5
43 13 2
43 14 4
43 15 1
43 16 1
43 17 4
43 18 4
43 19 2
43 20 1
43 21 1
43 22 1
43 23 3
43 24 5
43 25 1
43 26 4
43 27 3
43 28 5
43 29 3
43 30 3
43 31 4
43 32 2
43 33 2
43 34 4
43 35 2
43 36 2
43 37 1
43 38 2
43 39 2
43 40 2
43 41 4
43 42 5
44 0 4
44 1 4
44 2 3
44 3 2
44 4 5
44 5 1
44 6 2
44 7 3
44 8 4
44 9 1
44 10 5
44 11 4
44 12 4
44 13 3
44 14 2
44 15 4
44 16 4
44 17 5
44 18 4
44 19 2
44 20 2
44 21 5
44 22 2
44 23 5
44 24 3
44 25 1
44 26 2
44 27 2
44 28 4
44 29 5
44 30 4
44 31 1
44 32 3
44 33 1
44 34 1
44 35 1
44 36 3
44 37 5
44 38 3
44 39 2
44 40 3
44 41 4
44 42 3
44 43 3
45 0 5
45 1 4
45 2 5
45 3 5
45 4 2
45 5 2
45 6 5
45 7 4
45 8 5
45 9 2
45 10 4
45 11 2
45 12 2
45 13 3
45 14 4
45 15 4
45 16 3
45 17 2
45 18 2
45 19 5
45 20 4
45 21 4
45 22 1
45 23 1
45 24 1
45 25 2
45 26 2
45 27 4
45 28 3
45 29 1
45 30 1
45 31 3
45 32 4
45 33 2
45 34 5
45 35 4
45 36 1
45 37 5
45 38 4
45 39 2
45 40 3
45 41 4
45 42 3
45 43 1
45 44 2
46 0 4
46 1 5
46 2 3
46 3 4
46 4 2
46 5 1
46 6 4
46 7 4
46 8 3
46 9 2
46 10 3
46 11 4
46 12 5
46 13 5
46 14 3
46 15 1
46 16 5
46 17 3
46 18 4
46 19 4
46 20 5
46 21 1
46 22 1
46 23 5
46 24 5
46 25 3
46 26 4
46 27 2
46 28 4
46 29 2
46 30 5
46 31 5
46 32 3
46 33 3
46 34 4
46 35 3
46 36 5
46 37 1
46 38 3
46 39 5
46 40 4
46 41 3
46 42 1
46 43 1
46 44 1
46 45 2
47 0 1
47 1 3
47 2 5
47 3 3
47 4 3
47 5 3
47 6 1
47 7 5
47 8 5
47 9 2
47 10 1
47 11 4
47 12 1
47 13 5
47 14 3
47 15 4
47 16 2
47 17 1
47 18 1
47 19 5
47 20 3
47 21 2
47 22 3
47 23 3
47 24 3
47 25 4
47 26 1
47 27 2
47 28 3
47 29 4
47 30 2
47 31 3
47 32 3
47 33 4
47 34 3
47 35 1
47 36 1
47 37 1
47 38 4
47 39 2
47 40 3
47 41 1
47 42 4
47 43 2
47 44 5
47 45 1
47 46 4
48 0 5
48 1 2
48 2 4
48 3 2
48 4 3
48 5 1
48 6 3
48 7 4
48 8 5
48 9 3
48 10 5
48 11 2
48 12 3
48 13 3
48 14 2
48 15 2
48 16 3
48 17 5
48 18 2
48 19 3
48 20 2
48 21 3
48 22 2
48 23 2
48 24 5
48 25 5
48 26 3
48 27 3
48 28 3
48 29 3
48 30 4
48 31 2
48 32 4
48 33 1
48 34 2
48 35 1
48 36 2
48 37 1
48 38 2
48 39 1
48 40 2
48 41 1
48 42 1
48 43 1
48 44 1
48 45 1
48 46 1
48 47 4
49 0 3
49 1 5
49 2 1
49 3 1
49 4 4
49 5 2
49 6 4
49 7 3
49 8 4
49 9 4
49 10 3
49 11 1
49 12 2
49 13 2
49 14 2
49 15 3
49 16 1
49 17 3
49 18 2
49 19 3
49 20 1
49 21 1
49 22 4
49 23 4
49 24 4
49 25 5
49 26 2
49 27 1
49 28 5
49 29 5
49 30 3
49 31 1
49 32 4
49 33 1
49 34 1
49 35 3
49 36 4
49 37 4
49 38 5
49 39 2
49 40 1
49 41 4
49 42 5
49 43 2
49 44 3
49 45 4
49 46 3
49 47 5
49 48 1
50 0 3
50 1 5
50 2 4
50 3 2
50 4 2
50 5 3
50 6 5
50 7 3
50 8 4
50 9 5
50 10 1
50 11 3
50 12 5
50 13 3
50 14 5
50 15 4
50 16 3
50 17 3
50 18 1
50 19 4
50 20 2
50 21 1
50 22 5
50 23 5
50 24 5
50 25 2
50 26 2
50 27 5
50 28 4
50 29 1
50 30 4
50 31 3
50 32 5
50 33 4
50 34 5
50 35 2
50 36 1
50 37 1
50 38 3
50 39 1
50 40 4
50 41 1
50 42 5
50 43 3
50 44 1
50 45 3
50 46 4
50 47 4
50 48 5
50 49 4
51 0 3
51 1 4
51 2 1
51 3 3
51 4 2
51 5 2
51 6 3
51 7 5
51 8 1
51 9 5
51 10 3
51 11 3
51 12 4
51 13 4
51 14 4
51 15 1
51 16 1
51 17 1
51 18 4
51 19 4
51 20 2
51 21 4
51 22 5
51 23 4
51 24 1
51 25 1
51 26 3
51 27 5
51 28 2
51 29 4
51 30 4
51 31 3
51 32 4
51 33 2
51 34 3
51 35 5
51 36 2
51 37 4
51 38 5
51 39 1
51 40 3
51 41 3
51 42 2
51 43 2
51 44 5
51 45 4
51 46 1
51 47 4
51 48 3
51 49 5
51 50 3
52 0 3
52 1 5
52 2 2
52 3 1
52 4 3
52 5 5
52 6 5
52 7 4
52 8 5
52 9 1
52 10 1
52 11 5
52 12 3
52 13 4
52 14 2
52 15 5
52 16 4
52 17 3
52 18 4
52 19 4
52 20 1
52 21 1
52 22 4
52 23 3
52 24 3
52 25 3
52 26 1
52 27 5
52 28 3
52 29 3
52 30 3
52 31 4
52 32 3
52 33 1
52 34 4
52 35 5
52 36 2
52 37 2
52 38 2
52 39 3
52 40 3
52 41 2
52 42 4
52 43 3
52 44 3
52 45 5
52 46 2
52 47 5
52 48 3
52 49 5
52 50 4
52 51 5
53 0 4
53 1 2
53 2 2
53 3 1
53 4 1
53 5 1
53 6 5
53 7 3
53 8 3
53 9 2
53 10 3
53 11 3
53 12 2
53 13 1
53 14 3
53 15 3
53 16 2
53 17 1
53 18 1
53 19 3
53 20 5
53 21 2
53 22 5
53 23 1
53 24 3
53 25 5
53 26 5
53 27 2
53 28 5
53 29 1
53 30 2
53 31 3
53 32 2
53 33 4
53 34 5
53 35 4
53 36 5
53 37 4
53 38 3
53 39 1
53 40 4
53 41 3
53 42 5
53 43 3
53 44 3
53 45 1
53 46 5
53 47 1
53 48 2
53 49 4
53 50 5
53 51 5
53 52 5
54 0 5
54 1 2
54 2 3
54 3 1
54 4 2
54 5 1
54 6 2
54 7 5
54 8 5
54 9 5
54 10 4
54 11 2
54 12 1
54 13 5
54 14 5
54 15 4
54 16 3
54 17 2
54 18 4
54 19 3
54 20 5
54 21 2
54 22 1
54 23 1
54 24 4
54 25 2
54 26 2
54 27 5
54 28 5
54 29 1
54 30 4
54 31 1
54 32 4
54 33 4
54 34 1
54 35 1
54 36 4
54 37 4
54 38 2
54 39 4
54 40 5
54 41 5
54 42 2
54 43 2
54 44 1
54 45 2
54 46 2
54 47 4
54 48 1
54 49 2
54 50 3
54 51 1
54 52 1
54 53 5
55 0 1
55 1 3
55 2 3
55 3 4
55 4 5
55 5 5
55 6 1
55 7 4
55 8 3
55 9 3
55 10 1
55 11 1
55 12 1
55 13 5
55 14 4
55 15 5
55 16 2
55 17 3
55 18 4
55 19 2
55 20 3
55 21 4
55 22 3
55 23 2
55 24 5
55 25 5
55 26 2
55 27 1
55 28 1
55 29 1
55 30 4
55 31 3
55 32 5
55 33 4
55 34 4
55 35 2
55 36 4
55 37 2
55 38 5
55 39 2
55 40 5
55 41 3
55 42 5
55 43 2
55 44 3
55 45 1
55 46 2
55 47 3
55 48 2
55 49 3
55 50 3
55 51 1
55 52 4
55 53 2
55 54 2
56 0 2
56 1 3
56 2 4
56 3 4
56 4 3
56 5 2
56 6 4
56 7 1
56 8 5
56 9 1
56 10 3
56 11 3
56 12 2
56 13 2
56 14 5
56 15 4
56 16 4
56 17 1
56 18 4
56 19 3
56 20 2
56 21 5
56 22 3
56 23 3
56 24 3
56 25 1
56 26 1
56 27 1
56 28 1
56 29 2
56 30 3
56 31 2
56 32 2
56 33 1
56 34 5
56 35 2
56 36 2
56 37 1
56 38 3
56 39 3
56 40 4
56 41 4
56 42 4
56 43 5
56 44 3
56 45 4
56 46 2
56 47 5
56 48 3
56 49 1
56 50 3
56 51 1
56 52 2
56 53 2
56 54 2
56 55 5
57 0 4
57 1 3
57 2 1
57 3 2
57 4 1
57 5 3
57 6 3
57 7 1
57 8 5
57 9 4
57 10 1
57 11 2
57 12 4
57 13 1
57 14 5
57 15 3
57 16 1
57 17 3
57 18 3
57 19 4
57 20 5
57 21 2
57 22 3
57 23 2
57 24 1
57 25 2
57 26 1
57 27 5
57 28 2
57 29 3
57 30 3
57 31 3
57 32 5
57 33 2
57 34 2
57 35 3
57 36 5
57 37 1
57 38 1
57 39 2
57 40 1
57 41 1
57 42 2
57 43 3
57 44 5
57 45 1
57 46 4
57 47 3
57 48 1
57 49 4
57 50 3
57 51 4
57 52 3
57 53 4
57 54 4
57 55 3
57 56 1
58 0 1
58 1 2
58 2 3
58 3 4
58 4 4
58 5 4
58 6 3
58 7 2
58 8 1
58 9 1
58 10 4
58 11 3
58 12 2
58 13 4
58 14 1
58 15 1
58 16 4
58 17 2
58 18 5
58 19 3
58 20 2
58 21 1
58 22 2
58 23 3
58 24 1
58 25 5
58 26 4
58 27 1
58 28 1
58 29 1
58 30 5
58 31 1
58 32 4
58 33 3
58 34 2
58 35 4
58 36 5
58 37 1
58 38 1
58 39 5
58 40 1
58 41 2
58 42 4
58 43 5
58 44 1
58 45 2
58 46 1
58 47 1
58 48 2
58 49 4
58 50 4
58 51 4
58 52 3
58 53 3
58 54 5
58 55 5
58 56 5
58 57 1
59 0 3
59 1 5
59 2 3
59 3 4
59 4 1
59 5 1
59 6 2
59 7 3
59 8 5
59 9 4
59 10 2
59 11 1
59 12 4
59 13 4
59 14 4
59 15 5
59 16 1
59 17 2
59 18 4
59 19 1
59 20 3
59 21 4
59 22 1
59 23 4
59 24 3
59 25 5
59 26 4
59 27 5
59 28 3
59 29 3
59 30 3
59 31 3
59 32 3
59 33 1
59 34 3
59 35 4
59 36 5
59 37 4
59 38 2
59 39 3
59 40 2
59 41 2
59 42 1
59 43 3
59 44 4
59 45 5
59 46 2
59 47 2
59 48 4
59 49 4
59 50 3
59 51 4
59 52 5
59 53 2
59 54 3
59 55 3
59 56 4
59 57 2
59 58 4
60 0 4
60 1 5
60 2 5
60 3 2
60 4 3
60 5 4
60 6 2
60 7 1
60 8 3
60 9 4
60 10 5
60 11 2
60 12 1
60 13 1
60 14 2
60 15 2
60 16 3
60 17 2
60 18 2
60 19 3
60 20 4
60 21 4
60 22 1
60 23 5
60 24 5
60 25 3
60 26 5
60 27 5
60 28 4
60 29 5
60 30 4
60 31 2
60 32 4
60 33 3
60 34 3
60 35 2
60 36 2
60 37 5
60 38 2
60 39 3
60 40 4
60 41 4
60 42 4
60 43 2
60 44 4
60 45 4
60 46 2
60 47 2
60 48 1
60 49 1
60 50 2
60 51 5
60 52 3
60 53 4
60 54 2
60 55 5
60 56 3
60 57 5
60 58 1
60 59 3
61 0 2
61 1 3
61 2 3
61 3 5
61 4 2
61 5 3
61 6 3
61 7 4
61 8 1
61 9 3
61 10 4
61 11 3
61 12 1
61 13 3
61 14 1
61 15 4
61 16 1
61 17 3
61 18 5
61 19 5
61 20 4
61 21 2
61 22 2
61 23 5
61 24 5
61 25 1
61 26 4
61 27 5
61 28 3
61 29 4
61 30 1
61 31 5
61 32 3
61 33 4
61 34 4
61 35 1
61 36 5
61 37 5
61 38 2
61 39 3
61 40 2
61 41 3
61 42 2
61 43 4
61 44 5
61 45 5
61 46 4
61 47 2
61 48 3
61 49 2
61 50 3
61 51 3
61 52 2
61 53 4
61 54 1
61 55 2
61 56 4
61 57 5
61 58 5
61 59 1
61 60 5
62 0 5
62 1 4
62 2 4
62 3 3
62 4 2
62 5 4
62 6 2
62 7 4
62 8 3
62 9 2
62 10 3
62 11 2
62 12 2
62 13 2
62 14 3
62 15 1
62 16 4
62 17 2
62 18 4
62 19 1
62 20 5
62 21 2
62 22 4
62 23 1
62 24 5
62 25 4
62 26 2
62 27 5
62 28 5
62 29 4
62 30 1
62 31 5
62 32 4
62 33 1
62 34 5
62 35 4
62 36 5
62 37 2
62 38 5
62 39 2
62 40 1
62 41 5
62 42 1
62 43 2
62 44 4
62 45 1
62 46 3
62 47 4
62 48 1
62 49 4
62 50 5
62 51 2
62 52 5
62 53 5
62 54 1
62 55 4
62 56 3
62 57 1
62 58 1
62 59 5
62 60 5
62 61 4
63 0 4
63 1 2
63 2 2
63 3 1
63 4 4
63 5 2
63 6 1
63 7 2
63 8 3
63 9 1
63 10 4
63 11 4
63 12 4
63 13 5
63 14 5
63 15 1
63 16 4
63 17 4
63 18 3
63 19 3
63 20 4
63 21 4
63 22 4
63 23 4
63 24 4
63 25 3
63 26 3
63 27 5
63 28 3
63 29 2
63 30 5
63 31 4
63 32 1
63 33 4
63 34 1
63 35 2
63 36 4
63 37 2
63 38 5
63 39 1
63 40 3
63 41 5
63 42 4
63 43 2
63 44 5
63 45 1
63 46 5
63 47 2
63 48 3
63 49 3
63 50 3
63 51 2
63 52 4
63 53 3
63 54 5
63 55 3
63 56 3
63 57 4
63 58 1
63 59 5
63 60 5
63 61 3
63 62 4
64 0 5
64 1 1
64 2 1
64 3 3
64 4 2
64 5 2
64 6 3
64 7 2
64 8 3
64 9 2
64 10 1
64 11 4
64 12 4
64 13 4
64 14 2
64 15 1
64 16 1
64 17 5
64 18 3
64 19 4
64 20 5
64 21 3
64 22 2
64 23 4
64 24 2
64 25 5
64 26 3
64 27 1
64 28 4
64 29 4
64 30 1
64 31 4
64 32 5
64 33 4
64 34 1
64 35 3
64 36 4
64 37 2
64 38 5
64 39 4
64 40 2
64 41 5
64 42 5
64 43 3
64 44 5
64 45 4
64 46 3
64 47 2
64 48 4
64 49 2
64 50 4
64 51 2
64 52 2
64 53 2
64 54 1
64 55 2
64 56 1
64 57 4
64 58 4
64 59 1
64 60 2
64 61 3
64 62 1
64 63 2
