35
1 0 1
2 1 1
3 0 1
3 2 1
5 0 1
5 1 1
5 3 1
5 4 1
6 0 1
6 3 1
6 4 1
6 5 1
7 0 1
7 1 1
7 4 1
7 6 1
8 0 1
8 1 1
8 2 1
8 3 1
8 4 1
8 7 1
9 0 1
9 3 1
9 7 1
9 8 1
10 1 1
10 4 1
10 5 1
11 1 1
11 2 1
11 6 1
11 8 1
12 0 1
12 1 1
12 2 1
12 4 1
12 6 1
12 7 1
12 8 1
12 10 1
12 11 1
13 1 1
13 2 1
13 3 1
13 5 1
13 7 1
13 8 1
13 9 1
13 12 1
14 0 1
14 2 1
14 3 1
14 4 1
14 5 1
15 0 1
15 1 1
15 5 1
15 7 1
15 8 1
15 10 1
15 13 1
16 1 1
16 3 1
16 5 1
16 6 1
16 7 1
16 8 1
16 9 1
16 11 1
16 12 1
16 15 1
17 0 1
17 1 1
17 2 1
17 3 1
17 5 1
17 6 1
17 7 1
17 8 1
17 9 1
17 12 1
17 13 1
17 16 1
18 0 1
18 3 1
18 6 1
18 7 1
18 9 1
18 10 1
18 11 1
18 14 1
18 15 1
18 16 1
19 0 1
19 1 1
19 2 1
19 3 1
19 5 1
19 6 1
19 7 1
19 8 1
19 11 1
19 13 1
19 14 1
19 15 1
19 16 1
20 0 1
20 1 1
20 4 1
20 5 1
20 8 1
20 9 1
20 10 1
20 13 1
20 15 1
20 16 1
21 0 1
21 2 1
21 3 1
21 4 1
21 5 1
21 8 1
21 9 1
21 12 1
21 13 1
21 14 1
21 16 1
21 19 1
21 20 1
22 2 1
22 4 1
22 8 1
22 11 1
22 15 1
22 17 1
22 20 1
23 0 1
23 5 1
23 6 1
23 9 1
23 10 1
23 11 1
23 16 1
23 17 1
23 18 1
23 20 1
24 0 1
24 1 1
24 2 1
24 3 1
24 4 1
24 6 1
24 7 1
24 12 1
24 13 1
24 14 1
24 15 1
24 16 1
24 19 1
24 21 1
24 22 1
24 23 1
25 1 1
25 4 1
25 5 1
25 10 1
25 13 1
25 16 1
25 17 1
25 18 1
25 21 1
25 23 1
25 24 1
26 2 1
26 5 1
26 8 1
26 9 1
26 10 1
26 15 1
26 19 1
26 23 1
26 25 1
27 2 1
27 4 1
27 5 1
27 6 1
27 7 1
27 8 1
27 9 1
27 10 1
27 11 1
27 12 1
27 13 1
27 14 1
27 15 1
27 16 1
27 18 1
27 19 1
27 20 1
27 21 1
27 23 1
27 24 1
27 25 1
27 26 1
28 4 1
28 6 1
28 8 1
28 10 1
28 11 1
28 12 1
28 17 1
28 18 1
28 19 1
28 21 1
28 22 1
28 23 1
28 26 1
29 0 1
29 1 1
29 2 1
29 3 1
29 5 1
29 6 1
29 8 1
29 10 1
29 13 1
29 19 1
29 22 1
29 23 1
29 24 1
29 26 1
29 27 1
30 1 1
30 3 1
30 4 1
30 5 1
30 7 1
30 8 1
30 12 1
30 17 1
30 18 1
30 21 1
30 22 1
30 23 1
30 26 1
30 29 1
31 6 1
31 7 1
31 8 1
31 10 1
31 11 1
31 12 1
31 13 1
31 16 1
31 18 1
31 20 1
31 21 1
31 22 1
31 23 1
31 27 1
31 28 1
32 0 1
32 2 1
32 3 1
32 4 1
32 5 1
32 12 1
32 13 1
32 14 1
32 17 1
32 19 1
32 21 1
32 23 1
32 24 1
32 27 1
32 30 1
32 31 1
33 0 1
33 1 1
33 3 1
33 4 1
33 5 1
33 7 1
33 10 1
33 11 1
33 12 1
33 13 1
33 14 1
33 15 1
33 16 1
33 17 1
33 18 1
33 19 1
33 20 1
33 21 1
33 22 1
33 23 1
33 24 1
33 25 1
33 28 1
33 30 1
34 0 1
34 1 1
34 3 1
34 6 1
34 9 1
34 11 1
34 12 1
34 13 1
34 18 1
34 25 1
34 27 1
34 28 1
34 33 1
