40
1 0 36
3 0 10
3 2 24
4 0 38
4 1 40
4 3 39
5 0 27
6 1 42
6 4 38
6 5 31
7 0 34
7 1 29
7 2 17
7 3 5
8 3 2
8 5 28
8 7 6
9 1 3
9 3 1
9 8 16
10 1 27
10 5 38
10 6 2
10 8 2
10 9 37
11 1 26
11 4 31
11 5 3
11 7 23
11 8 2
12 1 16
12 3 5
12 4 27
12 6 17
12 8 21
12 9 3
12 10 24
12 11 19
13 0 41
13 1 26
13 4 32
13 5 12
13 7 32
13 10 20
13 11 13
13 12 6
14 5 41
14 6 2
14 7 22
14 8 39
14 9 24
14 10 22
14 12 23
15 0 15
15 7 43
15 10 1
15 12 15
15 13 49
16 3 49
16 4 3
16 5 48
16 6 12
16 7 50
16 9 36
16 10 18
16 14 42
16 15 46
17 0 24
17 1 27
17 3 42
17 6 33
17 7 1
17 8 38
17 9 18
17 10 6
17 11 49
17 13 45
17 16 31
18 0 2
18 2 11
18 3 6
18 6 26
18 7 40
18 10 39
18 11 44
18 12 27
18 14 39
18 17 26
19 1 32
19 3 24
19 5 44
19 7 9
19 11 38
19 13 49
19 14 8
19 18 26
20 0 32
20 3 43
20 4 14
20 8 15
20 10 38
20 13 44
20 14 39
20 18 27
21 3 17
21 6 34
21 8 25
21 9 36
21 14 18
21 15 8
21 17 26
21 18 11
21 19 45
21 20 7
22 0 39
22 1 18
22 6 13
22 7 50
22 9 32
22 11 24
22 13 48
22 14 37
22 15 31
22 17 42
22 18 6
22 19 43
23 5 15
23 6 32
23 7 12
23 9 28
23 11 50
23 16 37
23 17 27
23 20 21
24 1 15
24 4 30
24 5 20
24 6 13
24 12 40
24 13 24
24 15 23
24 17 21
24 18 42
24 20 9
25 1 3
25 4 17
25 5 25
25 7 49
25 10 36
25 11 18
25 14 13
25 17 38
25 18 27
25 19 40
25 21 31
25 23 8
26 2 47
26 3 1
26 5 28
26 6 5
26 8 32
26 12 22
26 14 18
26 17 33
26 18 43
26 20 4
26 22 8
26 23 13
26 24 22
27 3 49
27 4 5
27 6 8
27 10 13
27 11 34
27 12 44
27 14 13
27 16 45
27 17 25
27 22 5
27 25 32
27 26 18
28 0 45
28 2 8
28 3 19
28 4 26
28 5 29
28 8 18
28 11 12
28 12 13
28 13 6
28 14 37
28 19 1
28 21 25
28 22 27
28 25 30
28 27 44
29 1 14
29 2 31
29 3 14
29 5 35
29 7 30
29 9 43
29 10 48
29 11 23
29 12 38
29 15 11
29 18 12
29 22 6
29 23 9
29 25 37
29 26 47
29 27 35
29 28 34
30 1 41
30 3 13
30 5 32
30 6 31
30 7 32
30 8 10
30 9 40
30 13 4
30 16 33
30 20 28
30 21 26
30 22 33
30 26 2
31 1 37
31 2 49
31 3 7
31 4 8
31 5 22
31 6 23
31 13 32
31 16 1
31 18 35
31 19 7
31 20 44
31 21 16
31 22 48
31 23 20
31 24 23
31 25 3
31 26 2
31 30 43
32 0 36
32 4 44
32 10 32
32 11 32
32 13 29
32 15 2
32 18 10
32 20 20
32 21 10
32 23 16
32 24 50
32 25 1
32 28 2
32 31 24
33 0 25
33 5 42
33 6 37
33 7 14
33 10 27
33 11 7
33 13 48
33 14 25
33 15 24
33 16 45
33 17 24
33 18 33
33 20 42
33 21 31
33 22 1
33 28 43
33 29 24
33 32 29
34 2 4
34 4 28
34 6 48
34 9 12
34 10 3
34 14 18
34 15 48
34 17 33
34 18 36
34 19 14
34 20 11
34 23 48
34 26 31
34 28 40
34 31 19
34 32 7
35 1 13
35 3 4
35 4 35
35 5 26
35 7 30
35 15 12
35 18 21
35 19 40
35 20 39
35 21 19
35 22 6
35 23 11
35 24 12
35 29 12
35 32 21
35 33 9
35 34 9
36 0 26
36 1 30
36 2 31
36 3 45
36 4 29
36 6 37
36 7 8
36 8 2
36 10 15
36 12 9
36 13 30
36 16 26
36 17 18
36 19 24
36 22 23
36 24 18
36 25 44
36 27 37
36 28 18
36 30 22
36 32 47
36 35 33
37 1 18
37 2 5
37 3 13
37 5 34
37 6 40
37 7 25
37 9 25
37 10 32
37 13 23
37 16 9
37 17 6
37 18 7
37 19 46
37 23 20
37 26 25
37 28 13
37 33 28
37 34 3
38 3 40
38 10 28
38 11 4
38 18 4
38 19 14
38 20 22
38 22 14
38 27 32
38 28 15
38 29 37
38 36 11
39 0 11
39 1 15
39 3 42
39 4 47
39 7 12
39 11 11
39 12 4
39 13 17
39 17 48
39 18 38
39 19 46
39 20 14
39 22 9
39 25 46
39 26 36
39 28 47
39 29 1
39 30 31
39 31 6
39 33 33
39 34 14
39 36 24
39 37 22
39 38 45
