40
1 0 1
3 0 1
3 2 1
4 1 1
4 3 1
5 0 1
5 1 1
5 4 1
6 2 1
6 4 1
7 2 1
7 3 1
7 4 1
8 2 1
8 4 1
8 6 1
9 0 1
9 2 1
9 5 1
9 6 1
9 7 1
9 8 1
10 2 1
10 7 1
11 1 1
11 2 1
11 5 1
11 8 1
12 0 1
12 1 1
12 2 1
12 3 1
12 4 1
12 6 1
12 7 1
12 9 1
13 2 1
13 5 1
13 9 1
13 10 1
14 1 1
14 4 1
14 5 1
14 6 1
14 10 1
15 1 1
15 3 1
15 4 1
15 6 1
15 7 1
15 10 1
15 14 1
16 2 1
16 7 1
16 9 1
16 12 1
16 14 1
17 0 1
17 1 1
17 2 1
17 3 1
17 7 1
17 8 1
17 11 1
17 16 1
18 1 1
18 3 1
18 4 1
18 5 1
18 6 1
18 7 1
18 11 1
18 13 1
18 14 1
18 16 1
19 1 1
19 2 1
19 3 1
19 7 1
19 8 1
19 10 1
19 11 1
19 13 1
19 14 1
19 15 1
19 16 1
20 1 1
20 3 1
20 4 1
20 5 1
20 8 1
20 10 1
20 13 1
20 14 1
20 16 1
20 18 1
20 19 1
21 0 1
21 1 1
21 2 1
21 4 1
21 5 1
21 6 1
21 8 1
21 10 1
21 12 1
21 15 1
21 16 1
21 17 1
21 18 1
21 19 1
22 0 1
22 2 1
22 3 1
22 4 1
22 5 1
22 6 1
22 7 1
22 11 1
22 12 1
22 14 1
22 15 1
22 18 1
22 20 1
23 0 1
23 1 1
23 3 1
23 5 1
23 7 1
23 8 1
23 10 1
23 12 1
23 14 1
23 15 1
23 16 1
23 17 1
23 18 1
23 20 1
23 22 1
24 0 1
24 2 1
24 3 1
24 4 1
24 6 1
24 10 1
24 14 1
24 16 1
24 18 1
24 21 1
24 22 1
25 0 1
25 4 1
25 5 1
25 6 1
25 8 1
25 9 1
25 10 1
25 11 1
25 16 1
25 18 1
25 19 1
25 20 1
25 21 1
26 0 1
26 1 1
26 5 1
26 10 1
26 12 1
26 13 1
26 15 1
26 17 1
26 19 1
26 20 1
26 22 1
26 23 1
27 2 1
27 4 1
27 5 1
27 6 1
27 7 1
27 9 1
27 11 1
27 14 1
27 16 1
27 20 1
27 21 1
27 25 1
27 26 1
28 0 1
28 3 1
28 6 1
28 8 1
28 11 1
28 12 1
28 14 1
28 16 1
28 21 1
28 22 1
28 23 1
28 25 1
28 26 1
29 0 1
29 1 1
29 3 1
29 13 1
29 14 1
29 16 1
29 17 1
29 24 1
29 25 1
29 26 1
29 27 1
29 28 1
30 0 1
30 1 1
30 2 1
30 3 1
30 7 1
30 11 1
30 13 1
30 16 1
30 20 1
30 22 1
30 24 1
30 28 1
30 29 1
31 0 1
31 1 1
31 3 1
31 5 1
31 6 1
31 16 1
31 19 1
31 20 1
31 21 1
31 24 1
31 25 1
31 27 1
31 29 1
32 2 1
32 3 1
32 6 1
32 7 1
32 8 1
32 10 1
32 11 1
32 12 1
32 13 1
32 16 1
32 17 1
32 20 1
32 27 1
32 28 1
32 29 1
33 1 1
33 3 1
33 4 1
33 5 1
33 6 1
33 7 1
33 8 1
33 9 1
33 10 1
33 15 1
33 16 1
33 17 1
33 19 1
33 22 1
33 23 1
33 24 1
33 25 1
33 26 1
33 31 1
33 32 1
34 1 1
34 2 1
34 3 1
34 5 1
34 6 1
34 7 1
34 10 1
34 11 1
34 13 1
34 14 1
34 21 1
34 22 1
34 23 1
34 24 1
34 25 1
34 26 1
34 28 1
34 30 1
35 3 1
35 5 1
35 6 1
35 9 1
35 10 1
35 11 1
35 22 1
35 24 1
35 27 1
35 28 1
35 31 1
35 32 1
35 33 1
36 0 1
36 2 1
36 3 1
36 4 1
36 5 1
36 7 1
36 8 1
36 17 1
36 18 1
36 20 1
36 23 1
36 24 1
36 26 1
36 27 1
36 30 1
36 34 1
37 0 1
37 3 1
37 6 1
37 9 1
37 10 1
37 11 1
37 12 1
37 14 1
37 15 1
37 16 1
37 18 1
37 19 1
37 20 1
37 24 1
37 29 1
37 31 1
37 32 1
37 33 1
37 34 1
37 35 1
38 0 1
38 2 1
38 3 1
38 5 1
38 6 1
38 7 1
38 10 1
38 11 1
38 12 1
38 16 1
38 17 1
38 19 1
38 21 1
38 23 1
38 24 1
38 27 1
38 29 1
38 32 1
38 33 1
38 37 1
39 0 1
39 1 1
39 4 1
39 6 1
39 10 1
39 13 1
39 14 1
39 15 1
39 16 1
39 18 1
39 20 1
39 23 1
39 26 1
39 28 1
39 30 1
39 31 1
39 32 1
39 33 1
39 34 1
39 35 1
39 36 1
39 37 1
39 38 1
