35
2 0 37
2 1 84
3 2 89
4 0 15
4 2 86
5 0 53
5 1 66
6 2 68
6 3 95
6 5 43
7 0 14
7 1 4
7 3 71
7 4 74
8 2 28
8 3 34
8 4 65
8 6 59
9 1 20
9 2 68
9 3 50
9 4 9
9 8 6
10 1 11
10 3 61
10 5 35
10 6 22
11 1 66
11 4 47
12 1 52
12 2 69
12 4 23
12 5 28
12 6 76
12 8 25
13 0 22
13 2 18
13 3 80
13 4 16
13 5 49
13 6 64
13 8 30
13 9 46
13 10 40
13 11 92
13 12 13
14 2 32
14 4 46
14 6 47
14 7 25
14 9 83
14 11 73
14 12 63
15 6 56
15 8 48
15 11 43
16 1 92
16 4 69
16 5 99
16 7 51
16 8 55
16 11 19
16 13 17
16 14 61
17 1 10
17 3 26
17 4 2
17 5 86
17 7 74
17 8 83
17 10 60
17 12 74
17 13 22
17 15 74
17 16 50
18 0 4
18 2 70
18 6 42
18 7 90
18 8 26
18 9 50
18 11 92
18 12 72
18 13 9
18 14 83
18 15 61
18 17 58
19 2 30
19 5 75
19 6 13
19 7 29
19 8 20
19 11 83
19 12 58
19 14 85
19 15 75
19 16 8
20 0 40
20 2 10
20 5 29
20 7 77
20 8 98
20 15 22
20 16 47
20 18 73
21 0 32
21 5 57
21 6 78
21 8 81
21 10 33
21 14 92
21 15 12
21 16 80
22 0 85
22 1 37
22 2 3
22 3 37
22 4 32
22 5 23
22 6 57
22 8 53
22 10 96
22 11 15
22 13 84
22 14 73
22 16 11
22 17 40
22 19 20
22 20 13
22 21 14
23 0 97
23 2 26
23 4 38
23 5 6
23 6 87
23 7 54
23 8 55
23 11 36
23 12 65
23 13 13
23 14 97
23 16 1
24 1 39
24 3 12
24 4 83
24 5 28
24 6 5
24 7 36
24 10 95
24 12 30
24 17 83
24 18 7
24 19 55
24 20 31
24 22 31
24 23 96
25 0 37
25 2 92
25 3 14
25 4 51
25 5 49
25 6 63
25 7 48
25 8 1
25 11 99
25 12 31
25 13 64
25 15 13
25 16 90
25 17 39
25 18 72
25 19 26
25 20 67
25 24 1
26 1 28
26 2 36
26 3 4
26 4 81
26 6 77
26 8 47
26 9 41
26 11 71
26 15 87
26 16 16
26 18 55
26 20 67
26 25 29
27 1 37
27 4 66
27 6 32
27 7 64
27 9 98
27 14 88
27 15 48
27 16 98
27 18 50
27 19 1
27 20 58
27 21 52
27 24 61
27 26 52
28 0 55
28 2 81
28 3 11
28 4 11
28 5 49
28 7 94
28 9 54
28 13 69
28 14 42
28 16 8
28 17 4
28 23 72
28 24 56
29 1 14
29 3 57
29 4 77
29 6 47
29 8 46
29 9 19
29 11 69
29 14 24
29 15 17
29 16 49
29 18 52
29 27 27
29 28 2
30 0 49
30 1 95
30 2 75
30 3 44
30 4 45
30 9 79
30 11 38
30 12 40
30 13 4
30 15 95
30 16 80
30 22 27
30 23 24
30 27 12
30 28 81
31 1 83
31 2 83
31 7 35
31 9 45
31 10 5
31 11 66
31 12 10
31 15 94
31 18 29
31 19 91
31 22 52
31 25 46
31 26 71
31 27 72
31 28 81
31 30 16
32 1 75
32 2 86
32 5 86
32 6 97
32 7 68
32 8 68
32 9 64
32 10 78
32 12 8
32 13 75
32 14 10
32 20 30
32 22 80
32 23 19
32 24 64
32 29 17
32 31 2
33 0 76
33 4 23
33 5 9
33 6 55
33 9 15
33 10 66
33 11 47
33 14 86
33 17 1
33 18 47
33 23 86
33 24 34
33 25 22
33 27 9
33 28 71
33 29 77
33 32 18
34 0 3
34 1 8
34 4 76
34 8 11
34 9 33
34 11 18
34 12 16
34 19 96
34 20 91
34 22 63
34 23 5
34 24 56
34 25 50
34 28 26
