60
1 0 5
2 0 5
2 1 3
3 0 4
3 1 1
3 2 2
4 0 1
4 1 5
4 2 1
4 3 2
5 0 3
5 1 2
5 2 1
5 3 5
5 4 1
6 0 4
6 1 5
6 2 3
6 3 2
6 4 3
6 5 5
7 0 4
7 1 2
7 2 1
7 3 4
7 4 2
7 5 1
7 6 1
8 0 2
8 1 5
8 2 3
8 3 2
8 4 5
8 5 4
8 6 1
8 7 2
9 0 2
9 1 1
9 2 4
9 3 1
9 4 4
9 5 1
9 6 4
9 7 1
9 8 4
10 0 3
10 1 2
10 2 5
10 3 1
10 4 4
10 5 1
10 6 3
10 7 1
10 8 3
10 9 1
11 0 3
11 1 5
11 2 2
11 3 4
11 4 1
11 5 5
11 6 4
11 7 1
11 8 3
11 9 5
11 10 1
12 0 3
12 1 5
12 2 5
12 3 5
12 4 2
12 5 3
12 6 3
12 7 4
12 8 3
12 9 4
12 10 1
12 11 3
13 0 1
13 1 4
13 2 3
13 3 3
13 4 4
13 5 4
13 6 5
13 7 1
13 8 2
13 9 1
13 10 4
13 11 5
13 12 4
14 0 2
14 1 5
14 2 3
14 3 4
14 4 3
14 5 3
14 6 5
14 7 4
14 8 5
14 9 2
14 10 5
14 11 3
14 12 3
14 13 2
15 0 3
15 1 3
15 2 2
15 3 1
15 4 4
15 5 2
15 6 4
15 7 3
15 8 2
15 9 1
15 10 4
15 11 5
15 12 1
15 13 1
15 14 4
16 0 3
16 1 2
16 2 3
16 3 1
16 4 1
16 5 4
16 6 1
16 7 5
16 8 5
16 9 5
16 10 2
16 11 1
16 12 2
16 13 5
16 14 1
16 15 1
17 0 1
17 1 4
17 2 4
17 3 2
17 4 5
17 5 3
17 6 1
17 7 5
17 8 2
17 9 5
17 10 3
17 11 2
17 12 1
17 13 4
17 14 4
17 15 1
17 16 2
18 0 2
18 1 5
18 2 4
18 3 2
18 4 5
18 5 1
18 6 5
18 7 5
18 8 1
18 9 4
18 10 1
18 11 5
18 12 4
18 13 4
18 14 4
18 15 5
18 16 1
18 17 5
19 0 3
19 1 2
19 2 1
19 3 1
19 4 2
19 5 1
19 6 3
19 7 3
19 8 3
19 9 2
19 10 1
19 11 2
19 12 5
19 13 1
19 14 2
19 15 4
19 16 5
19 17 3
19 18 2
20 0 2
20 1 5
20 2 4
20 3 2
20 4 2
20 5 1
20 6 1
20 7 4
20 8 5
20 9 2
20 10 5
20 11 2
20 12 3
20 13 5
20 14 5
20 15 4
20 16 5
20 17 5
20 18 5
20 19 5
21 0 4
21 1 4
21 2 1
21 3 3
21 4 3
21 5 4
21 6 1
21 7 2
21 8 5
21 9 1
21 10 1
21 11 3
21 12 4
21 13 5
21 14 3
21 15 3
21 16 5
21 17 4
21 18 2
21 19 1
21 20 1
22 0 1
22 1 1
22 2 4
22 3 3
22 4 2
22 5 5
22 6 2
22 7 2
22 8 3
22 9 2
22 10 2
22 11 4
22 12 2
22 13 3
22 14 3
22 15 2
22 16 3
22 17 3
22 18 5
22 19 4
22 20 5
22 21 3
23 0 3
23 1 1
23 2 4
23 3 4
23 4 5
23 5 5
23 6 3
23 7 5
23 8 1
23 9 1
23 10 3
23 11 2
23 12 3
23 13 1
23 14 5
23 15 5
23 16 4
23 17 4
23 18 3
23 19 1
23 20 5
23 21 1
23 22 1
24 0 2
24 1 3
24 2 4
24 3 5
24 4 2
24 5 2
24 6 5
24 7 1
24 8 2
24 9 2
24 10 1
24 11 1
24 12 4
24 13 3
24 14 4
24 15 4
24 16 1
24 17 2
24 18 1
24 19 4
24 20 3
24 21 2
24 22 1
24 23 4
25 0 4
25 1 3
25 2 4
25 3 4
25 4 5
25 5 5
25 6 3
25 7 4
25 8 3
25 9 5
25 10 4
25 11 4
25 12 2
25 13 5
25 14 5
25 15 3
25 16 4
25 17 5
25 18 5
25 19 3
25 20 1
25 21 3
25 22 1
25 23 4
25 24 1
26 0 4
26 1 5
26 2 3
26 3 5
26 4 4
26 5 2
26 6 1
26 7 5
26 8 3
26 9 5
26 10 5
26 11 5
26 12 3
26 13 4
26 14 4
26 15 5
26 16 5
26 17 4
26 18 2
26 19 1
26 20 2
26 21 1
26 22 4
26 23 1
26 24 1
26 25 1
27 0 5
27 1 2
27 2 3
27 3 1
27 4 5
27 5 4
27 6 5
27 7 5
27 8 2
27 9 2
27 10 5
27 11 5
27 12 3
27 13 2
27 14 4
27 15 5
27 16 4
27 17 2
27 18 5
27 19 1
27 20 4
27 21 1
27 22 2
27 23 3
27 24 4
27 25 1
27 26 3
28 0 3
28 1 3
28 2 5
28 3 4
28 4 4
28 5 5
28 6 4
28 7 3
28 8 2
28 9 2
28 10 1
28 11 1
28 12 2
28 13 1
28 14 3
28 15 1
28 16 1
28 17 2
28 18 5
28 19 3
28 20 3
28 21 3
28 22 4
28 23 1
28 24 4
28 25 5
28 26 2
28 27 2
29 0 4
29 1 5
29 2 5
29 3 4
29 4 4
29 5 5
29 6 4
29 7 4
29 8 4
29 9 3
29 10 4
29 11 4
29 12 5
29 13 1
29 14 4
29 15 4
29 16 3
29 17 1
29 18 1
29 19 3
29 20 3
29 21 3
29 22 5
29 23 2
29 24 1
29 25 3
29 26 2
29 27 1
29 28 3
30 0 1
30 1 2
30 2 2
30 3 5
30 4 2
30 5 2
30 6 3
30 7 4
30 8 5
30 9 4
30 10 2
30 11 1
30 12 5
30 13 1
30 14 1
30 15 3
30 16 3
30 17 5
30 18 3
30 19 3
30 20 5
30 21 2
30 22 3
30 23 3
30 24 1
30 25 5
30 26 3
30 27 4
30 28 2
30 29 2
31 0 5
31 1 5
31 2 1
31 3 2
31 4 3
31 5 2
31 6 2
31 7 3
31 8 4
31 9 2
31 10 5
31 11 1
31 12 2
31 13 2
31 14 4
31 15 3
31 16 4
31 17 2
31 18 4
31 19 2
31 20 4
31 21 3
31 22 3
31 23 4
31 24 5
31 25 3
31 26 5
31 27 3
31 28 4
31 29 3
31 30 3
32 0 1
32 1 2
32 2 1
32 3 2
32 4 3
32 5 2
32 6 5
32 7 2
32 8 4
32 9 1
32 10 1
32 11 1
32 12 5
32 13 5
32 14 5
32 15 3
32 16 4
32 17 5
32 18 4
32 19 2
32 20 3
32 21 1
32 22 1
32 23 4
32 24 2
32 25 3
32 26 5
32 27 4
32 28 2
32 29 5
32 30 2
32 31 3
33 0 2
33 1 2
33 2 1
33 3 3
33 4 3
33 5 2
33 6 1
33 7 4
33 8 5
33 9 4
33 10 5
33 11 5
33 12 4
33 13 5
33 14 3
33 15 2
33 16 3
33 17 5
33 18 2
33 19 5
33 20 3
33 21 2
33 22 3
33 23 2
33 24 5
33 25 1
33 26 4
33 27 2
33 28 2
33 29 2
33 30 3
33 31 4
33 32 2
34 0 1
34 1 4
34 2 4
34 3 4
34 4 1
34 5 2
34 6 2
34 7 1
34 8 3
34 9 2
34 10 5
34 11 5
34 12 3
34 13 4
34 14 2
34 15 1
34 16 3
34 17 4
34 18 3
34 19 3
34 20 1
34 21 4
34 22 5
34 23 4
34 24 4
34 25 1
34 26 5
34 27 3
34 28 3
34 29 1
34 30 5
34 31 1
34 32 2
34 33 4
35 0 3
35 1 3
35 2 5
35 3 2
35 4 2
35 5 2
35 6 2
35 7 4
35 8 5
35 9 4
35 10 5
35 11 2
35 12 3
35 13 1
35 14 4
35 15 1
35 16 3
35 17 3
35 18 4
35 19 4
35 20 2
35 21 2
35 22 5
35 23 5
35 24 2
35 25 4
35 26 3
35 27 3
35 28 1
35 29 1
35 30 5
35 31 3
35 32 4
35 33 2
35 34 1
36 0 2
36 1 1
36 2 4
36 3 4
36 4 4
36 5 5
36 6 2
36 7 4
36 8 2
36 9 5
36 10 2
36 11 1
36 12 1
36 13 4
36 14 1
36 15 2
36 16 1
36 17 4
36 18 2
36 19 4
36 20 3
36 21 3
36 22 2
36 23 3
36 24 3
36 25 2
36 26 1
36 27 5
36 28 2
36 29 1
36 30 2
36 31 3
36 32 3
36 33 2
36 34 4
36 35 5
37 0 2
37 1 4
37 2 3
37 3 5
37 4 4
37 5 4
37 6 1
37 7 3
37 8 1
37 9 3
37 10 4
37 11 4
37 12 4
37 13 5
37 14 3
37 15 2
37 16 5
37 17 4
37 18 2
37 19 5
37 20 1
37 21 3
37 22 5
37 23 5
37 24 5
37 25 1
37 26 5
37 27 2
37 28 4
37 29 5
37 30 1
37 31 1
37 32 4
37 33 1
37 34 2
37 35 5
37 36 5
38 0 3
38 1 2
38 2 2
38 3 3
38 4 1
38 5 1
38 6 2
38 7 4
38 8 5
38 9 1
38 10 5
38 11 4
38 12 3
38 13 1
38 14 3
38 15 2
38 16 2
38 17 5
38 18 3
38 19 2
38 20 2
38 21 5
38 22 5
38 23 2
38 24 2
38 25 3
38 26 1
38 27 2
38 28 4
38 29 1
38 30 1
38 31 3
38 32 1
38 33 2
38 34 5
38 35 4
38 36 1
38 37 5
39 0 5
39 1 4
39 2 2
39 3 4
39 4 5
39 5 5
39 6 4
39 7 3
39 8 3
39 9 3
39 10 3
39 11 1
39 12 5
39 13 5
39 14 5
39 15 3
39 16 3
39 17 3
39 18 4
39 19 4
39 20 1
39 21 1
39 22 2
39 23 1
39 24 2
39 25 1
39 26 5
39 27 3
39 28 1
39 29 5
39 30 4
39 31 2
39 32 4
39 33 4
39 34 3
39 35 2
39 36 2
39 37 2
39 38 2
40 0 4
40 1 5
40 2 5
40 3 2
40 4 4
40 5 5
40 6 4
40 7 1
40 8 4
40 9 3
40 10 4
40 11 1
40 12 1
40 13 4
40 14 1
40 15 2
40 16 4
40 17 2
40 18 2
40 19 1
40 20 3
40 21 2
40 22 2
40 23 4
40 24 3
40 25 5
40 26 4
40 27 2
40 28 2
40 29 4
40 30 5
40 31 3
40 32 1
40 33 4
40 34 3
40 35 3
40 36 4
40 37 4
40 38 3
40 39 5
41 0 2
41 1 3
41 2 4
41 3 1
41 4 3
41 5 4
41 6 1
41 7 5
41 8 5
41 9 3
41 10 4
41 11 2
41 12 1
41 13 2
41 14 2
41 15 4
41 16 4
41 17 4
41 18 5
41 19 3
41 20 4
41 21 4
41 22 3
41 23 4
41 24 1
41 25 1
41 26 1
41 27 4
41 28 5
41 29 4
41 30 3
41 31 4
41 32 4
41 33 5
41 34 2
41 35 2
41 36 4
41 37 1
41 38 1
41 39 4
41 40 5
42 0 4
42 1 1
42 2 4
42 3 1
42 4 2
42 5 3
42 6 2
42 7 5
42 8 2
42 9 5
42 10 4
42 11 4
42 12 2
42 13 4
42 14 2
42 15 1
42 16 4
42 17 3
42 18 2
42 19 5
42 20 3
42 21 3
42 22 3
42 23 5
42 24 2
42 25 3
42 26 3
42 27 4
42 28 4
42 29 4
42 30 5
42 31 2
42 32 1
42 33 5
42 34 2
42 35 5
42 36 5
42 37 2
42 38 2
42 39 2
42 40 4
42 41 2
43 0 1
43 1 2
43 2 1
43 3 3
43 4 1
43 5 3
43 6 2
43 7 3
43 8 3
43 9 3
43 10 3
43 11 3
43 12 5
43 13 3
43 14 2
43 15 5
43 16 5
43 17 5
43 18 2
43 19 4
43 20 5
43 21 3
43 22 5
43 23 3
43 24 1
43 25 1
43 26 2
43 27 2
43 28 2
43 29 5
43 30 1
43 31 2
43 32 4
43 33 1
43 34 5
43 35 2
43 36 4
43 37 2
43 38 4
43 39 5
43 40 4
43 41 4
43 42 3
44 0 3
44 1 2
44 2 4
44 3 1
44 4 2
44 5 3
44 6 3
44 7 3
44 8 1
44 9 5
44 10 3
44 11 2
44 12 5
44 13 4
44 14 4
44 15 4
44 16 4
44 17 5
44 18 4
44 19 3
44 20 5
44 21 2
44 22 2
44 23 1
44 24 2
44 25 3
44 26 5
44 27 5
44 28 5
44 29 1
44 30 1
44 31 3
44 32 3
44 33 5
44 34 2
44 35 1
44 36 1
44 37 2
44 38 5
44 39 1
44 40 3
44 41 4
44 42 3
44 43 3
45 0 4
45 1 2
45 2 3
45 3 2
45 4 2
45 5 4
45 6 4
45 7 3
45 8 5
45 9 2
45 10 5
45 11 4
45 12 3
45 13 5
45 14 1
45 15 5
45 16 4
45 17 1
45 18 1
45 19 5
45 20 5
45 21 4
45 22 4
45 23 1
45 24 3
45 25 5
45 26 4
45 27 4
45 28 2
45 29 3
45 30 5
45 31 1
45 32 2
45 33 3
45 34 3
45 35 4
45 36 5
45 37 3
45 38 5
45 39 2
45 40 1
45 41 5
45 42 2
45 43 3
45 44 2
46 0 2
46 1 4
46 2 1
46 3 5
46 4 2
46 5 2
46 6 3
46 7 1
46 8 4
46 9 5
46 10 2
46 11 1
46 12 3
46 13 4
46 14 3
46 15 4
46 16 3
46 17 5
46 18 3
46 19 2
46 20 2
46 21 4
46 22 1
46 23 2
46 24 4
46 25 2
46 26 3
46 27 2
46 28 4
46 29 3
46 30 5
46 31 5
46 32 1
46 33 4
46 34 2
46 35 2
46 36 3
46 37 1
46 38 2
46 39 2
46 40 2
46 41 1
46 42 3
46 43 1
46 44 1
46 45 5
47 0 5
47 1 5
47 2 1
47 3 2
47 4 5
47 5 2
47 6 5
47 7 4
47 8 5
47 9 1
47 10 3
47 11 5
47 12 2
47 13 4
47 14 4
47 15 1
47 16 2
47 17 4
47 18 4
47 19 2
47 20 2
47 21 4
47 22 4
47 23 3
47 24 3
47 25 3
47 26 3
47 27 4
47 28 1
47 29 1
47 30 4
47 31 4
47 32 5
47 33 4
47 34 5
47 35 3
47 36 5
47 37 4
47 38 5
47 39 5
47 40 1
47 41 3
47 42 4
47 43 4
47 44 2
47 45 2
47 46 2
48 0 1
48 1 5
48 2 1
48 3 2
48 4 3
48 5 5
48 6 3
48 7 3
48 8 4
48 9 2
48 10 3
48 11 3
48 12 3
48 13 3
48 14 4
48 15 5
48 16 2
48 17 5
48 18 2
48 19 4
48 20 5
48 21 1
48 22 5
48 23 1
48 24 3
48 25 2
48 26 1
48 27 4
48 28 4
48 29 2
48 30 2
48 31 2
48 32 1
48 33 4
48 34 1
48 35 2
48 36 3
48 37 2
48 38 3
48 39 1
48 40 3
48 41 5
48 42 1
48 43 1
48 44 4
48 45 3
48 46 1
48 47 1
49 0 4
49 1 1
49 2 5
49 3 5
49 4 2
49 5 1
49 6 1
49 7 4
49 8 1
49 9 3
49 10 4
49 11 3
49 12 5
49 13 1
49 14 3
49 15 2
49 16 4
49 17 2
49 18 2
49 19 3
49 20 4
49 21 5
49 22 5
49 23 1
49 24 4
49 25 2
49 26 5
49 27 2
49 28 3
49 29 4
49 30 3
49 31 3
49 32 1
49 33 2
49 34 2
49 35 2
49 36 3
49 37 4
49 38 4
49 39 2
49 40 4
49 41 4
49 42 1
49 43 1
49 44 2
49 45 4
49 46 2
49 47 2
49 48 5
50 0 1
50 1 3
50 2 3
50 3 4
50 4 3
50 5 4
50 6 1
50 7 2
50 8 1
50 9 4
50 10 1
50 11 1
50 12 2
50 13 5
50 14 1
50 15 3
50 16 4
50 17 2
50 18 2
50 19 3
50 20 4
50 21 5
50 22 3
50 23 4
50 24 1
50 25 4
50 26 5
50 27 1
50 28 5
50 29 4
50 30 1
50 31 5
50 32 1
50 33 1
50 34 4
50 35 3
50 36 1
50 37 2
50 38 4
50 39 4
50 40 5
50 41 2
50 42 5
50 43 1
50 44 3
50 45 3
50 46 3
50 47 5
50 48 5
50 49 4
51 0 4
51 1 5
51 2 4
51 3 4
51 4 1
51 5 5
51 6 3
51 7 4
51 8 5
51 9 2
51 10 3
51 11 1
51 12 2
51 13 5
51 14 5
51 15 3
51 16 3
51 17 1
51 18 4
51 19 5
51 20 1
51 21 5
51 22 5
51 23 4
51 24 1
51 25 3
51 26 2
51 27 5
51 28 3
51 29 4
51 30 4
51 31 3
51 32 3
51 33 2
51 34 5
51 35 3
51 36 5
51 37 1
51 38 2
51 39 1
51 40 3
51 41 1
51 42 1
51 43 1
51 44 2
51 45 5
51 46 1
51 47 3
51 48 1
51 49 2
51 50 3
52 0 4
52 1 5
52 2 4
52 3 3
52 4 2
52 5 4
52 6 3
52 7 4
52 8 1
52 9 4
52 10 2
52 11 4
52 12 3
52 13 3
52 14 3
52 15 2
52 16 3
52 17 2
52 18 2
52 19 3
52 20 4
52 21 2
52 22 4
52 23 5
52 24 5
52 25 3
52 26 1
52 27 3
52 28 1
52 29 1
52 30 2
52 31 2
52 32 2
52 33 2
52 34 1
52 35 3
52 36 2
52 37 4
52 38 3
52 39 5
52 40 1
52 41 5
52 42 4
52 43 5
52 44 3
52 45 2
52 46 3
52 47 2
52 48 4
52 49 3
52 50 2
52 51 1
53 0 5
53 1 1
53 2 3
53 3 4
53 4 5
53 5 2
53 6 4
53 7 1
53 8 5
53 9 5
53 10 1
53 11 1
53 12 4
53 13 4
53 14 2
53 15 2
53 16 3
53 17 3
53 18 1
53 19 4
53 20 4
53 21 2
53 22 4
53 23 4
53 24 3
53 25 1
53 26 5
53 27 5
53 28 5
53 29 5
53 30 5
53 31 5
53 32 1
53 33 4
53 34 4
53 35 4
53 36 1
53 37 2
53 38 1
53 39 5
53 40 1
53 41 5
53 42 5
53 43 5
53 44 4
53 45 4
53 46 2
53 47 1
53 48 4
53 49 4
53 50 1
53 51 4
53 52 2
54 0 5
54 1 5
54 2 1
54 3 4
54 4 4
54 5 1
54 6 4
54 7 4
54 8 4
54 9 5
54 10 1
54 11 1
54 12 1
54 13 4
54 14 3
54 15 5
54 16 4
54 17 4
54 18 4
54 19 4
54 20 2
54 21 5
54 22 3
54 23 1
54 24 4
54 25 5
54 26 4
54 27 2
54 28 2
54 29 4
54 30 3
54 31 2
54 32 1
54 33 5
54 34 3
54 35 3
54 36 2
54 37 2
54 38 5
54 39 3
54 40 2
54 41 2
54 42 4
54 43 2
54 44 1
54 45 2
54 46 3
54 47 3
54 48 5
54 49 3
54 50 4
54 51 4
54 52 3
54 53 3
55 0 5
55 1 1
55 2 2
55 3 4
55 4 3
55 5 5
55 6 1
55 7 3
55 8 1
55 9 4
55 10 5
55 11 5
55 12 3
55 13 2
55 14 3
55 15 2
55 16 3
55 17 1
55 18 2
55 19 1
55 20 1
55 21 4
55 22 3
55 23 2
55 24 2
55 25 5
55 26 3
55 27 5
55 28 5
55 29 3
55 30 3
55 31 1
55 32 4
55 33 1
55 34 4
55 35 2
55 36 1
55 37 1
55 38 5
55 39 2
55 40 4
55 41 3
55 42 2
55 43 2
55 44 4
55 45 2
55 46 3
55 47 2
55 48 2
55 49 1
55 50 1
55 51 5
55 52 1
55 53 1
55 54 4
56 0 5
56 1 4
56 2 3
56 3 2
56 4 4
56 5 2
56 6 3
56 7 2
56 8 1
56 9 5
56 10 3
56 11 1
56 12 4
56 13 3
56 14 4
56 15 3
56 16 1
56 17 2
56 18 3
56 19 1
56 20 3
56 21 1
56 22 2
56 23 5
56 24 1
56 25 1
56 26 2
56 27 1
56 28 2
56 29 4
56 30 1
56 31 1
56 32 1
56 33 5
56 34 1
56 35 2
56 36 4
56 37 1
56 38 3
56 39 1
56 40 5
56 41 3
56 42 2
56 43 2
56 44 5
56 45 1
56 46 1
56 47 3
56 48 1
56 49 3
56 50 2
56 51 4
56 52 1
56 53 2
56 54 4
56 55 1
57 0 3
57 1 2
57 2 1
57 3 4
57 4 3
57 5 1
57 6 5
57 7 4
57 8 1
57 9 5
57 10 5
57 11 4
57 12 5
57 13 4
57 14 5
57 15 3
57 16 4
57 17 5
57 18 2
57 19 4
57 20 1
57 21 3
57 22 5
57 23 5
57 24 5
57 25 5
57 26 2
57 27 3
57 28 5
57 29 4
57 30 4
57 31 4
57 32 5
57 33 4
57 34 3
57 35 2
57 36 5
57 37 4
57 38 2
57 39 4
57 40 2
57 41 1
57 42 3
57 43 4
57 44 1
57 45 2
57 46 3
57 47 2
57 48 4
57 49 2
57 50 1
57 51 5
57 52 1
57 53 4
57 54 1
57 55 4
57 56 4
58 0 3
58 1 4
58 2 3
58 3 5
58 4 1
58 5 3
58 6 1
58 7 3
58 8 4
58 9 4
58 10 4
58 11 5
58 12 5
58 13 3
58 14 4
58 15 3
58 16 2
58 17 2
58 18 5
58 19 2
58 20 1
58 21 2
58 22 4
58 23 1
58 24 2
58 25 2
58 26 3
58 27 1
58 28 3
58 29 4
58 30 1
58 31 4
58 32 5
58 33 4
58 34 1
58 35 3
58 36 2
58 37 1
58 38 2
58 39 4
58 40 4
58 41 5
58 42 4
58 43 2
58 44 5
58 45 5
58 46 1
58 47 5
58 48 4
58 49 1
58 50 5
58 51 2
58 52 5
58 53 2
58 54 4
58 55 5
58 56 1
58 57 1
59 0 4
59 1 2
59 2 5
59 3 1
59 4 4
59 5 3
59 6 2
59 7 2
59 8 1
59 9 4
59 10 5
59 11 2
59 12 2
59 13 4
59 14 3
59 15 1
59 16 4
59 17 3
59 18 4
59 19 4
59 20 5
59 21 1
59 22 4
59 23 4
59 24 5
59 25 2
59 26 1
59 27 2
59 28 3
59 29 1
59 30 4
59 31 4
59 32 2
59 33 3
59 34 3
59 35 5
59 36 5
59 37 5
59 38 1
59 39 1
59 40 1
59 41 3
59 42 1
59 43 1
59 44 1
59 45 1
59 46 4
59 47 2
59 48 3
59 49 5
59 50 2
59 51 2
59 52 2
59 53 1
59 54 3
59 55 3
59 56 5
59 57 2
59 58 1
