75
1 0 1
3 0 1
3 1 1
4 1 1
4 2 1
4 3 1
5 2 1
5 3 1
6 2 1
6 4 1
6 5 1
7 1 1
7 2 1
7 4 1
8 1 1
8 2 1
8 5 1
8 6 1
9 0 1
9 1 1
9 2 1
9 6 1
9 7 1
9 8 1
10 1 1
10 2 1
10 3 1
10 5 1
11 1 1
11 2 1
11 3 1
11 4 1
11 8 1
11 9 1
11 10 1
12 2 1
12 3 1
12 6 1
12 9 1
13 1 1
13 2 1
13 3 1
13 4 1
13 5 1
13 6 1
13 7 1
13 8 1
13 9 1
13 10 1
13 12 1
14 0 1
14 1 1
14 2 1
14 4 1
14 7 1
14 8 1
14 9 1
14 10 1
14 11 1
15 0 1
15 1 1
15 5 1
15 9 1
15 11 1
16 0 1
16 1 1
16 8 1
16 10 1
16 14 1
17 0 1
17 2 1
17 3 1
17 4 1
17 5 1
17 6 1
17 7 1
17 8 1
17 9 1
17 12 1
17 13 1
17 16 1
18 0 1
18 1 1
18 2 1
18 3 1
18 4 1
18 5 1
18 6 1
18 11 1
18 13 1
18 14 1
18 15 1
19 5 1
19 6 1
19 7 1
19 11 1
19 13 1
19 14 1
19 15 1
20 2 1
20 3 1
20 4 1
20 6 1
20 7 1
20 8 1
20 9 1
20 10 1
20 12 1
20 14 1
21 0 1
21 2 1
21 4 1
21 7 1
21 8 1
21 9 1
21 13 1
21 14 1
21 17 1
21 19 1
21 20 1
22 1 1
22 2 1
22 3 1
22 4 1
22 6 1
22 7 1
22 8 1
22 9 1
22 10 1
22 11 1
22 13 1
22 14 1
22 16 1
22 17 1
22 19 1
22 20 1
22 21 1
23 4 1
23 6 1
23 8 1
23 10 1
23 13 1
23 16 1
23 17 1
23 18 1
23 22 1
24 3 1
24 4 1
24 5 1
24 6 1
24 12 1
24 13 1
24 16 1
24 19 1
24 20 1
24 22 1
24 23 1
25 2 1
25 3 1
25 4 1
25 6 1
25 13 1
25 14 1
25 15 1
25 16 1
25 17 1
25 18 1
25 20 1
25 23 1
26 2 1
26 4 1
26 5 1
26 8 1
26 10 1
26 11 1
26 12 1
26 17 1
26 18 1
26 21 1
26 22 1
26 23 1
26 25 1
27 1 1
27 2 1
27 3 1
27 4 1
27 10 1
27 12 1
27 14 1
27 20 1
27 21 1
27 23 1
27 24 1
27 26 1
28 1 1
28 2 1
28 4 1
28 5 1
28 7 1
28 8 1
28 9 1
28 11 1
28 14 1
28 15 1
28 16 1
28 17 1
28 21 1
28 23 1
28 25 1
28 26 1
28 27 1
29 0 1
29 2 1
29 3 1
29 6 1
29 7 1
29 8 1
29 10 1
29 13 1
29 15 1
29 20 1
29 22 1
29 26 1
30 1 1
30 2 1
30 3 1
30 5 1
30 6 1
30 8 1
30 10 1
30 12 1
30 13 1
30 14 1
30 21 1
30 22 1
30 23 1
30 24 1
30 28 1
31 1 1
31 2 1
31 3 1
31 6 1
31 8 1
31 10 1
31 12 1
31 14 1
31 17 1
31 18 1
31 20 1
31 21 1
31 24 1
31 27 1
31 28 1
32 1 1
32 3 1
32 7 1
32 8 1
32 9 1
32 11 1
32 16 1
32 17 1
32 18 1
32 19 1
32 21 1
32 30 1
33 0 1
33 1 1
33 2 1
33 5 1
33 6 1
33 7 1
33 9 1
33 12 1
33 14 1
33 15 1
33 19 1
33 23 1
33 24 1
33 25 1
33 26 1
34 2 1
34 3 1
34 4 1
34 5 1
34 6 1
34 12 1
34 13 1
34 14 1
34 17 1
34 18 1
34 19 1
34 21 1
34 22 1
34 24 1
34 25 1
34 28 1
34 31 1
34 32 1
34 33 1
35 1 1
35 2 1
35 4 1
35 5 1
35 7 1
35 8 1
35 9 1
35 16 1
35 18 1
35 19 1
35 21 1
35 22 1
35 25 1
35 26 1
35 27 1
35 28 1
35 32 1
35 34 1
36 0 1
36 2 1
36 4 1
36 5 1
36 6 1
36 7 1
36 8 1
36 9 1
36 10 1
36 11 1
36 12 1
36 14 1
36 15 1
36 16 1
36 19 1
36 21 1
36 23 1
36 27 1
36 28 1
36 32 1
36 34 1
36 35 1
37 0 1
37 1 1
37 2 1
37 3 1
37 8 1
37 11 1
37 14 1
37 15 1
37 18 1
37 22 1
37 26 1
37 29 1
37 31 1
37 32 1
37 33 1
37 35 1
37 36 1
38 0 1
38 1 1
38 6 1
38 9 1
38 11 1
38 13 1
38 15 1
38 17 1
38 23 1
38 24 1
38 28 1
38 31 1
38 33 1
39 1 1
39 2 1
39 3 1
39 4 1
39 5 1
39 8 1
39 11 1
39 12 1
39 14 1
39 19 1
39 20 1
39 21 1
39 23 1
39 24 1
39 25 1
39 26 1
39 28 1
39 30 1
39 31 1
39 32 1
39 35 1
39 36 1
39 37 1
40 3 1
40 8 1
40 9 1
40 10 1
40 11 1
40 13 1
40 15 1
40 17 1
40 18 1
40 20 1
40 21 1
40 22 1
40 24 1
40 25 1
40 26 1
40 28 1
40 31 1
40 32 1
40 33 1
40 34 1
40 35 1
40 37 1
40 39 1
41 0 1
41 1 1
41 3 1
41 6 1
41 8 1
41 11 1
41 13 1
41 14 1
41 15 1
41 17 1
41 18 1
41 19 1
41 21 1
41 22 1
41 23 1
41 24 1
41 26 1
41 28 1
41 29 1
41 30 1
41 31 1
41 34 1
41 35 1
41 36 1
41 37 1
41 38 1
41 40 1
42 3 1
42 7 1
42 8 1
42 9 1
42 10 1
42 12 1
42 13 1
42 16 1
42 22 1
42 24 1
42 25 1
42 29 1
42 32 1
42 33 1
42 34 1
42 36 1
42 37 1
42 40 1
43 0 1
43 3 1
43 6 1
43 8 1
43 12 1
43 13 1
43 17 1
43 18 1
43 19 1
43 24 1
43 25 1
43 29 1
43 30 1
43 33 1
43 34 1
43 36 1
43 38 1
43 39 1
44 0 1
44 2 1
44 5 1
44 6 1
44 8 1
44 9 1
44 11 1
44 12 1
44 13 1
44 14 1
44 16 1
44 19 1
44 22 1
44 24 1
44 25 1
44 26 1
44 28 1
44 31 1
44 34 1
44 35 1
44 36 1
44 39 1
44 40 1
44 42 1
44 43 1
45 1 1
45 3 1
45 6 1
45 12 1
45 14 1
45 15 1
45 16 1
45 17 1
45 22 1
45 23 1
45 24 1
45 28 1
45 31 1
45 32 1
45 33 1
45 34 1
45 36 1
45 37 1
45 38 1
45 40 1
45 41 1
45 42 1
45 43 1
46 0 1
46 2 1
46 3 1
46 5 1
46 6 1
46 9 1
46 10 1
46 17 1
46 20 1
46 24 1
46 25 1
46 26 1
46 27 1
46 29 1
46 30 1
46 31 1
46 33 1
46 34 1
46 37 1
46 38 1
46 39 1
46 40 1
47 1 1
47 3 1
47 4 1
47 5 1
47 8 1
47 11 1
47 12 1
47 13 1
47 16 1
47 17 1
47 18 1
47 20 1
47 21 1
47 23 1
47 25 1
47 26 1
47 27 1
47 28 1
47 31 1
47 32 1
47 33 1
47 36 1
47 39 1
47 41 1
47 42 1
47 44 1
48 0 1
48 3 1
48 4 1
48 5 1
48 6 1
48 11 1
48 13 1
48 17 1
48 20 1
48 23 1
48 24 1
48 25 1
48 27 1
48 28 1
48 31 1
48 33 1
48 37 1
48 40 1
48 42 1
48 45 1
48 46 1
48 47 1
49 4 1
49 6 1
49 7 1
49 11 1
49 13 1
49 14 1
49 15 1
49 16 1
49 18 1
49 21 1
49 22 1
49 25 1
49 26 1
49 28 1
49 29 1
49 31 1
49 37 1
49 39 1
49 43 1
49 44 1
49 45 1
49 47 1
49 48 1
50 0 1
50 5 1
50 8 1
50 11 1
50 12 1
50 14 1
50 23 1
50 25 1
50 27 1
50 29 1
50 31 1
50 32 1
50 36 1
50 37 1
50 39 1
50 48 1
51 0 1
51 1 1
51 2 1
51 4 1
51 5 1
51 9 1
51 10 1
51 12 1
51 13 1
51 15 1
51 16 1
51 19 1
51 25 1
51 26 1
51 27 1
51 28 1
51 33 1
51 34 1
51 36 1
51 39 1
51 40 1
51 47 1
51 50 1
52 4 1
52 5 1
52 6 1
52 8 1
52 9 1
52 11 1
52 12 1
52 14 1
52 15 1
52 16 1
52 19 1
52 26 1
52 28 1
52 29 1
52 31 1
52 32 1
52 33 1
52 34 1
52 38 1
52 41 1
52 43 1
52 46 1
52 47 1
52 50 1
52 51 1
53 1 1
53 4 1
53 7 1
53 9 1
53 10 1
53 12 1
53 14 1
53 15 1
53 16 1
53 18 1
53 19 1
53 20 1
53 22 1
53 23 1
53 27 1
53 28 1
53 31 1
53 32 1
53 33 1
53 35 1
53 36 1
53 38 1
53 39 1
53 43 1
53 46 1
53 47 1
53 48 1
53 50 1
53 51 1
54 0 1
54 1 1
54 2 1
54 3 1
54 8 1
54 9 1
54 10 1
54 12 1
54 14 1
54 15 1
54 18 1
54 20 1
54 23 1
54 25 1
54 26 1
54 27 1
54 28 1
54 32 1
54 33 1
54 34 1
54 35 1
54 37 1
54 38 1
54 40 1
54 42 1
54 43 1
54 44 1
54 45 1
54 46 1
54 48 1
54 52 1
55 0 1
55 1 1
55 6 1
55 7 1
55 14 1
55 16 1
55 17 1
55 21 1
55 24 1
55 25 1
55 31 1
55 33 1
55 35 1
55 36 1
55 37 1
55 38 1
55 41 1
55 45 1
55 46 1
55 47 1
55 48 1
55 49 1
55 52 1
56 0 1
56 4 1
56 8 1
56 16 1
56 20 1
56 22 1
56 26 1
56 27 1
56 28 1
56 33 1
56 34 1
56 35 1
56 38 1
56 40 1
56 42 1
56 44 1
56 45 1
56 47 1
56 48 1
56 50 1
56 51 1
56 54 1
57 0 1
57 3 1
57 7 1
57 8 1
57 9 1
57 11 1
57 12 1
57 13 1
57 14 1
57 17 1
57 21 1
57 23 1
57 25 1
57 26 1
57 27 1
57 29 1
57 30 1
57 36 1
57 37 1
57 39 1
57 42 1
57 47 1
57 48 1
57 51 1
57 53 1
58 0 1
58 2 1
58 3 1
58 4 1
58 5 1
58 8 1
58 10 1
58 12 1
58 14 1
58 16 1
58 17 1
58 18 1
58 22 1
58 23 1
58 25 1
58 32 1
58 35 1
58 36 1
58 41 1
58 43 1
58 44 1
58 45 1
58 46 1
58 49 1
58 50 1
58 52 1
58 53 1
58 54 1
58 56 1
58 57 1
59 0 1
59 3 1
59 4 1
59 6 1
59 7 1
59 8 1
59 12 1
59 14 1
59 16 1
59 17 1
59 18 1
59 19 1
59 20 1
59 21 1
59 22 1
59 23 1
59 24 1
59 25 1
59 26 1
59 30 1
59 35 1
59 37 1
59 39 1
59 40 1
59 41 1
59 43 1
59 44 1
59 48 1
59 49 1
59 50 1
59 56 1
60 0 1
60 3 1
60 4 1
60 6 1
60 8 1
60 10 1
60 11 1
60 12 1
60 14 1
60 16 1
60 18 1
60 19 1
60 24 1
60 26 1
60 28 1
60 30 1
60 33 1
60 35 1
60 36 1
60 38 1
60 41 1
60 43 1
60 46 1
60 47 1
60 48 1
60 50 1
60 52 1
60 53 1
60 55 1
60 56 1
60 59 1
61 1 1
61 2 1
61 3 1
61 5 1
61 8 1
61 9 1
61 12 1
61 18 1
61 19 1
61 20 1
61 21 1
61 22 1
61 23 1
61 25 1
61 27 1
61 29 1
61 32 1
61 39 1
61 41 1
61 42 1
61 43 1
61 44 1
61 45 1
61 46 1
61 47 1
61 48 1
61 49 1
61 51 1
61 52 1
61 56 1
61 57 1
61 58 1
62 2 1
62 3 1
62 5 1
62 7 1
62 8 1
62 9 1
62 12 1
62 13 1
62 14 1
62 15 1
62 16 1
62 17 1
62 21 1
62 22 1
62 24 1
62 25 1
62 28 1
62 32 1
62 35 1
62 37 1
62 39 1
62 42 1
62 43 1
62 45 1
62 50 1
62 52 1
62 56 1
62 57 1
62 58 1
62 60 1
62 61 1
63 0 1
63 4 1
63 6 1
63 9 1
63 10 1
63 11 1
63 12 1
63 13 1
63 15 1
63 16 1
63 18 1
63 22 1
63 26 1
63 29 1
63 30 1
63 32 1
63 33 1
63 36 1
63 37 1
63 46 1
63 47 1
63 49 1
63 50 1
63 53 1
63 55 1
63 56 1
63 57 1
63 58 1
63 59 1
63 60 1
64 0 1
64 3 1
64 7 1
64 9 1
64 13 1
64 14 1
64 22 1
64 23 1
64 24 1
64 25 1
64 34 1
64 35 1
64 36 1
64 37 1
64 38 1
64 50 1
64 51 1
64 53 1
64 55 1
64 58 1
64 59 1
64 60 1
64 61 1
64 62 1
65 0 1
65 4 1
65 6 1
65 8 1
65 11 1
65 14 1
65 15 1
65 16 1
65 20 1
65 22 1
65 23 1
65 24 1
65 28 1
65 29 1
65 30 1
65 31 1
65 32 1
65 33 1
65 34 1
65 35 1
65 36 1
65 37 1
65 39 1
65 40 1
65 41 1
65 43 1
65 45 1
65 47 1
65 50 1
65 53 1
65 54 1
65 55 1
65 56 1
65 57 1
65 62 1
66 2 1
66 9 1
66 10 1
66 11 1
66 12 1
66 13 1
66 15 1
66 16 1
66 17 1
66 19 1
66 22 1
66 23 1
66 25 1
66 26 1
66 27 1
66 30 1
66 33 1
66 34 1
66 36 1
66 38 1
66 40 1
66 45 1
66 49 1
66 50 1
66 52 1
66 54 1
66 55 1
66 56 1
66 57 1
66 58 1
66 59 1
66 61 1
66 62 1
66 63 1
66 65 1
67 1 1
67 4 1
67 6 1
67 7 1
67 8 1
67 9 1
67 14 1
67 18 1
67 21 1
67 22 1
67 28 1
67 30 1
67 31 1
67 37 1
67 38 1
67 42 1
67 44 1
67 47 1
67 48 1
67 53 1
67 55 1
67 56 1
67 57 1
67 59 1
67 60 1
67 61 1
67 64 1
67 66 1
68 1 1
68 2 1
68 3 1
68 4 1
68 6 1
68 7 1
68 9 1
68 10 1
68 16 1
68 17 1
68 18 1
68 19 1
68 20 1
68 21 1
68 22 1
68 25 1
68 26 1
68 27 1
68 29 1
68 30 1
68 31 1
68 32 1
68 35 1
68 40 1
68 41 1
68 42 1
68 43 1
68 45 1
68 46 1
68 47 1
68 49 1
68 52 1
68 54 1
68 55 1
68 56 1
68 58 1
68 60 1
68 61 1
68 62 1
68 64 1
68 66 1
68 67 1
69 1 1
69 2 1
69 4 1
69 6 1
69 7 1
69 8 1
69 9 1
69 10 1
69 11 1
69 12 1
69 13 1
69 14 1
69 15 1
69 17 1
69 18 1
69 19 1
69 21 1
69 23 1
69 25 1
69 27 1
69 29 1
69 30 1
69 32 1
69 35 1
69 36 1
69 38 1
69 39 1
69 42 1
69 43 1
69 44 1
69 46 1
69 47 1
69 49 1
69 50 1
69 54 1
69 55 1
69 56 1
69 57 1
69 58 1
69 59 1
69 60 1
69 61 1
69 62 1
69 64 1
69 65 1
69 66 1
69 67 1
69 68 1
70 0 1
70 1 1
70 2 1
70 3 1
70 4 1
70 6 1
70 7 1
70 8 1
70 9 1
70 11 1
70 12 1
70 14 1
70 18 1
70 19 1
70 20 1
70 21 1
70 22 1
70 24 1
70 25 1
70 28 1
70 29 1
70 34 1
70 35 1
70 38 1
70 39 1
70 40 1
70 42 1
70 43 1
70 45 1
70 46 1
70 47 1
70 48 1
70 49 1
70 50 1
70 53 1
70 55 1
70 56 1
70 57 1
70 58 1
70 59 1
70 60 1
70 61 1
70 65 1
70 68 1
71 1 1
71 8 1
71 10 1
71 14 1
71 17 1
71 20 1
71 22 1
71 23 1
71 25 1
71 27 1
71 30 1
71 32 1
71 34 1
71 35 1
71 39 1
71 42 1
71 46 1
71 47 1
71 49 1
71 50 1
71 51 1
71 52 1
71 53 1
71 54 1
71 55 1
71 65 1
71 66 1
71 69 1
71 70 1
72 1 1
72 5 1
72 6 1
72 7 1
72 12 1
72 14 1
72 15 1
72 16 1
72 17 1
72 19 1
72 20 1
72 21 1
72 29 1
72 32 1
72 33 1
72 36 1
72 41 1
72 43 1
72 45 1
72 46 1
72 47 1
72 49 1
72 50 1
72 54 1
72 56 1
72 58 1
72 60 1
72 63 1
72 66 1
72 67 1
72 68 1
72 69 1
72 70 1
73 5 1
73 7 1
73 8 1
73 9 1
73 10 1
73 11 1
73 12 1
73 13 1
73 16 1
73 17 1
73 18 1
73 19 1
73 22 1
73 23 1
73 25 1
73 26 1
73 28 1
73 29 1
73 30 1
73 31 1
73 33 1
73 35 1
73 38 1
73 39 1
73 40 1
73 43 1
73 47 1
73 48 1
73 49 1
73 50 1
73 52 1
73 54 1
73 55 1
73 58 1
73 61 1
73 62 1
73 63 1
73 64 1
73 66 1
73 68 1
73 69 1
74 0 1
74 5 1
74 6 1
74 8 1
74 10 1
74 11 1
74 12 1
74 14 1
74 15 1
74 16 1
74 18 1
74 19 1
74 21 1
74 24 1
74 25 1
74 29 1
74 30 1
74 34 1
74 35 1
74 37 1
74 38 1
74 41 1
74 42 1
74 43 1
74 44 1
74 45 1
74 46 1
74 49 1
74 51 1
74 52 1
74 55 1
74 56 1
74 58 1
74 59 1
74 60 1
74 62 1
74 63 1
74 66 1
74 67 1
74 68 1
74 70 1
74 71 1
74 72 1
