55
1 0 1
2 0 2
2 1 1
3 0 5
3 1 5
3 2 1
4 0 4
4 1 2
4 2 1
4 3 1
5 0 2
5 1 5
5 2 2
5 3 2
5 4 5
6 0 2
6 1 2
6 2 3
6 3 4
6 4 4
6 5 1
7 0 2
7 1 2
7 2 4
7 3 1
7 4 5
7 5 1
7 6 3
8 0 3
8 1 4
8 2 1
8 3 1
8 4 5
8 5 3
8 6 5
8 7 3
9 0 5
9 1 1
9 2 4
9 3 5
9 4 4
9 5 4
9 6 3
9 7 3
9 8 4
10 0 3
10 1 5
10 2 2
10 3 2
10 4 2
10 5 3
10 6 2
10 7 4
10 8 3
10 9 3
11 0 2
11 1 4
11 2 3
11 3 5
11 4 2
11 5 5
11 6 2
11 7 2
11 8 2
11 9 2
11 10 4
12 0 5
12 1 5
12 2 5
12 3 4
12 4 4
12 5 5
12 6 1
12 7 5
12 8 3
12 9 1
12 10 3
12 11 2
13 0 4
13 1 4
13 2 2
13 3 5
13 4 1
13 5 1
13 6 3
13 7 2
13 8 2
13 9 2
13 10 2
13 11 3
13 12 2
14 0 2
14 1 2
14 2 3
14 3 5
14 4 4
14 5 5
14 6 1
14 7 1
14 8 1
14 9 1
14 10 2
14 11 4
14 12 4
14 13 2
15 0 2
15 1 5
15 2 4
15 3 5
15 4 1
15 5 3
15 6 2
15 7 3
15 8 1
15 9 2
15 10 4
15 11 2
15 12 5
15 13 1
15 14 1
16 0 1
16 1 4
16 2 2
16 3 4
16 4 2
16 5 3
16 6 3
16 7 3
16 8 4
16 9 3
16 10 2
16 11 4
16 12 4
16 13 5
16 14 2
16 15 1
17 0 4
17 1 5
17 2 4
17 3 5
17 4 3
17 5 2
17 6 5
17 7 3
17 8 3
17 9 2
17 10 4
17 11 4
17 12 5
17 13 3
17 14 2
17 15 2
17 16 5
18 0 4
18 1 3
18 2 4
18 3 2
18 4 1
18 5 1
18 6 1
18 7 4
18 8 4
18 9 2
18 10 5
18 11 2
18 12 4
18 13 3
18 14 4
18 15 5
18 16 2
18 17 1
19 0 1
19 1 3
19 2 4
19 3 3
19 4 2
19 5 1
19 6 1
19 7 1
19 8 5
19 9 2
19 10 3
19 11 2
19 12 3
19 13 2
19 14 1
19 15 4
19 16 3
19 17 5
19 18 5
20 0 2
20 1 1
20 2 5
20 3 1
20 4 2
20 5 1
20 6 3
20 7 2
20 8 1
20 9 2
20 10 3
20 11 4
20 12 5
20 13 5
20 14 2
20 15 1
20 16 3
20 17 4
20 18 4
20 19 1
21 0 4
21 1 3
21 2 1
21 3 2
21 4 2
21 5 5
21 6 1
21 7 2
21 8 3
21 9 4
21 10 1
21 11 5
21 12 5
21 13 2
21 14 5
21 15 4
21 16 4
21 17 1
21 18 4
21 19 1
21 20 5
22 0 5
22 1 5
22 2 2
22 3 4
22 4 4
22 5 2
22 6 3
22 7 1
22 8 1
22 9 2
22 10 1
22 11 1
22 12 3
22 13 1
22 14 2
22 15 3
22 16 1
22 17 2
22 18 2
22 19 4
22 20 4
22 21 2
23 0 3
23 1 4
23 2 4
23 3 1
23 4 2
23 5 3
23 6 4
23 7 3
23 8 1
23 9 4
23 10 3
23 11 4
23 12 3
23 13 2
23 14 2
23 15 4
23 16 2
23 17 2
23 18 5
23 19 4
23 20 2
23 21 3
23 22 5
24 0 3
24 1 4
24 2 4
24 3 1
24 4 1
24 5 5
24 6 5
24 7 5
24 8 1
24 9 5
24 10 3
24 11 4
24 12 1
24 13 5
24 14 3
24 15 4
24 16 1
24 17 2
24 18 2
24 19 1
24 20 4
24 21 5
24 22 3
24 23 5
25 0 2
25 1 1
25 2 3
25 3 4
25 4 1
25 5 4
25 6 5
25 7 2
25 8 3
25 9 2
25 10 5
25 11 3
25 12 1
25 13 3
25 14 5
25 15 4
25 16 2
25 17 4
25 18 5
25 19 2
25 20 1
25 21 4
25 22 2
25 23 1
25 24 3
26 0 5
26 1 3
26 2 2
26 3 2
26 4 3
26 5 2
26 6 2
26 7 3
26 8 2
26 9 1
26 10 4
26 11 5
26 12 4
26 13 1
26 14 4
26 15 5
26 16 3
26 17 5
26 18 1
26 19 5
26 20 1
26 21 3
26 22 4
26 23 5
26 24 4
26 25 1
27 0 2
27 1 3
27 2 3
27 3 1
27 4 5
27 5 5
27 6 1
27 7 4
27 8 1
27 9 1
27 10 3
27 11 3
27 12 5
27 13 1
27 14 5
27 15 1
27 16 3
27 17 5
27 18 2
27 19 2
27 20 4
27 21 4
27 22 3
27 23 2
27 24 2
27 25 5
27 26 2
28 0 4
28 1 5
28 2 4
28 3 5
28 4 3
28 5 3
28 6 4
28 7 1
28 8 5
28 9 1
28 10 4
28 11 5
28 12 4
28 13 5
28 14 5
28 15 3
28 16 1
28 17 2
28 18 5
28 19 1
28 20 4
28 21 2
28 22 3
28 23 5
28 24 3
28 25 1
28 26 4
28 27 5
29 0 2
29 1 5
29 2 2
29 3 3
29 4 3
29 5 2
29 6 1
29 7 2
29 8 5
29 9 2
29 10 4
29 11 3
29 12 4
29 13 1
29 14 1
29 15 3
29 16 4
29 17 3
29 18 2
29 19 5
29 20 1
29 21 1
29 22 2
29 23 4
29 24 4
29 25 4
29 26 1
29 27 2
29 28 2
30 0 4
30 1 5
30 2 2
30 3 2
30 4 3
30 5 3
30 6 2
30 7 3
30 8 5
30 9 2
30 10 2
30 11 1
30 12 1
30 13 1
30 14 3
30 15 4
30 16 5
30 17 3
30 18 1
30 19 2
30 20 1
30 21 4
30 22 3
30 23 3
30 24 4
30 25 2
30 26 1
30 27 5
30 28 3
30 29 4
31 0 3
31 1 5
31 2 5
31 3 4
31 4 5
31 5 3
31 6 1
31 7 1
31 8 2
31 9 4
31 10 5
31 11 4
31 12 5
31 13 3
31 14 5
31 15 3
31 16 3
31 17 3
31 18 4
31 19 5
31 20 3
31 21 5
31 22 5
31 23 3
31 24 5
31 25 1
31 26 3
31 27 5
31 28 4
31 29 1
31 30 4
32 0 2
32 1 3
32 2 3
32 3 5
32 4 5
32 5 1
32 6 3
32 7 2
32 8 3
32 9 2
32 10 3
32 11 5
32 12 5
32 13 4
32 14 4
32 15 3
32 16 2
32 17 3
32 18 3
32 19 4
32 20 3
32 21 3
32 22 2
32 23 5
32 24 3
32 25 5
32 26 2
32 27 4
32 28 4
32 29 1
32 30 3
32 31 4
33 0 5
33 1 1
33 2 1
33 3 3
33 4 4
33 5 2
33 6 1
33 7 2
33 8 2
33 9 2
33 10 1
33 11 4
33 12 1
33 13 2
33 14 2
33 15 4
33 16 2
33 17 4
33 18 5
33 19 3
33 20 3
33 21 4
33 22 5
33 23 4
33 24 1
33 25 3
33 26 3
33 27 5
33 28 3
33 29 5
33 30 3
33 31 1
33 32 5
34 0 1
34 1 1
34 2 5
34 3 3
34 4 3
34 5 5
34 6 3
34 7 1
34 8 1
34 9 4
34 10 4
34 11 3
34 12 3
34 13 2
34 14 3
34 15 2
34 16 3
34 17 3
34 18 5
34 19 1
34 20 3
34 21 3
34 22 2
34 23 2
34 24 3
34 25 1
34 26 1
34 27 1
34 28 5
34 29 2
34 30 5
34 31 4
34 32 4
34 33 1
35 0 3
35 1 3
35 2 1
35 3 5
35 4 5
35 5 3
35 6 4
35 7 1
35 8 1
35 9 3
35 10 4
35 11 2
35 12 4
35 13 4
35 14 3
35 15 3
35 16 3
35 17 2
35 18 3
35 19 5
35 20 4
35 21 3
35 22 5
35 23 3
35 24 2
35 25 2
35 26 4
35 27 5
35 28 1
35 29 5
35 30 3
35 31 2
35 32 2
35 33 5
35 34 1
36 0 1
36 1 3
36 2 4
36 3 5
36 4 2
36 5 2
36 6 1
36 7 2
36 8 2
36 9 2
36 10 3
36 11 2
36 12 2
36 13 4
36 14 5
36 15 1
36 16 3
36 17 3
36 18 1
36 19 4
36 20 2
36 21 4
36 22 5
36 23 2
36 24 4
36 25 2
36 26 5
36 27 2
36 28 3
36 29 2
36 30 1
36 31 2
36 32 3
36 33 5
36 34 4
36 35 5
37 0 5
37 1 3
37 2 4
37 3 4
37 4 2
37 5 3
37 6 4
37 7 2
37 8 2
37 9 1
37 10 1
37 11 2
37 12 1
37 13 4
37 14 4
37 15 5
37 16 2
37 17 1
37 18 3
37 19 4
37 20 3
37 21 3
37 22 5
37 23 3
37 24 2
37 25 4
37 26 2
37 27 5
37 28 3
37 29 4
37 30 4
37 31 3
37 32 2
37 33 2
37 34 5
37 35 5
37 36 1
38 0 2
38 1 4
38 2 2
38 3 3
38 4 3
38 5 2
38 6 3
38 7 3
38 8 2
38 9 3
38 10 4
38 11 5
38 12 2
38 13 5
38 14 4
38 15 3
38 16 5
38 17 3
38 18 4
38 19 3
38 20 3
38 21 5
38 22 2
38 23 2
38 24 2
38 25 2
38 26 1
38 27 1
38 28 2
38 29 4
38 30 3
38 31 5
38 32 5
38 33 4
38 34 5
38 35 2
38 36 5
38 37 3
39 0 4
39 1 2
39 2 3
39 3 2
39 4 5
39 5 2
39 6 1
39 7 3
39 8 3
39 9 5
39 10 3
39 11 3
39 12 3
39 13 3
39 14 4
39 15 5
39 16 3
39 17 5
39 18 3
39 19 1
39 20 3
39 21 3
39 22 4
39 23 4
39 24 5
39 25 4
39 26 4
39 27 2
39 28 3
39 29 3
39 30 1
39 31 2
39 32 3
39 33 1
39 34 3
39 35 4
39 36 4
39 37 2
39 38 4
40 0 1
40 1 1
40 2 2
40 3 1
40 4 1
40 5 3
40 6 2
40 7 2
40 8 4
40 9 4
40 10 5
40 11 3
40 12 1
40 13 4
40 14 2
40 15 3
40 16 3
40 17 2
40 18 3
40 19 3
40 20 2
40 21 5
40 22 2
40 23 2
40 24 5
40 25 1
40 26 3
40 27 4
40 28 1
40 29 1
40 30 5
40 31 3
40 32 4
40 33 4
40 34 3
40 35 2
40 36 1
40 37 3
40 38 4
40 39 5
41 0 2
41 1 2
41 2 4
41 3 4
41 4 5
41 5 4
41 6 4
41 7 5
41 8 1
41 9 1
41 10 1
41 11 5
41 12 3
41 13 3
41 14 1
41 15 3
41 16 4
41 17 5
41 18 1
41 19 3
41 20 2
41 21 5
41 22 5
41 23 5
41 24 5
41 25 1
41 26 4
41 27 5
41 28 5
41 29 3
41 30 2
41 31 2
41 32 5
41 33 3
41 34 3
41 35 4
41 36 3
41 37 4
41 38 4
41 39 3
41 40 1
42 0 1
42 1 4
42 2 5
42 3 5
42 4 4
42 5 2
42 6 2
42 7 5
42 8 1
42 9 2
42 10 3
42 11 1
42 12 1
42 13 1
42 14 3
42 15 5
42 16 5
42 17 5
42 18 5
42 19 3
42 20 4
42 21 5
42 22 4
42 23 4
42 24 3
42 25 5
42 26 2
42 27 2
42 28 2
42 29 2
42 30 5
42 31 5
42 32 4
42 33 2
42 34 4
42 35 4
42 36 2
42 37 5
42 38 4
42 39 4
42 40 3
42 41 4
43 0 2
43 1 4
43 2 5
43 3 4
43 4 2
43 5 4
43 6 4
43 7 1
43 8 2
43 9 1
43 10 4
43 11 3
43 12 5
43 13 2
43 14 5
43 15 3
43 16 2
43 17 5
43 18 2
43 19 4
43 20 4
43 21 4
43 22 4
43 23 3
43 24 2
43 25 5
43 26 3
43 27 4
43 28 2
43 29 3
43 30 4
43 31 2
43 32 2
43 33 5
43 34 4
43 35 3
43 36 1
43 37 3
43 38 5
43 39 3
43 40 3
43 41 5
43 42 4
44 0 3
44 1 4
44 2 4
44 3 3
44 4 1
44 5 3
44 6 5
44 7 1
44 8 2
44 9 1
44 10 4
44 11 1
44 12 4
44 13 2
44 14 5
44 15 4
44 16 2
44 17 3
44 18 4
44 19 3
44 20 3
44 21 3
44 22 2
44 23 3
44 24 2
44 25 1
44 26 1
44 27 3
44 28 2
44 29 5
44 30 1
44 31 3
44 32 4
44 33 3
44 34 5
44 35 3
44 36 5
44 37 2
44 38 3
44 39 4
44 40 1
44 41 3
44 42 4
44 43 2
45 0 2
45 1 2
45 2 1
45 3 1
45 4 5
45 5 4
45 6 5
45 7 1
45 8 3
45 9 3
45 10 1
45 11 1
45 12 3
45 13 2
45 14 5
45 15 2
45 16 3
45 17 1
45 18 4
45 19 2
45 20 5
45 21 3
45 22 1
45 23 4
45 24 4
45 25 1
45 26 3
45 27 1
45 28 5
45 29 4
45 30 5
45 31 1
45 32 2
45 33 3
45 34 5
45 35 1
45 36 2
45 37 2
45 38 1
45 39 5
45 40 2
45 41 1
45 42 2
45 43 3
45 44 5
46 0 1
46 1 4
46 2 2
46 3 2
46 4 2
46 5 2
46 6 3
46 7 3
46 8 2
46 9 3
46 10 3
46 11 1
46 12 4
46 13 5
46 14 5
46 15 2
46 16 3
46 17 5
46 18 1
46 19 1
46 20 5
46 21 4
46 22 2
46 23 4
46 24 5
46 25 1
46 26 3
46 27 4
46 28 5
46 29 5
46 30 5
46 31 5
46 32 5
46 33 5
46 34 4
46 35 1
46 36 4
46 37 4
46 38 1
46 39 1
46 40 3
46 41 5
46 42 5
46 43 2
46 44 4
46 45 2
47 0 3
47 1 3
47 2 2
47 3 4
47 4 4
47 5 3
47 6 2
47 7 3
47 8 1
47 9 3
47 10 5
47 11 4
47 12 3
47 13 3
47 14 5
47 15 2
47 16 3
47 17 2
47 18 2
47 19 3
47 20 5
47 21 5
47 22 1
47 23 1
47 24 4
47 25 2
47 26 1
47 27 5
47 28 3
47 29 5
47 30 5
47 31 3
47 32 5
47 33 2
47 34 3
47 35 1
47 36 2
47 37 4
47 38 3
47 39 4
47 40 1
47 41 3
47 42 1
47 43 4
47 44 3
47 45 2
47 46 3
48 0 5
48 1 1
48 2 2
48 3 3
48 4 4
48 5 5
48 6 5
48 7 4
48 8 4
48 9 3
48 10 2
48 11 1
48 12 3
48 13 4
48 14 3
48 15 5
48 16 3
48 17 4
48 18 3
48 19 5
48 20 4
48 21 4
48 22 3
48 23 2
48 24 4
48 25 2
48 26 4
48 27 4
48 28 3
48 29 5
48 30 3
48 31 4
48 32 4
48 33 2
48 34 5
48 35 3
48 36 2
48 37 2
48 38 2
48 39 2
48 40 2
48 41 5
48 42 2
48 43 4
48 44 4
48 45 2
48 46 3
48 47 5
49 0 5
49 1 3
49 2 3
49 3 2
49 4 3
49 5 3
49 6 4
49 7 1
49 8 3
49 9 5
49 10 5
49 11 1
49 12 1
49 13 1
49 14 3
49 15 2
49 16 4
49 17 1
49 18 5
49 19 4
49 20 4
49 21 3
49 22 1
49 23 2
49 24 1
49 25 2
49 26 4
49 27 1
49 28 2
49 29 1
49 30 5
49 31 5
49 32 4
49 33 4
49 34 1
49 35 4
49 36 3
49 37 2
49 38 4
49 39 3
49 40 4
49 41 4
49 42 3
49 43 5
49 44 3
49 45 1
49 46 2
49 47 4
49 48 5
50 0 5
50 1 1
50 2 5
50 3 2
50 4 5
50 5 1
50 6 5
50 7 5
50 8 2
50 9 2
50 10 5
50 11 1
50 12 4
50 13 4
50 14 2
50 15 1
50 16 4
50 17 1
50 18 4
50 19 3
50 20 1
50 21 3
50 22 4
50 23 5
50 24 3
50 25 4
50 26 3
50 27 2
50 28 1
50 29 4
50 30 4
50 31 2
50 32 3
50 33 4
50 34 4
50 35 3
50 36 1
50 37 5
50 38 1
50 39 3
50 40 5
50 41 1
50 42 2
50 43 1
50 44 2
50 45 2
50 46 2
50 47 3
50 48 2
50 49 1
51 0 5
51 1 3
51 2 3
51 3 3
51 4 1
51 5 1
51 6 5
51 7 1
51 8 5
51 9 5
51 10 1
51 11 5
51 12 5
51 13 1
51 14 4
51 15 4
51 16 1
51 17 5
51 18 1
51 19 3
51 20 2
51 21 3
51 22 1
51 23 1
51 24 3
51 25 5
51 26 4
51 27 1
51 28 4
51 29 5
51 30 3
51 31 3
51 32 4
51 33 4
51 34 3
51 35 4
51 36 3
51 37 4
51 38 3
51 39 4
51 40 4
51 41 2
51 42 5
51 43 5
51 44 4
51 45 1
51 46 3
51 47 2
51 48 4
51 49 2
51 50 5
52 0 2
52 1 5
52 2 3
52 3 4
52 4 4
52 5 4
52 6 2
52 7 3
52 8 1
52 9 5
52 10 1
52 11 1
52 12 4
52 13 2
52 14 4
52 15 1
52 16 4
52 17 5
52 18 2
52 19 1
52 20 4
52 21 5
52 22 2
52 23 5
52 24 3
52 25 2
52 26 5
52 27 5
52 28 2
52 29 2
52 30 1
52 31 2
52 32 4
52 33 4
52 34 2
52 35 3
52 36 2
52 37 1
52 38 2
52 39 5
52 40 4
52 41 3
52 42 4
52 43 2
52 44 3
52 45 4
52 46 4
52 47 4
52 48 3
52 49 1
52 50 4
52 51 5
53 0 2
53 1 4
53 2 2
53 3 1
53 4 1
53 5 3
53 6 2
53 7 2
53 8 4
53 9 5
53 10 3
53 11 1
53 12 3
53 13 2
53 14 4
53 15 4
53 16 2
53 17 2
53 18 2
53 19 5
53 20 3
53 21 2
53 22 5
53 23 4
53 24 5
53 25 5
53 26 3
53 27 3
53 28 1
53 29 2
53 30 1
53 31 5
53 32 4
53 33 4
53 34 2
53 35 1
53 36 2
53 37 5
53 38 3
53 39 4
53 40 5
53 41 5
53 42 1
53 43 4
53 44 1
53 45 5
53 46 2
53 47 2
53 48 5
53 49 5
53 50 3
53 51 4
53 52 3
54 0 5
54 1 5
54 2 2
54 3 3
54 4 3
54 5 5
54 6 3
54 7 5
54 8 2
54 9 3
54 10 2
54 11 3
54 12 2
54 13 3
54 14 4
54 15 5
54 16 1
54 17 3
54 18 5
54 19 4
54 20 1
54 21 4
54 22 4
54 23 5
54 24 3
54 25 2
54 26 5
54 27 5
54 28 5
54 29 1
54 30 1
54 31 3
54 32 3
54 33 1
54 34 4
54 35 2
54 36 1
54 37 5
54 38 5
54 39 1
54 40 4
54 41 1
54 42 3
54 43 4
54 44 4
54 45 4
54 46 3
54 47 5
54 48 5
54 49 3
54 50 2
54 51 2
54 52 3
54 53 1
