75
2 0 46
3 0 22
3 2 45
4 3 41
5 0 11
5 2 24
5 3 37
5 4 19
6 0 49
6 1 9
6 2 4
6 3 40
6 4 3
7 2 10
7 4 33
7 6 31
8 0 8
8 2 29
8 3 7
8 7 22
9 4 15
9 6 11
9 8 39
10 1 36
10 4 22
10 7 25
10 8 21
11 1 42
11 2 25
11 3 19
11 4 35
11 5 40
11 7 45
11 9 15
12 0 29
12 1 23
12 3 6
12 4 7
12 7 33
12 9 33
13 1 50
13 3 29
13 5 47
13 6 8
13 8 10
13 9 37
13 10 45
14 0 38
14 1 44
14 2 24
14 4 4
14 6 27
14 11 33
14 13 25
15 1 9
15 2 33
15 4 27
15 5 1
15 8 15
15 12 40
15 13 4
15 14 41
16 0 49
16 2 21
16 5 32
16 6 12
16 7 15
16 10 21
16 11 46
16 12 19
17 0 14
17 6 19
17 8 3
17 10 6
17 11 5
17 12 1
17 14 9
17 16 10
18 2 13
18 5 32
18 7 40
18 8 22
18 13 9
18 16 31
19 1 9
19 3 34
19 4 3
19 8 33
19 9 31
19 10 8
19 13 34
19 14 24
19 17 41
20 0 39
20 1 35
20 6 39
20 8 13
20 9 21
20 13 13
20 14 11
20 15 46
20 16 15
20 17 41
20 18 41
21 1 41
21 3 40
21 5 4
21 8 45
21 9 6
21 11 24
21 12 14
21 17 17
21 20 44
22 0 30
22 1 39
22 2 34
22 4 27
22 5 26
22 6 22
22 7 30
22 8 17
22 9 4
22 10 27
22 14 26
22 18 31
22 19 24
23 5 17
23 6 13
23 9 14
23 11 17
23 12 49
23 13 16
23 14 1
23 17 36
23 19 13
23 20 45
23 21 6
23 22 46
24 1 49
24 2 4
24 4 26
24 7 13
24 8 20
24 9 4
24 13 50
24 14 49
24 15 40
24 19 48
24 21 39
25 4 19
25 5 15
25 6 17
25 7 22
25 9 40
25 11 50
25 12 34
25 13 43
25 14 20
25 15 7
25 16 43
25 19 11
25 20 19
25 23 24
26 4 1
26 5 48
26 6 50
26 8 11
26 9 11
26 10 2
26 11 43
26 13 1
26 16 15
26 17 28
26 20 35
26 21 17
26 22 12
26 24 40
27 3 34
27 4 25
27 6 31
27 7 45
27 8 12
27 9 45
27 10 34
27 12 27
27 13 5
27 14 48
27 16 24
27 19 18
27 22 20
27 26 12
28 0 13
28 2 31
28 3 17
28 8 20
28 10 9
28 11 7
28 12 16
28 13 39
28 14 43
28 15 17
28 16 20
28 17 41
28 27 30
29 0 44
29 6 32
29 11 31
29 13 12
29 14 31
29 15 42
29 17 32
29 18 10
29 19 22
29 20 7
29 21 48
29 26 12
29 28 15
30 0 36
30 1 28
30 3 42
30 4 32
30 6 49
30 7 50
30 8 34
30 9 42
30 11 24
30 15 49
30 17 27
30 18 11
30 19 8
30 20 43
30 22 15
30 23 23
30 24 5
30 27 26
30 28 15
30 29 16
31 0 49
31 3 40
31 5 30
31 6 8
31 7 14
31 8 34
31 9 39
31 10 44
31 13 14
31 16 11
31 18 49
31 19 11
31 20 6
31 21 11
31 22 3
31 24 48
31 25 1
31 30 15
32 1 25
32 2 3
32 3 20
32 4 15
32 5 26
32 6 29
32 9 46
32 11 7
32 13 10
32 15 30
32 16 26
32 17 46
32 18 37
32 19 14
32 21 50
32 24 38
32 25 25
32 28 26
32 31 37
33 0 27
33 2 11
33 3 11
33 4 40
33 6 41
33 7 10
33 8 48
33 9 21
33 10 8
33 14 37
33 15 49
33 20 4
33 21 3
33 22 47
33 24 20
33 26 44
33 28 10
33 29 42
33 31 14
33 32 49
34 3 31
34 6 20
34 7 18
34 10 46
34 20 32
34 21 7
34 22 43
34 24 8
34 26 4
34 28 20
34 30 24
34 32 36
34 33 32
35 0 21
35 1 19
35 2 40
35 3 35
35 7 12
35 8 38
35 15 15
35 16 7
35 17 35
35 19 11
35 21 24
35 26 7
35 27 42
35 28 28
35 30 16
35 31 41
35 33 2
35 34 13
36 0 9
36 6 10
36 7 24
36 9 4
36 12 41
36 13 21
36 14 44
36 15 23
36 16 8
36 18 16
36 19 31
36 25 39
36 29 22
36 30 48
36 31 4
36 33 39
37 5 23
37 6 8
37 10 3
37 11 24
37 12 13
37 14 41
37 16 32
37 17 11
37 18 1
37 20 40
37 22 23
37 24 35
37 30 29
37 32 34
37 34 15
37 35 7
38 0 19
38 1 4
38 4 32
38 11 16
38 12 41
38 15 2
38 16 12
38 20 18
38 21 12
38 22 45
38 25 40
38 26 2
38 27 38
38 28 36
38 29 44
38 30 3
38 31 19
38 32 9
38 36 36
38 37 26
39 0 6
39 3 14
39 5 40
39 6 41
39 9 11
39 10 40
39 11 42
39 14 38
39 15 28
39 16 17
39 17 11
39 22 39
39 26 17
39 27 2
39 28 45
39 32 38
39 33 35
39 34 42
39 38 25
40 3 19
40 4 50
40 6 8
40 7 28
40 8 5
40 10 21
40 12 23
40 13 12
40 14 2
40 15 43
40 18 31
40 19 12
40 20 28
40 24 22
40 27 37
40 28 32
40 29 9
40 30 8
40 34 31
41 1 16
41 4 24
41 7 39
41 11 27
41 12 35
41 16 29
41 21 26
41 23 47
41 25 19
41 26 32
41 27 22
41 29 14
41 31 10
41 32 19
41 33 7
41 38 29
42 0 19
42 1 49
42 3 13
42 7 9
42 8 34
42 12 16
42 17 36
42 19 20
42 21 5
42 22 1
42 28 36
42 30 13
42 31 15
42 32 41
42 33 10
42 34 41
42 35 17
42 36 38
42 37 3
42 38 17
42 40 9
43 0 48
43 1 40
43 2 50
43 3 13
43 5 11
43 9 12
43 11 43
43 12 39
43 13 31
43 22 50
43 26 22
43 28 44
43 33 37
43 34 38
43 35 8
43 36 28
43 38 29
43 39 20
43 42 18
44 2 31
44 3 1
44 4 12
44 5 20
44 6 44
44 10 45
44 11 50
44 14 43
44 15 14
44 18 30
44 20 9
44 21 40
44 22 34
44 24 37
44 27 50
44 33 43
44 36 34
44 39 1
44 43 12
45 3 48
45 5 24
45 7 22
45 8 1
45 10 23
45 11 44
45 12 1
45 15 8
45 17 23
45 18 30
45 19 7
45 26 41
45 29 15
45 32 30
45 34 14
45 36 40
45 38 20
45 39 1
45 41 20
45 42 26
46 1 6
46 2 3
46 3 43
46 4 29
46 6 12
46 8 13
46 11 18
46 12 6
46 14 4
46 19 19
46 20 11
46 21 38
46 25 30
46 29 2
46 31 9
46 33 17
46 35 2
46 37 43
46 40 43
46 43 12
47 0 22
47 1 17
47 2 34
47 3 43
47 5 5
47 7 41
47 9 1
47 12 18
47 14 7
47 17 15
47 18 29
47 19 7
47 22 31
47 23 2
47 25 27
47 28 21
47 30 22
47 31 2
47 33 31
47 34 41
47 38 28
47 39 8
47 40 26
48 0 21
48 2 45
48 4 47
48 7 38
48 9 26
48 11 50
48 14 35
48 15 27
48 16 49
48 17 46
48 18 42
48 19 35
48 23 47
48 24 46
48 25 35
48 26 2
48 27 33
48 28 9
48 30 32
48 31 28
48 33 8
48 34 15
48 38 34
48 43 25
48 45 46
49 1 23
49 4 28
49 5 34
49 6 40
49 9 29
49 12 49
49 14 18
49 15 45
49 16 27
49 17 21
49 18 41
49 19 21
49 20 44
49 21 2
49 24 40
49 25 15
49 28 45
49 30 6
49 31 37
49 32 6
49 34 25
49 36 16
49 38 50
49 39 20
49 41 40
49 46 46
49 48 42
50 2 5
50 3 37
50 5 49
50 6 6
50 7 2
50 9 33
50 10 49
50 11 5
50 14 12
50 20 28
50 24 39
50 25 41
50 26 46
50 27 28
50 31 29
50 34 1
50 36 9
50 37 37
50 39 24
50 40 40
50 42 3
50 43 11
50 46 16
50 47 48
50 48 1
51 4 48
51 5 7
51 6 36
51 7 31
51 8 29
51 9 50
51 10 17
51 11 22
51 13 25
51 17 6
51 18 25
51 21 4
51 23 9
51 26 24
51 27 35
51 31 1
51 32 16
51 33 11
51 34 37
51 37 38
51 38 25
51 39 40
51 40 46
51 42 2
51 43 19
51 45 28
51 46 20
51 48 23
52 0 14
52 4 1
52 5 31
52 6 32
52 13 17
52 15 27
52 17 2
52 19 45
52 20 23
52 22 45
52 23 6
52 24 2
52 26 28
52 33 41
52 36 12
52 39 1
52 41 5
52 42 48
52 44 13
52 46 31
52 47 20
52 48 44
52 49 12
52 50 27
52 51 45
53 0 35
53 1 26
53 3 25
53 4 5
53 9 20
53 10 15
53 15 25
53 16 25
53 17 26
53 18 13
53 21 25
53 22 41
53 24 34
53 27 24
53 30 22
53 31 20
53 33 19
53 35 8
53 37 38
53 39 12
53 41 26
53 43 48
53 46 48
53 50 7
53 51 34
53 52 19
54 0 44
54 1 39
54 4 32
54 6 48
54 7 18
54 10 42
54 13 6
54 16 8
54 18 33
54 19 38
54 20 32
54 21 32
54 26 37
54 28 44
54 29 30
54 30 45
54 34 42
54 37 16
54 39 41
54 40 33
54 42 25
54 44 24
54 46 25
54 49 37
54 50 17
55 0 8
55 1 12
55 4 9
55 9 47
55 11 40
55 12 11
55 15 2
55 16 20
55 18 30
55 21 14
55 22 12
55 23 4
55 28 47
55 29 44
55 30 49
55 32 42
55 36 49
55 38 44
55 40 41
55 41 22
55 42 42
55 44 16
55 47 11
55 49 41
55 50 32
55 52 8
55 53 2
56 0 49
56 1 46
56 2 43
56 4 44
56 5 37
56 10 11
56 16 15
56 17 22
56 19 47
56 20 35
56 22 1
56 24 37
56 26 5
56 27 44
56 28 17
56 32 23
56 33 6
56 37 23
56 38 7
56 40 46
56 41 4
56 42 33
56 43 33
56 45 17
56 46 27
56 47 21
56 49 18
56 51 20
56 54 42
56 55 28
57 1 45
57 2 12
57 3 8
57 7 23
57 8 41
57 10 31
57 11 27
57 12 28
57 14 7
57 15 42
57 18 6
57 21 3
57 23 33
57 25 17
57 28 36
57 31 46
57 32 19
57 34 16
57 35 37
57 37 47
57 38 23
57 39 34
57 44 27
57 47 35
57 48 18
57 49 48
57 53 36
57 54 18
57 55 27
58 0 50
58 1 28
58 4 45
58 5 25
58 6 13
58 9 20
58 12 41
58 14 19
58 18 44
58 21 24
58 24 17
58 25 34
58 31 4
58 32 24
58 33 40
58 34 23
58 35 18
58 36 6
58 37 25
58 38 14
58 39 3
58 42 48
58 44 22
58 45 46
58 46 12
58 48 19
58 49 5
58 52 25
58 53 38
58 54 1
58 56 18
58 57 15
59 2 46
59 4 36
59 6 13
59 7 23
59 8 23
59 9 45
59 10 20
59 17 39
59 18 6
59 21 25
59 22 11
59 23 3
59 24 9
59 25 4
59 26 37
59 27 12
59 28 14
59 31 9
59 33 31
59 38 16
59 39 38
59 41 26
59 42 6
59 44 24
59 46 24
59 47 29
59 48 6
59 49 42
59 50 41
59 51 25
59 52 2
59 53 30
59 54 3
59 56 16
59 57 40
60 1 14
60 3 31
60 4 30
60 8 23
60 9 20
60 10 20
60 12 45
60 13 23
60 15 50
60 16 15
60 18 3
60 20 5
60 22 35
60 24 32
60 25 9
60 26 22
60 31 43
60 32 23
60 33 16
60 34 24
60 36 21
60 38 6
60 40 22
60 42 18
60 45 13
60 46 38
60 48 16
60 51 41
60 52 6
60 54 8
60 57 39
61 0 24
61 1 11
61 3 35
61 4 48
61 6 47
61 7 4
61 9 3
61 10 7
61 12 14
61 14 19
61 16 34
61 17 49
61 18 3
61 24 7
61 29 12
61 30 40
61 32 26
61 35 22
61 37 15
61 39 9
61 40 30
61 41 8
61 43 8
61 44 48
61 46 42
61 50 11
61 51 17
61 53 35
61 54 41
61 55 13
61 57 15
62 2 41
62 3 39
62 4 27
62 5 22
62 6 23
62 8 11
62 12 34
62 13 31
62 14 20
62 15 28
62 17 50
62 18 38
62 19 9
62 20 30
62 21 45
62 22 2
62 23 29
62 27 31
62 28 45
62 30 39
62 32 20
62 33 9
62 34 45
62 36 35
62 37 41
62 41 45
62 45 45
62 46 28
62 50 41
62 55 46
62 58 22
62 59 46
63 1 8
63 2 27
63 7 45
63 8 49
63 9 18
63 10 8
63 14 27
63 15 40
63 16 30
63 19 7
63 23 18
63 26 5
63 27 25
63 28 1
63 30 48
63 32 22
63 34 39
63 35 11
63 36 26
63 37 40
63 39 43
63 40 48
63 43 6
63 44 29
63 45 18
63 48 1
63 49 39
63 53 45
63 56 16
63 59 41
63 60 30
64 0 1
64 1 19
64 3 13
64 7 22
64 10 10
64 11 43
64 13 38
64 14 44
64 15 2
64 16 2
64 19 16
64 21 19
64 24 15
64 25 49
64 27 29
64 28 47
64 29 6
64 31 50
64 32 40
64 34 18
64 37 47
64 39 17
64 40 44
64 41 39
64 44 31
64 46 24
64 47 23
64 48 20
64 49 12
64 51 39
64 53 1
64 57 10
64 59 25
64 61 34
64 62 48
64 63 25
65 4 33
65 5 34
65 11 45
65 13 13
65 15 35
65 16 31
65 17 44
65 19 13
65 20 8
65 21 30
65 22 30
65 24 34
65 25 50
65 26 11
65 28 21
65 30 17
65 33 8
65 34 12
65 36 48
65 38 47
65 39 14
65 42 25
65 48 7
65 49 5
65 50 36
65 52 26
65 59 1
65 61 5
65 62 4
66 0 6
66 3 15
66 5 20
66 8 6
66 10 50
66 12 18
66 14 22
66 15 11
66 17 47
66 19 16
66 21 36
66 22 20
66 24 8
66 26 22
66 28 36
66 30 23
66 32 40
66 35 27
66 36 23
66 38 38
66 41 46
66 42 40
66 43 20
66 47 30
66 48 38
66 49 25
66 52 15
66 53 41
66 55 9
66 57 27
66 58 24
66 61 34
66 63 7
66 64 41
67 0 39
67 1 9
67 3 4
67 7 14
67 9 13
67 16 17
67 20 40
67 22 39
67 25 30
67 31 31
67 34 23
67 36 9
67 37 15
67 38 39
67 39 42
67 42 42
67 43 31
67 44 21
67 46 19
67 47 12
67 50 22
67 55 24
67 56 13
67 58 45
67 59 47
67 60 12
67 62 25
67 63 7
67 65 49
67 66 39
68 3 48
68 8 25
68 9 12
68 11 35
68 16 28
68 17 25
68 18 10
68 19 10
68 20 10
68 21 10
68 22 17
68 23 16
68 24 49
68 26 31
68 30 34
68 31 19
68 32 41
68 34 6
68 35 41
68 36 24
68 38 3
68 41 29
68 44 50
68 45 13
68 46 31
68 48 27
68 49 33
68 50 49
68 51 32
68 52 10
68 59 2
68 64 7
68 65 42
68 66 13
68 67 43
69 1 44
69 5 33
69 6 25
69 12 31
69 14 14
69 15 31
69 16 12
69 18 35
69 27 44
69 29 18
69 33 2
69 34 38
69 35 44
69 41 28
69 42 47
69 43 25
69 47 43
69 50 8
69 51 25
69 55 16
69 59 1
69 61 50
69 63 43
69 64 33
69 65 34
69 67 26
69 68 21
70 1 19
70 3 10
70 4 12
70 5 40
70 6 38
70 9 5
70 10 11
70 11 43
70 12 11
70 13 28
70 17 25
70 19 9
70 20 26
70 22 8
70 25 16
70 26 17
70 27 25
70 29 24
70 30 34
70 32 14
70 33 40
70 36 11
70 38 22
70 39 38
70 40 4
70 42 22
70 44 12
70 45 3
70 49 34
70 52 40
70 55 40
70 56 21
70 61 33
70 62 23
70 64 8
70 66 15
70 69 10
71 0 12
71 3 17
71 4 37
71 5 12
71 7 19
71 8 5
71 9 3
71 10 20
71 12 47
71 13 41
71 14 8
71 15 39
71 16 23
71 17 41
71 20 21
71 21 36
71 22 26
71 25 8
71 26 29
71 28 49
71 29 9
71 31 49
71 32 49
71 35 49
71 36 29
71 37 18
71 38 2
71 39 17
71 41 16
71 49 39
71 50 7
71 51 33
71 52 37
71 55 37
71 56 50
71 57 48
71 58 12
71 61 2
71 66 13
71 67 50
71 69 34
72 0 5
72 2 28
72 4 9
72 10 13
72 11 24
72 15 41
72 16 41
72 19 47
72 20 21
72 21 39
72 22 33
72 24 16
72 27 28
72 28 39
72 29 35
72 34 8
72 35 46
72 36 29
72 37 47
72 38 8
72 39 12
72 40 11
72 41 29
72 43 37
72 44 8
72 45 33
72 47 26
72 48 8
72 49 16
72 51 46
72 56 7
72 60 41
72 61 45
72 63 32
72 64 46
72 65 45
72 66 28
72 69 18
72 70 20
73 0 22
73 1 21
73 4 29
73 5 43
73 6 32
73 7 7
73 8 35
73 9 34
73 10 10
73 11 47
73 12 29
73 13 10
73 15 36
73 16 23
73 17 3
73 19 32
73 20 32
73 24 47
73 25 47
73 26 28
73 29 8
73 30 28
73 31 50
73 32 8
73 34 41
73 35 31
73 36 23
73 37 37
73 39 14
73 40 17
73 42 44
73 43 10
73 44 5
73 46 26
73 49 49
73 51 41
73 53 15
73 54 11
73 55 8
73 56 9
73 60 29
73 61 4
73 63 30
73 64 39
73 65 14
73 66 2
73 67 2
73 70 11
73 71 21
73 72 31
74 0 49
74 2 31
74 3 46
74 10 43
74 12 32
74 13 11
74 14 30
74 16 4
74 19 35
74 21 1
74 22 45
74 23 31
74 24 42
74 25 37
74 26 26
74 27 8
74 28 49
74 30 13
74 40 40
74 41 14
74 42 22
74 43 31
74 44 33
74 45 41
74 46 10
74 51 50
74 55 28
74 56 15
74 61 19
74 62 46
74 64 29
74 65 13
74 66 10
74 67 49
74 69 17
74 70 18
74 72 21
