60
1 0 18
2 0 51
2 1 7
3 0 75
3 2 97
4 2 29
5 0 4
5 1 72
5 2 36
5 3 83
6 0 1
6 1 69
6 3 85
6 4 30
6 5 19
7 3 92
7 6 76
8 0 86
8 1 61
8 5 91
9 2 64
9 3 12
9 4 29
9 5 79
9 6 73
9 7 15
10 0 35
10 1 21
10 5 16
10 8 77
10 9 30
11 0 63
11 1 44
11 2 99
11 3 58
11 9 4
11 10 91
12 0 44
12 5 85
12 7 97
12 8 63
12 10 44
13 0 72
13 1 95
13 8 41
13 12 52
14 0 38
14 5 25
14 6 13
14 7 3
14 8 49
14 9 17
14 10 74
15 3 36
15 5 84
15 7 27
15 8 39
15 9 68
15 13 97
15 14 33
16 4 2
16 6 82
16 10 63
16 11 45
16 12 40
16 14 19
16 15 1
17 0 57
17 4 7
17 5 72
17 6 55
17 8 97
17 11 85
17 12 92
17 14 73
17 15 53
18 1 21
18 2 42
18 5 28
18 8 60
18 11 23
18 13 30
18 14 34
18 16 85
18 17 94
19 1 95
19 4 72
19 5 83
19 6 94
19 9 81
19 10 89
19 13 55
19 14 4
19 16 38
20 2 51
20 3 89
20 4 82
20 5 45
20 6 12
20 7 87
20 9 83
20 10 82
20 11 23
20 12 96
20 13 7
20 15 60
20 17 75
21 1 76
21 2 33
21 4 39
21 5 88
21 6 2
21 8 52
21 9 93
21 10 82
21 11 54
21 17 56
22 0 72
22 4 16
22 6 43
22 7 24
22 9 61
22 11 95
22 13 93
22 14 42
22 16 85
22 17 76
22 18 29
22 19 76
22 21 42
23 0 18
23 1 49
23 4 44
23 5 82
23 6 6
23 7 10
23 8 67
23 10 96
23 11 67
23 15 67
23 16 57
23 19 21
23 20 99
23 22 7
24 1 45
24 5 25
24 6 100
24 7 82
24 8 41
24 10 9
24 13 59
24 17 72
24 19 27
24 21 64
24 22 42
25 1 51
25 3 2
25 6 85
25 11 23
25 13 1
25 15 60
25 18 67
25 22 74
25 23 50
26 0 21
26 1 80
26 2 13
26 5 92
26 8 94
26 17 93
26 21 97
26 25 19
27 1 93
27 8 50
27 10 31
27 12 72
27 16 72
27 19 72
27 20 37
27 21 33
27 22 37
27 23 49
27 24 35
28 1 21
28 2 48
28 4 10
28 6 78
28 10 82
28 12 11
28 13 85
28 15 98
28 16 64
28 19 94
28 21 15
28 22 49
28 23 4
28 24 38
28 25 57
29 0 41
29 1 54
29 2 66
29 4 66
29 5 76
29 6 10
29 7 68
29 9 21
29 11 33
29 12 30
29 13 54
29 16 21
29 17 23
29 20 7
29 21 6
29 22 98
29 26 54
30 1 33
30 2 92
30 4 72
30 5 15
30 6 52
30 7 58
30 9 1
30 10 18
30 11 31
30 16 86
30 17 5
30 21 38
30 23 99
30 24 21
30 26 86
30 27 56
30 28 38
30 29 87
31 0 73
31 1 90
31 2 46
31 5 22
31 7 63
31 9 70
31 10 26
31 11 61
31 12 75
31 13 24
31 14 29
31 15 16
31 20 30
31 21 19
31 22 43
31 23 56
31 24 90
32 1 21
32 3 7
32 5 97
32 6 77
32 9 1
32 10 64
32 11 77
32 16 74
32 17 38
32 18 66
32 20 68
32 21 22
32 22 38
32 23 49
32 25 47
32 26 33
32 27 47
32 29 70
32 30 42
33 4 73
33 5 27
33 7 38
33 8 17
33 10 51
33 14 60
33 16 16
33 18 7
33 21 34
33 23 13
33 26 67
33 28 2
33 30 87
33 31 17
34 0 89
34 2 72
34 3 77
34 6 36
34 7 36
34 8 69
34 11 43
34 12 19
34 16 89
34 22 95
34 24 63
34 25 66
34 29 1
34 30 60
34 31 92
34 33 30
35 1 90
35 3 85
35 5 21
35 7 90
35 8 98
35 10 20
35 12 52
35 14 66
35 15 65
35 20 39
35 22 61
35 23 42
35 26 93
35 27 81
35 28 36
35 29 4
35 30 20
35 33 85
36 1 73
36 4 77
36 5 95
36 7 79
36 9 87
36 19 43
36 22 42
36 23 19
36 24 4
36 26 74
36 27 89
36 28 24
36 29 43
36 30 67
36 32 44
36 35 11
37 0 59
37 4 25
37 5 99
37 7 64
37 9 5
37 12 31
37 13 11
37 14 98
37 16 24
37 18 32
37 19 52
37 20 82
37 21 82
37 22 76
37 25 21
37 26 13
37 27 90
37 32 37
38 0 15
38 1 76
38 2 84
38 3 40
38 5 40
38 6 88
38 8 81
38 10 35
38 11 91
38 12 20
38 13 94
38 14 23
38 16 46
38 18 53
38 20 90
38 21 57
38 22 46
38 23 13
38 24 84
38 26 57
38 28 19
38 30 23
38 33 98
38 34 39
38 35 47
38 36 34
38 37 40
39 4 87
39 5 27
39 6 33
39 9 35
39 10 33
39 11 22
39 13 87
39 17 38
39 19 32
39 20 51
39 21 64
39 22 9
39 23 2
39 26 27
39 28 84
39 29 45
39 31 79
39 33 20
39 34 72
39 35 40
39 36 59
40 1 43
40 2 17
40 4 22
40 5 14
40 9 83
40 11 60
40 12 57
40 15 96
40 19 94
40 20 59
40 21 31
40 22 85
40 23 3
40 24 47
40 28 94
40 30 41
40 34 68
40 36 75
40 38 12
41 2 50
41 4 87
41 5 93
41 9 78
41 10 9
41 12 62
41 13 43
41 14 8
41 19 76
41 20 1
41 22 75
41 26 98
41 28 61
41 33 30
41 36 37
41 37 8
41 39 94
41 40 40
42 1 66
42 2 63
42 3 74
42 6 65
42 7 41
42 9 22
42 10 67
42 11 35
42 12 48
42 13 38
42 14 45
42 15 57
42 17 74
42 18 55
42 20 79
42 21 16
42 22 69
42 23 64
42 24 82
42 28 66
42 33 70
42 34 25
42 36 58
42 38 28
42 39 53
42 40 8
43 1 27
43 7 83
43 9 73
43 10 53
43 11 52
43 13 91
43 14 96
43 17 36
43 18 79
43 20 72
43 21 44
43 23 69
43 25 60
43 28 76
43 30 59
43 31 87
43 32 55
43 34 4
43 36 28
43 37 12
43 38 33
43 40 35
43 42 82
44 1 71
44 5 89
44 6 23
44 7 35
44 9 68
44 10 29
44 12 6
44 18 74
44 20 52
44 21 30
44 23 81
44 24 29
44 25 7
44 26 34
44 28 55
44 31 87
44 34 68
44 41 47
44 42 59
45 0 73
45 1 30
45 5 77
45 7 56
45 8 44
45 9 14
45 11 62
45 14 19
45 17 33
45 19 61
45 20 84
45 21 68
45 22 2
45 25 17
45 27 4
45 28 25
45 29 72
45 32 70
45 33 28
45 34 76
45 39 84
45 41 30
45 42 54
45 43 56
46 3 68
46 7 37
46 8 94
46 11 32
46 12 5
46 13 95
46 14 51
46 16 40
46 18 90
46 20 36
46 21 91
46 24 57
46 27 8
46 28 46
46 30 43
46 31 30
46 32 77
46 34 49
46 35 11
46 36 30
46 37 59
46 40 15
46 41 84
46 43 100
46 44 44
46 45 20
47 1 70
47 3 9
47 4 25
47 5 73
47 7 45
47 8 14
47 9 57
47 10 5
47 15 40
47 16 23
47 19 47
47 20 45
47 22 13
47 23 57
47 24 76
47 25 91
47 26 45
47 29 52
47 30 89
47 35 16
47 39 85
47 42 35
47 44 57
47 45 46
47 46 14
48 3 70
48 11 19
48 12 90
48 17 32
48 18 27
48 19 78
48 21 57
48 23 84
48 25 29
48 28 5
48 30 18
48 32 64
48 33 36
48 36 70
48 37 21
48 41 52
48 42 61
48 43 62
48 44 8
48 46 57
48 47 67
49 0 45
49 1 6
49 3 53
49 5 65
49 7 64
49 10 88
49 11 89
49 13 57
49 16 53
49 18 60
49 21 27
49 22 15
49 23 74
49 24 94
49 25 15
49 32 80
49 34 26
49 35 93
49 39 70
49 46 56
50 2 29
50 4 9
50 8 5
50 9 86
50 10 32
50 12 45
50 14 82
50 15 17
50 19 38
50 20 91
50 21 19
50 23 57
50 25 84
50 26 73
50 27 98
50 30 95
50 32 53
50 34 39
50 35 62
50 36 40
50 37 27
50 38 52
50 39 26
50 41 4
50 42 99
50 43 17
50 44 22
50 45 31
50 47 1
50 48 100
50 49 68
51 0 9
51 3 3
51 6 22
51 9 71
51 12 28
51 13 71
51 14 47
51 16 32
51 17 6
51 20 23
51 24 30
51 25 92
51 29 15
51 36 14
51 37 22
51 38 69
51 40 20
51 43 25
51 44 80
51 45 90
51 46 59
51 47 32
51 49 74
52 4 51
52 5 19
52 6 97
52 8 13
52 10 84
52 12 82
52 14 91
52 21 30
52 24 87
52 26 83
52 28 43
52 29 62
52 30 51
52 32 12
52 34 47
52 38 24
52 39 80
52 40 20
52 41 45
52 45 90
52 46 48
52 48 31
52 49 68
52 50 50
53 1 59
53 2 89
53 4 43
53 7 67
53 10 69
53 11 4
53 16 3
53 22 81
53 25 40
53 26 26
53 27 29
53 29 55
53 32 95
53 35 2
53 36 43
53 38 88
53 39 26
53 40 53
53 41 77
53 42 8
53 44 20
53 46 42
53 49 27
53 51 50
54 0 96
54 2 9
54 3 14
54 4 78
54 6 36
54 7 19
54 8 70
54 11 66
54 14 27
54 16 5
54 17 46
54 25 32
54 26 68
54 27 51
54 28 64
54 30 26
54 31 73
54 32 49
54 33 68
54 35 33
54 36 25
54 38 36
54 41 18
54 43 2
54 45 36
54 48 72
54 49 28
54 50 38
54 53 58
55 1 89
55 2 85
55 6 62
55 8 31
55 9 61
55 10 11
55 16 83
55 19 12
55 20 59
55 23 57
55 24 83
55 25 27
55 27 12
55 28 48
55 29 11
55 31 7
55 32 22
55 35 29
55 40 74
55 42 92
55 43 86
55 44 27
55 50 23
55 51 64
55 54 54
56 0 97
56 1 94
56 2 53
56 6 83
56 7 16
56 8 87
56 14 53
56 17 76
56 18 36
56 19 49
56 21 98
56 22 62
56 24 13
56 28 100
56 30 23
56 31 45
56 32 67
56 33 81
56 35 71
56 37 49
56 38 31
56 39 55
56 40 88
56 42 56
56 45 21
56 46 84
56 47 77
56 49 41
56 51 62
56 53 54
56 54 18
57 0 70
57 2 86
57 3 82
57 5 44
57 9 20
57 10 78
57 13 66
57 14 32
57 15 100
57 17 75
57 20 22
57 21 67
57 22 97
57 23 78
57 25 53
57 31 42
57 32 36
57 33 4
57 35 53
57 36 36
57 37 69
57 38 81
57 39 52
57 42 69
57 44 10
57 46 14
57 53 61
58 0 35
58 1 76
58 3 3
58 4 41
58 6 69
58 11 97
58 14 15
58 16 79
58 19 45
58 22 9
58 23 90
58 24 75
58 25 29
58 29 66
58 31 45
58 32 99
58 33 35
58 35 88
58 36 25
58 37 12
58 38 86
58 39 60
58 41 90
58 42 31
58 45 33
58 49 11
58 51 89
58 52 90
58 55 80
58 57 31
59 0 39
59 3 34
59 4 84
59 7 74
59 8 41
59 9 24
59 10 35
59 15 17
59 16 87
59 18 97
59 21 67
59 29 28
59 31 22
59 34 63
59 36 82
59 37 52
59 39 60
59 40 61
59 45 93
59 46 31
59 48 96
59 54 44
59 56 2
59 57 7
59 58 24
