40
1 0 38
2 0 14
2 1 8
3 0 49
3 1 39
3 2 28
4 0 34
4 2 20
5 0 1
5 2 36
5 4 32
7 1 44
7 2 17
7 3 19
7 6 37
8 0 47
8 1 50
8 3 49
8 4 7
8 5 26
8 6 31
8 7 4
9 0 27
9 3 44
9 4 2
9 8 2
10 1 34
10 5 2
10 6 27
10 8 31
10 9 13
11 1 31
11 2 18
11 3 23
11 4 40
11 8 23
11 10 2
12 1 9
12 4 45
12 5 39
12 6 35
13 0 49
13 1 16
13 7 49
13 8 36
13 12 14
14 0 40
14 2 7
14 3 30
14 4 48
14 5 29
14 7 5
14 8 11
14 9 46
14 10 40
14 11 6
14 12 3
15 1 39
15 2 21
15 6 36
15 7 16
15 8 48
15 9 7
16 0 11
16 1 30
16 2 26
16 4 38
16 6 40
16 9 33
16 10 7
16 13 6
16 14 8
17 2 26
17 3 3
17 6 37
17 8 48
17 10 4
17 11 33
17 13 24
17 16 25
18 2 50
18 4 20
18 5 13
18 8 13
18 15 32
18 17 41
19 0 4
19 1 28
19 2 3
19 3 30
19 7 8
19 8 33
19 14 37
19 15 7
19 16 5
19 17 48
20 0 48
20 2 4
20 5 5
20 6 20
20 8 4
20 9 6
20 12 42
20 13 2
20 15 22
20 17 49
20 18 18
21 0 43
21 5 38
21 6 46
21 9 29
21 11 28
21 12 43
21 13 5
21 14 10
21 16 49
21 18 4
21 19 19
21 20 47
22 0 16
22 2 17
22 3 18
22 4 12
22 10 5
22 17 46
22 18 7
22 20 35
23 0 11
23 2 19
23 6 12
23 8 21
23 12 50
23 13 19
23 15 36
23 16 1
23 17 2
23 19 30
23 20 26
23 21 9
23 22 48
24 1 21
24 4 29
24 5 6
24 6 33
24 9 5
24 10 44
24 11 11
24 12 34
24 13 38
24 15 11
24 16 21
24 18 22
24 19 50
24 22 31
25 0 26
25 2 1
25 5 48
25 10 10
25 12 23
25 13 5
25 18 46
25 20 41
25 21 35
26 2 14
26 3 4
26 4 18
26 7 34
26 8 50
26 9 26
26 11 21
26 12 14
26 13 36
26 15 45
26 16 33
26 17 45
26 19 44
26 21 34
26 25 3
27 3 25
27 4 30
27 8 33
27 9 6
27 10 35
27 11 49
27 12 45
27 13 13
27 18 33
27 25 48
28 1 34
28 2 23
28 3 27
28 4 16
28 5 28
28 6 41
28 8 1
28 10 7
28 15 1
28 16 44
28 17 41
28 18 30
28 19 8
28 20 12
28 22 30
28 23 36
28 24 44
28 25 45
28 27 46
29 1 18
29 4 34
29 5 19
29 7 22
29 12 29
29 14 8
29 19 49
29 20 43
29 22 13
29 24 45
29 27 28
30 1 31
30 2 41
30 4 16
30 6 18
30 9 50
30 11 26
30 13 33
30 14 15
30 16 39
30 19 41
30 20 32
30 21 38
30 23 15
30 24 34
31 3 2
31 4 47
31 5 48
31 6 28
31 10 11
31 12 30
31 13 50
31 23 33
31 24 50
31 30 22
32 0 17
32 3 14
32 4 44
32 7 17
32 8 41
32 11 18
32 13 37
32 14 18
32 16 15
32 18 4
32 20 2
32 22 22
32 23 36
32 24 19
32 26 7
32 28 46
33 0 42
33 1 15
33 2 7
33 3 36
33 4 40
33 7 48
33 8 35
33 10 39
33 12 19
33 13 27
33 16 11
33 21 10
33 22 3
33 23 33
33 26 14
33 29 23
33 31 41
33 32 28
34 0 45
34 1 11
34 2 32
34 4 44
34 5 26
34 6 34
34 8 20
34 10 14
34 11 3
34 13 45
34 14 7
34 15 50
34 18 28
34 19 24
34 20 25
34 21 10
34 27 14
34 31 40
34 33 27
35 1 12
35 2 9
35 3 19
35 5 1
35 8 36
35 12 33
35 14 15
35 15 39
35 16 19
35 17 35
35 23 26
35 25 39
35 27 18
35 29 42
35 30 24
35 33 30
35 34 28
36 0 32
36 1 5
36 3 35
36 5 47
36 6 49
36 10 13
36 12 44
36 15 8
36 16 31
36 26 37
36 28 45
36 31 4
36 32 12
36 33 46
36 34 26
37 1 12
37 5 34
37 6 50
37 8 13
37 11 5
37 14 44
37 15 12
37 16 17
37 17 38
37 24 6
37 30 5
37 33 10
37 34 7
37 35 42
37 36 40
38 2 22
38 4 21
38 7 39
38 8 45
38 10 22
38 11 45
38 12 13
38 13 33
38 16 22
38 17 50
38 19 40
38 20 19
38 25 7
38 27 14
38 29 42
38 32 40
38 33 28
38 35 9
38 37 19
39 3 29
39 4 40
39 6 16
39 7 18
39 8 14
39 10 13
39 14 39
39 15 19
39 16 27
39 17 13
39 18 45
39 19 32
39 26 40
39 29 32
39 31 2
39 32 35
39 33 38
39 34 30
