75
3 0 66
3 2 53
4 1 97
5 0 28
5 2 19
6 0 80
6 5 67
7 2 84
7 5 90
7 6 51
8 0 71
8 1 11
8 2 89
8 3 48
9 1 56
9 3 84
9 4 97
9 5 40
9 6 48
9 7 89
10 5 91
10 8 89
10 9 79
11 4 1
11 7 72
11 8 2
12 1 82
12 2 20
12 3 62
12 4 1
12 6 41
12 8 11
12 9 86
12 10 78
12 11 78
13 0 43
13 1 39
13 4 100
13 6 57
13 7 52
13 11 66
14 5 32
14 6 100
14 11 20
14 12 79
14 13 64
15 1 2
15 3 31
15 9 97
15 12 82
15 13 12
16 1 6
16 3 90
16 5 70
16 6 61
16 9 83
16 10 47
16 11 1
16 12 83
16 13 77
16 14 83
17 0 26
17 1 40
17 2 94
17 3 81
17 6 61
17 7 97
17 8 67
17 11 33
17 12 96
17 14 43
18 1 12
18 2 77
18 3 40
18 7 67
18 9 31
18 13 28
18 14 24
18 16 2
18 17 66
19 0 80
19 1 76
19 4 23
19 6 37
19 7 66
19 14 8
19 15 79
19 16 15
19 18 94
20 0 44
20 1 25
20 4 76
20 6 63
20 7 9
20 9 74
20 11 33
20 13 1
20 15 64
20 16 18
20 18 89
20 19 8
21 1 55
21 3 64
21 4 61
21 5 1
21 8 29
21 9 27
21 11 23
21 15 73
21 17 96
21 20 72
22 2 60
22 4 47
22 5 73
22 6 21
22 7 31
22 12 76
22 16 58
22 17 66
22 18 97
22 19 40
22 20 9
23 5 9
23 6 77
23 7 60
23 11 87
23 16 19
23 17 14
23 19 89
23 22 2
24 0 69
24 2 76
24 3 29
24 6 37
24 7 82
24 8 41
24 9 38
24 12 40
24 14 32
24 15 88
24 17 91
24 21 36
24 23 77
25 6 96
25 8 30
25 9 90
25 10 83
25 12 11
25 13 70
25 17 60
25 20 38
25 23 4
25 24 49
26 3 86
26 4 5
26 9 59
26 11 26
26 13 6
26 15 20
26 19 55
26 21 64
26 23 45
26 24 95
27 0 22
27 1 30
27 8 1
27 14 28
27 16 81
27 18 12
27 21 37
27 25 70
28 1 93
28 2 81
28 5 16
28 7 70
28 8 79
28 12 58
28 13 87
28 14 57
28 15 36
28 16 32
28 20 1
28 21 12
28 22 69
28 24 55
28 25 51
28 26 26
28 27 93
29 0 65
29 1 78
29 2 10
29 3 78
29 4 2
29 7 24
29 10 32
29 13 60
29 14 37
29 16 27
29 17 16
29 19 37
29 20 18
29 21 21
29 22 98
29 23 25
29 24 92
29 25 3
29 28 59
30 0 59
30 1 45
30 4 88
30 5 32
30 10 51
30 11 32
30 12 67
30 13 60
30 14 33
30 16 24
30 17 90
30 19 63
30 20 65
30 22 21
30 23 31
30 25 18
30 27 70
31 0 58
31 1 92
31 3 83
31 6 5
31 7 60
31 9 22
31 11 22
31 12 23
31 14 12
31 16 43
31 18 1
31 21 66
31 22 72
31 24 3
31 25 100
31 27 69
31 28 100
31 29 92
31 30 14
32 0 97
32 1 50
32 3 67
32 4 43
32 6 72
32 8 75
32 9 69
32 11 57
32 12 86
32 13 51
32 14 31
32 15 15
32 18 8
32 20 40
32 21 40
32 22 7
32 23 1
32 24 6
32 25 35
32 26 76
32 27 53
32 29 53
33 0 12
33 1 43
33 3 30
33 4 24
33 9 69
33 10 58
33 12 92
33 16 43
33 17 9
33 18 17
33 20 41
33 25 31
33 28 71
33 32 69
34 1 73
34 3 68
34 4 46
34 5 68
34 8 81
34 9 53
34 11 9
34 12 62
34 14 45
34 15 52
34 17 69
34 18 49
34 19 41
34 20 17
34 22 49
34 24 100
34 25 28
34 27 62
34 28 99
34 30 43
35 2 82
35 4 58
35 5 58
35 6 6
35 7 94
35 8 72
35 11 47
35 16 80
35 17 8
35 19 16
35 22 91
35 23 52
35 29 84
35 31 34
35 33 75
35 34 7
36 0 56
36 2 62
36 7 81
36 8 79
36 10 77
36 11 47
36 12 100
36 16 11
36 18 60
36 20 25
36 22 34
36 23 73
36 26 90
36 28 50
36 29 47
36 30 71
36 31 48
36 35 29
37 0 23
37 1 68
37 3 77
37 4 2
37 5 6
37 6 13
37 7 76
37 8 49
37 14 41
37 15 19
37 16 85
37 17 36
37 19 75
37 22 53
37 25 14
37 29 61
37 31 7
37 32 78
37 33 46
37 35 34
37 36 77
38 1 59
38 3 59
38 4 46
38 5 68
38 6 1
38 7 54
38 8 5
38 9 7
38 14 39
38 15 38
38 16 70
38 18 44
38 21 90
38 23 73
38 26 6
38 28 63
38 29 31
38 31 10
38 35 20
38 36 27
38 37 18
39 0 99
39 1 45
39 2 52
39 5 28
39 6 63
39 14 10
39 16 14
39 17 30
39 18 53
39 21 44
39 22 75
39 23 38
39 28 10
39 29 54
39 33 72
39 37 64
39 38 89
40 0 38
40 1 51
40 4 90
40 6 90
40 7 70
40 8 8
40 9 55
40 11 72
40 14 17
40 15 33
40 17 47
40 19 91
40 21 99
40 22 5
40 23 33
40 24 52
40 26 18
40 28 73
40 30 41
40 31 28
40 33 86
40 35 87
40 38 100
41 1 58
41 4 12
41 6 40
41 8 46
41 9 90
41 10 99
41 11 90
41 12 56
41 13 78
41 14 22
41 16 49
41 17 13
41 21 30
41 22 44
41 29 32
41 33 96
41 34 37
41 37 59
41 39 78
42 2 73
42 3 25
42 4 76
42 5 84
42 6 22
42 10 32
42 13 46
42 17 28
42 19 58
42 20 86
42 21 18
42 22 81
42 26 20
42 28 5
42 29 23
42 30 49
42 31 69
42 32 81
42 34 26
42 40 6
43 0 69
43 1 72
43 4 33
43 5 7
43 9 11
43 10 89
43 12 36
43 19 47
43 20 63
43 22 2
43 24 2
43 25 19
43 26 94
43 27 41
43 28 9
43 29 24
43 33 72
43 36 68
43 37 37
44 0 44
44 2 93
44 4 35
44 5 63
44 6 84
44 11 29
44 12 74
44 13 100
44 14 69
44 18 4
44 20 89
44 21 18
44 23 99
44 24 77
44 25 79
44 27 76
44 28 43
44 29 80
44 35 17
44 37 24
44 38 38
44 40 49
44 41 53
45 1 59
45 2 90
45 9 15
45 11 64
45 13 42
45 17 28
45 18 22
45 20 92
45 21 63
45 22 43
45 23 63
45 26 57
45 28 75
45 29 78
45 31 44
45 33 23
45 37 48
45 38 89
45 40 17
45 42 17
45 43 69
46 3 75
46 4 100
46 6 91
46 8 61
46 9 40
46 10 63
46 11 98
46 13 27
46 14 72
46 16 87
46 17 78
46 19 5
46 21 86
46 22 65
46 24 81
46 25 68
46 28 74
46 31 29
46 33 11
46 38 41
47 3 14
47 4 83
47 5 39
47 6 90
47 8 70
47 9 97
47 12 47
47 13 43
47 14 66
47 17 80
47 19 99
47 20 41
47 23 36
47 24 48
47 29 47
47 30 97
47 31 27
47 34 38
47 35 8
47 39 91
47 40 44
47 41 26
47 42 70
47 43 6
47 44 75
47 45 64
47 46 88
48 2 91
48 3 63
48 4 46
48 5 82
48 6 29
48 9 59
48 14 88
48 15 40
48 17 39
48 18 36
48 21 57
48 22 95
48 23 46
48 27 8
48 29 100
48 32 76
48 33 68
48 34 78
48 35 30
48 38 93
48 40 31
48 43 46
48 44 35
48 45 53
48 47 95
49 0 31
49 1 12
49 2 6
49 4 84
49 7 91
49 8 40
49 9 27
49 12 86
49 13 64
49 14 96
49 16 67
49 19 43
49 24 90
49 25 46
49 27 91
49 29 8
49 31 60
49 32 81
49 33 5
49 34 92
49 37 73
49 38 38
49 41 2
49 42 17
49 43 47
49 46 97
49 47 52
49 48 60
50 1 82
50 3 43
50 6 57
50 8 31
50 9 78
50 16 78
50 17 43
50 19 54
50 20 78
50 21 83
50 22 63
50 23 11
50 24 15
50 26 47
50 32 78
50 33 84
50 34 3
50 35 58
50 37 14
50 38 66
50 40 10
50 45 61
50 46 2
50 49 62
51 0 72
51 2 80
51 4 29
51 5 6
51 7 19
51 8 42
51 10 61
51 13 88
51 14 71
51 16 17
51 19 65
51 21 73
51 23 78
51 25 72
51 29 7
51 32 88
51 35 14
51 36 66
51 37 3
51 42 78
51 43 12
51 45 46
51 48 88
51 50 77
52 3 91
52 4 76
52 5 26
52 8 81
52 9 36
52 11 51
52 12 17
52 18 80
52 19 27
52 23 75
52 24 86
52 26 93
52 28 21
52 29 82
52 34 84
52 35 7
52 36 64
52 39 93
52 41 8
52 42 39
52 44 67
52 45 29
52 46 91
52 48 99
53 1 8
53 11 44
53 13 37
53 21 65
53 25 25
53 28 74
53 30 12
53 32 2
53 35 95
53 41 45
53 45 78
53 48 47
53 49 65
53 51 82
53 52 46
54 2 98
54 3 16
54 4 54
54 5 41
54 6 88
54 9 55
54 10 71
54 12 11
54 14 39
54 15 2
54 16 48
54 17 27
54 18 44
54 20 74
54 26 41
54 27 37
54 28 58
54 30 4
54 31 11
54 32 77
54 33 46
54 35 57
54 36 56
54 42 99
54 44 43
54 45 2
54 47 38
54 49 65
54 50 77
54 52 44
55 1 7
55 2 63
55 4 2
55 8 57
55 9 29
55 14 50
55 15 76
55 21 96
55 25 10
55 27 86
55 28 34
55 29 39
55 31 29
55 32 27
55 35 37
55 36 14
55 38 17
55 40 42
55 41 9
55 42 55
55 43 96
55 44 42
55 45 31
55 46 5
55 48 42
55 50 26
55 51 58
55 52 40
55 53 12
55 54 93
56 0 100
56 3 93
56 4 77
56 7 73
56 8 57
56 10 53
56 14 48
56 15 78
56 23 59
56 24 17
56 26 82
56 27 36
56 28 78
56 30 66
56 32 67
56 33 32
56 35 53
56 39 78
56 43 86
56 44 89
56 45 94
56 46 85
56 50 45
56 51 63
56 52 93
56 54 65
56 55 91
57 1 49
57 2 90
57 3 40
57 4 28
57 6 60
57 12 64
57 14 76
57 15 21
57 16 9
57 17 40
57 18 45
57 20 40
57 23 42
57 26 48
57 27 52
57 28 58
57 31 43
57 32 74
57 34 56
57 36 12
57 37 27
57 38 6
57 39 88
57 40 81
57 42 81
57 43 91
57 44 24
57 45 38
57 46 34
57 49 67
57 50 65
57 51 37
57 52 16
57 55 17
57 56 40
58 0 80
58 1 81
58 4 100
58 5 41
58 6 4
58 9 45
58 10 44
58 11 64
58 12 90
58 13 72
58 20 26
58 21 57
58 22 46
58 23 41
58 24 85
58 25 51
58 28 54
58 31 79
58 32 18
58 35 85
58 37 61
58 38 17
58 39 44
58 42 8
58 43 88
58 44 9
58 48 79
58 49 18
58 50 93
58 52 17
58 54 7
58 56 8
58 57 3
59 0 80
59 1 34
59 5 2
59 6 91
59 8 98
59 11 64
59 14 55
59 17 75
59 20 38
59 22 42
59 23 10
59 26 13
59 28 78
59 29 31
59 31 68
59 33 52
59 36 6
59 38 17
59 39 28
59 40 97
59 43 33
59 45 31
59 49 32
59 50 87
59 52 1
59 53 96
59 54 69
59 56 19
59 57 13
60 1 39
60 2 41
60 3 45
60 5 46
60 6 8
60 16 77
60 17 23
60 20 100
60 21 37
60 25 50
60 27 50
60 30 68
60 31 55
60 32 21
60 33 39
60 34 41
60 38 46
60 39 63
60 40 75
60 43 69
60 47 72
60 48 32
60 49 48
60 50 49
60 52 84
60 53 84
60 54 76
60 56 22
60 57 39
61 1 72
61 2 7
61 3 8
61 4 49
61 6 22
61 7 86
61 11 64
61 16 55
61 17 43
61 19 32
61 23 83
61 24 11
61 25 59
61 27 31
61 28 99
61 30 60
61 32 49
61 33 7
61 35 30
61 37 38
61 38 81
61 40 44
61 42 75
61 43 9
61 45 17
61 47 36
61 48 22
61 49 31
61 51 50
61 53 36
61 58 53
61 59 19
62 0 53
62 2 31
62 3 78
62 6 1
62 7 62
62 8 39
62 11 84
62 12 10
62 13 95
62 14 76
62 20 53
62 22 85
62 23 74
62 24 36
62 25 40
62 28 39
62 29 16
62 30 41
62 35 87
62 36 14
62 37 34
62 39 91
62 41 37
62 42 44
62 43 90
62 44 65
62 48 41
62 50 54
62 51 5
62 54 92
62 56 14
62 58 65
62 59 14
62 60 40
62 61 31
63 0 73
63 1 10
63 3 5
63 4 12
63 5 43
63 6 18
63 7 53
63 8 75
63 10 34
63 12 80
63 13 97
63 16 60
63 17 65
63 19 89
63 21 33
63 27 94
63 28 44
63 29 58
63 33 6
63 34 11
63 36 56
63 38 26
63 45 28
63 46 85
63 47 19
63 49 29
63 51 19
63 52 90
63 54 68
63 55 33
63 57 52
63 58 67
63 59 52
63 60 85
63 61 96
64 3 4
64 5 41
64 9 94
64 10 44
64 11 33
64 16 53
64 17 60
64 18 1
64 20 28
64 21 83
64 23 100
64 24 46
64 25 53
64 26 74
64 30 95
64 31 60
64 34 18
64 36 70
64 38 27
64 43 67
64 44 40
64 45 30
64 46 58
64 49 7
64 50 62
64 53 93
64 58 15
64 59 84
64 60 50
64 61 89
64 62 83
64 63 84
65 0 20
65 1 100
65 2 22
65 5 84
65 6 96
65 11 73
65 12 70
65 13 75
65 15 48
65 16 10
65 18 27
65 19 13
65 20 59
65 24 26
65 28 83
65 29 39
65 30 71
65 31 3
65 32 8
65 33 94
65 34 100
65 35 60
65 36 45
65 38 79
65 39 40
65 40 94
65 43 59
65 44 42
65 46 41
65 47 94
65 48 100
65 49 98
65 50 20
65 52 33
65 53 39
65 55 86
65 56 24
65 58 30
65 59 9
65 62 91
66 0 43
66 1 22
66 2 69
66 3 25
66 4 46
66 5 6
66 6 82
66 8 28
66 12 72
66 13 93
66 17 44
66 20 63
66 21 28
66 22 23
66 23 80
66 24 72
66 25 17
66 27 73
66 28 6
66 31 84
66 32 59
66 33 20
66 38 30
66 39 1
66 40 100
66 42 6
66 44 54
66 45 92
66 48 26
66 49 54
66 50 95
66 53 34
66 55 79
66 56 27
66 57 59
66 58 85
66 59 34
66 61 56
66 63 5
66 65 29
67 0 3
67 3 75
67 6 62
67 8 73
67 9 42
67 13 96
67 15 89
67 16 24
67 17 72
67 19 50
67 23 98
67 26 68
67 27 21
67 29 28
67 30 3
67 31 78
67 33 37
67 37 80
67 38 44
67 39 94
67 40 98
67 46 94
67 49 19
67 53 16
67 56 48
67 57 5
67 58 4
67 59 15
67 60 88
67 62 19
67 63 66
67 64 67
68 4 38
68 7 8
68 8 18
68 10 51
68 13 91
68 14 41
68 15 12
68 19 68
68 20 47
68 23 47
68 24 68
68 26 5
68 28 33
68 31 34
68 33 99
68 34 84
68 36 4
68 40 5
68 41 3
68 44 60
68 46 17
68 47 64
68 52 28
68 55 100
68 57 34
68 58 91
68 60 29
68 62 72
68 65 99
68 66 92
69 0 32
69 2 83
69 4 81
69 7 83
69 8 61
69 9 16
69 14 92
69 16 28
69 17 34
69 19 78
69 21 77
69 22 35
69 23 4
69 26 55
69 30 20
69 31 20
69 32 7
69 33 27
69 37 42
69 38 84
69 40 55
69 42 32
69 43 71
69 45 93
69 46 10
69 47 80
69 49 31
69 51 44
69 52 76
69 53 69
69 54 68
69 56 74
69 59 6
69 60 19
69 61 88
69 63 26
69 64 75
69 66 47
69 67 40
70 0 58
70 1 83
70 2 85
70 3 24
70 4 29
70 6 2
70 8 86
70 9 79
70 10 46
70 11 2
70 13 18
70 14 33
70 21 83
70 22 20
70 23 9
70 28 73
70 29 88
70 31 69
70 33 53
70 34 35
70 36 75
70 37 71
70 41 63
70 42 28
70 43 1
70 46 79
70 47 95
70 54 43
70 56 70
70 57 38
70 60 57
70 61 45
70 62 36
70 63 24
70 65 77
70 66 84
70 68 11
70 69 74
71 0 19
71 2 34
71 5 61
71 6 17
71 8 76
71 10 84
71 12 46
71 13 67
71 14 73
71 15 3
71 16 92
71 17 84
71 18 26
71 20 70
71 22 19
71 23 20
71 24 2
71 25 7
71 31 94
71 34 39
71 35 67
71 36 62
71 37 18
71 40 7
71 41 95
71 44 81
71 45 16
71 46 79
71 48 62
71 49 50
71 50 29
71 51 23
71 52 14
71 56 10
71 57 36
71 58 46
71 59 44
71 60 86
71 61 97
71 63 51
71 65 36
71 67 57
72 0 26
72 2 66
72 4 100
72 5 28
72 7 96
72 9 6
72 10 18
72 12 40
72 14 61
72 15 58
72 16 78
72 20 23
72 22 66
72 23 77
72 24 76
72 25 36
72 28 66
72 29 27
72 30 20
72 32 41
72 34 57
72 35 94
72 36 54
72 37 62
72 39 9
72 40 63
72 44 35
72 47 68
72 49 31
72 50 6
72 51 51
72 54 85
72 56 80
72 58 37
72 63 73
72 67 74
72 68 70
72 71 50
73 0 26
73 2 1
73 5 53
73 6 74
73 10 13
73 13 76
73 14 3
73 15 22
73 18 56
73 20 86
73 21 19
73 23 25
73 28 36
73 29 28
73 30 40
73 31 29
73 33 80
73 35 82
73 36 57
73 38 90
73 41 81
73 47 98
73 49 15
73 51 66
73 54 19
73 56 25
73 67 25
73 68 23
73 69 33
73 70 26
73 71 4
73 72 1
74 2 80
74 3 90
74 6 25
74 10 96
74 14 64
74 15 94
74 17 77
74 18 47
74 19 39
74 20 72
74 21 48
74 22 8
74 23 48
74 24 18
74 26 72
74 27 10
74 29 24
74 31 81
74 32 43
74 33 31
74 35 16
74 37 45
74 38 19
74 39 83
74 42 22
74 43 84
74 45 10
74 46 94
74 47 48
74 49 89
74 51 34
74 53 61
74 55 80
74 58 81
74 60 46
74 61 78
74 65 63
74 66 66
74 67 49
74 68 7
74 69 67
