50
1 0 1
2 0 1
2 1 1
3 0 1
3 1 1
4 1 1
4 3 1
5 1 1
5 2 1
5 3 1
6 0 1
6 2 1
6 3 1
6 4 1
7 4 1
7 5 1
8 0 1
8 1 1
8 2 1
8 4 1
8 5 1
8 7 1
9 5 1
9 7 1
9 8 1
10 0 1
10 1 1
10 3 1
10 5 1
10 7 1
10 8 1
10 9 1
11 4 1
11 7 1
11 8 1
11 9 1
12 0 1
12 1 1
12 2 1
12 3 1
12 4 1
12 5 1
12 7 1
12 8 1
12 11 1
13 0 1
13 4 1
13 7 1
13 8 1
13 9 1
13 11 1
13 12 1
14 0 1
14 3 1
14 8 1
14 10 1
14 11 1
14 13 1
15 1 1
15 3 1
15 6 1
15 9 1
15 10 1
15 11 1
15 12 1
16 0 1
16 1 1
16 3 1
16 4 1
16 6 1
16 7 1
16 8 1
16 10 1
16 11 1
16 12 1
16 15 1
17 6 1
17 7 1
17 8 1
17 9 1
17 13 1
17 14 1
17 15 1
18 2 1
18 5 1
18 6 1
18 8 1
18 9 1
18 10 1
18 11 1
18 14 1
18 15 1
18 17 1
19 1 1
19 2 1
19 5 1
19 6 1
19 7 1
19 10 1
19 12 1
19 13 1
19 14 1
19 15 1
20 2 1
20 4 1
20 5 1
20 6 1
20 7 1
20 10 1
20 11 1
20 12 1
20 13 1
20 14 1
20 16 1
20 17 1
20 19 1
21 1 1
21 4 1
21 11 1
21 12 1
21 14 1
21 17 1
21 19 1
21 20 1
22 1 1
22 3 1
22 4 1
22 5 1
22 9 1
22 10 1
22 12 1
22 17 1
23 1 1
23 2 1
23 3 1
23 9 1
23 10 1
23 11 1
23 12 1
23 15 1
23 20 1
23 21 1
24 2 1
24 4 1
24 5 1
24 6 1
24 7 1
24 9 1
24 12 1
24 13 1
24 15 1
24 16 1
24 18 1
24 19 1
24 20 1
24 21 1
24 22 1
25 4 1
25 5 1
25 6 1
25 7 1
25 8 1
25 9 1
25 12 1
25 13 1
25 18 1
25 20 1
25 21 1
25 23 1
25 24 1
26 2 1
26 3 1
26 4 1
26 10 1
26 11 1
26 12 1
26 13 1
26 14 1
26 15 1
26 16 1
26 25 1
27 0 1
27 2 1
27 6 1
27 8 1
27 12 1
27 13 1
27 14 1
27 17 1
27 20 1
27 21 1
27 22 1
27 25 1
28 0 1
28 1 1
28 6 1
28 7 1
28 8 1
28 9 1
28 10 1
28 11 1
28 12 1
28 13 1
28 14 1
28 15 1
28 17 1
28 19 1
28 22 1
28 25 1
28 26 1
29 0 1
29 2 1
29 7 1
29 8 1
29 10 1
29 11 1
29 12 1
29 13 1
29 14 1
29 15 1
29 18 1
29 19 1
29 22 1
29 26 1
29 27 1
30 1 1
30 2 1
30 3 1
30 4 1
30 5 1
30 10 1
30 11 1
30 13 1
30 14 1
30 16 1
30 17 1
30 20 1
30 22 1
30 25 1
30 28 1
31 0 1
31 1 1
31 2 1
31 3 1
31 6 1
31 10 1
31 11 1
31 12 1
31 14 1
31 17 1
31 20 1
31 21 1
31 22 1
31 23 1
31 24 1
31 26 1
32 0 1
32 2 1
32 3 1
32 6 1
32 7 1
32 8 1
32 11 1
32 13 1
32 14 1
32 18 1
32 23 1
32 24 1
32 25 1
32 26 1
32 30 1
32 31 1
33 1 1
33 3 1
33 5 1
33 8 1
33 9 1
33 11 1
33 15 1
33 19 1
33 20 1
33 21 1
33 23 1
33 24 1
33 25 1
33 26 1
33 27 1
33 28 1
33 29 1
33 31 1
34 0 1
34 1 1
34 3 1
34 4 1
34 5 1
34 6 1
34 7 1
34 8 1
34 9 1
34 10 1
34 11 1
34 14 1
34 15 1
34 16 1
34 17 1
34 18 1
34 19 1
34 20 1
34 21 1
34 23 1
34 26 1
34 30 1
35 0 1
35 3 1
35 4 1
35 5 1
35 6 1
35 7 1
35 8 1
35 9 1
35 12 1
35 13 1
35 14 1
35 18 1
35 21 1
35 22 1
35 23 1
35 25 1
35 27 1
35 30 1
35 32 1
35 34 1
36 1 1
36 3 1
36 4 1
36 5 1
36 6 1
36 9 1
36 12 1
36 13 1
36 14 1
36 15 1
36 17 1
36 20 1
36 21 1
36 22 1
36 23 1
36 26 1
36 32 1
36 33 1
36 34 1
37 1 1
37 5 1
37 9 1
37 11 1
37 15 1
37 16 1
37 19 1
37 20 1
37 21 1
37 23 1
37 25 1
37 26 1
37 27 1
37 29 1
37 31 1
37 32 1
37 33 1
37 36 1
38 1 1
38 2 1
38 3 1
38 4 1
38 5 1
38 8 1
38 11 1
38 13 1
38 15 1
38 18 1
38 20 1
38 27 1
38 28 1
38 29 1
38 31 1
38 32 1
38 33 1
38 35 1
38 36 1
38 37 1
39 0 1
39 3 1
39 4 1
39 5 1
39 6 1
39 7 1
39 8 1
39 9 1
39 10 1
39 11 1
39 13 1
39 15 1
39 16 1
39 17 1
39 18 1
39 19 1
39 20 1
39 22 1
39 25 1
39 27 1
39 33 1
39 35 1
39 37 1
39 38 1
40 0 1
40 1 1
40 2 1
40 4 1
40 5 1
40 6 1
40 8 1
40 10 1
40 12 1
40 14 1
40 15 1
40 18 1
40 19 1
40 20 1
40 21 1
40 23 1
40 25 1
40 27 1
40 29 1
40 36 1
40 38 1
40 39 1
41 1 1
41 2 1
41 3 1
41 4 1
41 6 1
41 7 1
41 9 1
41 10 1
41 13 1
41 14 1
41 15 1
41 16 1
41 18 1
41 20 1
41 21 1
41 22 1
41 23 1
41 25 1
41 26 1
41 29 1
41 30 1
41 31 1
41 32 1
41 35 1
42 2 1
42 3 1
42 4 1
42 7 1
42 8 1
42 9 1
42 11 1
42 14 1
42 15 1
42 18 1
42 22 1
42 24 1
42 25 1
42 27 1
42 29 1
42 32 1
42 34 1
42 35 1
42 36 1
42 37 1
42 41 1
43 1 1
43 3 1
43 5 1
43 6 1
43 7 1
43 9 1
43 10 1
43 11 1
43 12 1
43 13 1
43 15 1
43 19 1
43 25 1
43 27 1
43 28 1
43 29 1
43 31 1
43 38 1
43 39 1
43 41 1
44 0 1
44 1 1
44 2 1
44 4 1
44 9 1
44 10 1
44 11 1
44 12 1
44 14 1
44 19 1
44 20 1
44 21 1
44 24 1
44 25 1
44 26 1
44 28 1
44 29 1
44 30 1
44 31 1
44 32 1
44 33 1
44 41 1
45 1 1
45 2 1
45 3 1
45 4 1
45 5 1
45 7 1
45 9 1
45 11 1
45 12 1
45 13 1
45 15 1
45 18 1
45 25 1
45 26 1
45 29 1
45 30 1
45 31 1
45 33 1
45 34 1
45 35 1
45 37 1
45 41 1
45 42 1
45 43 1
46 1 1
46 2 1
46 3 1
46 4 1
46 6 1
46 7 1
46 8 1
46 9 1
46 10 1
46 13 1
46 16 1
46 19 1
46 21 1
46 24 1
46 27 1
46 29 1
46 33 1
46 35 1
46 36 1
46 37 1
46 39 1
46 40 1
46 41 1
46 42 1
46 45 1
47 5 1
47 6 1
47 7 1
47 8 1
47 9 1
47 10 1
47 13 1
47 15 1
47 17 1
47 18 1
47 19 1
47 20 1
47 21 1
47 25 1
47 26 1
47 28 1
47 32 1
47 33 1
47 36 1
47 37 1
47 39 1
47 40 1
47 42 1
47 45 1
47 46 1
48 0 1
48 3 1
48 4 1
48 8 1
48 9 1
48 15 1
48 16 1
48 17 1
48 20 1
48 21 1
48 28 1
48 30 1
48 32 1
48 39 1
48 40 1
48 41 1
48 45 1
49 0 1
49 1 1
49 2 1
49 6 1
49 9 1
49 13 1
49 14 1
49 15 1
49 16 1
49 20 1
49 22 1
49 26 1
49 28 1
49 29 1
49 30 1
49 31 1
49 36 1
49 38 1
49 39 1
49 41 1
49 43 1
49 45 1
49 46 1
49 47 1
