15
1 0 5
2 0 42
2 1 34
3 0 48
3 1 42
3 2 1
4 0 3
4 1 35
4 2 44
4 3 6
5 0 27
5 1 1
5 2 17
5 3 50
5 4 26
6 0 13
6 1 40
6 2 14
6 3 2
6 4 25
6 5 30
7 0 44
7 1 6
7 2 7
7 3 12
7 4 17
7 5 34
7 6 32
8 0 13
8 1 6
8 2 16
8 3 26
8 4 22
8 5 25
8 6 21
8 7 40
9 0 36
9 1 13
9 2 14
9 3 26
9 4 41
9 5 1
9 6 12
9 7 9
9 8 26
10 0 46
10 1 12
10 2 48
10 3 9
10 4 6
10 5 45
10 6 14
10 7 38
10 8 8
10 9 20
11 0 1
11 1 42
11 2 16
11 3 27
11 4 20
11 5 43
11 6 25
11 7 41
11 8 17
11 9 41
11 10 49
12 0 28
12 1 44
12 2 20
12 3 22
12 4 2
12 5 46
12 6 44
12 7 5
12 8 27
12 9 19
12 10 20
12 11 23
13 0 34
13 1 25
13 2 28
13 3 19
13 4 12
13 5 46
13 6 21
13 7 24
13 8 32
13 9 39
13 10 10
13 11 35
13 12 27
14 0 47
14 1 18
14 2 2
14 3 19
14 4 4
14 5 44
14 6 26
14 7 39
14 8 8
14 9 49
14 10 37
14 11 45
14 12 41
14 13 18
