75
1 0 38
2 0 25
2 1 79
3 1 6
3 2 33
4 2 69
5 0 5
5 1 86
5 4 30
6 0 65
6 1 41
6 2 89
6 3 12
6 4 83
6 5 75
7 0 95
7 1 65
7 2 6
7 3 6
7 5 35
8 0 62
8 3 62
8 5 82
9 1 67
9 2 39
9 3 81
9 7 4
10 1 83
10 3 99
10 6 90
11 0 77
11 3 24
11 4 4
11 5 71
11 7 34
11 9 62
11 10 31
12 0 46
12 1 33
12 7 10
12 9 20
12 10 6
13 0 90
13 1 50
13 2 57
13 6 58
13 7 51
13 10 76
14 1 74
14 2 86
14 5 28
14 6 58
14 11 33
14 12 9
14 13 31
15 0 25
15 1 69
15 2 10
15 5 33
15 8 79
15 11 12
15 12 29
16 1 24
16 2 24
16 3 47
16 6 60
16 9 44
16 14 7
17 0 54
17 1 98
17 2 30
17 3 29
17 4 57
17 8 22
17 9 7
17 12 2
17 13 69
17 14 70
18 2 81
18 5 78
18 7 33
18 8 19
18 9 35
18 13 80
18 14 64
18 15 18
19 1 9
19 2 45
19 4 32
19 5 68
19 6 27
19 9 91
19 12 81
19 14 18
19 15 87
20 3 12
20 4 88
20 6 51
20 8 34
20 9 55
20 12 79
20 13 26
20 14 86
21 2 78
21 6 65
21 8 32
21 10 24
21 12 55
21 15 80
21 16 24
21 19 19
21 20 61
22 1 100
22 2 33
22 7 77
22 9 62
22 12 99
23 0 100
23 1 41
23 5 76
23 12 34
23 13 4
23 15 54
23 16 96
23 17 54
23 18 64
23 19 40
24 0 100
24 1 87
24 2 69
24 4 100
24 6 49
24 7 17
24 10 43
24 11 63
24 13 93
24 17 66
24 20 42
24 21 68
24 23 73
25 3 20
25 5 82
25 6 95
25 7 75
25 11 7
25 12 100
25 18 35
25 20 15
25 21 21
26 1 59
26 2 56
26 3 64
26 4 25
26 5 35
26 8 45
26 12 52
26 14 19
26 18 24
26 20 7
26 21 28
26 25 77
27 0 26
27 1 30
27 2 68
27 3 12
27 11 89
27 12 94
27 13 100
27 14 10
27 16 18
27 17 16
27 25 76
28 0 54
28 2 12
28 4 80
28 5 6
28 8 22
28 11 38
28 13 89
28 14 67
28 15 48
28 18 21
28 21 58
28 23 93
28 24 23
28 25 53
28 26 21
29 0 99
29 2 64
29 4 47
29 8 29
29 12 73
29 14 48
29 16 47
29 20 39
29 21 17
29 22 3
29 26 83
29 27 43
29 28 28
30 0 78
30 1 34
30 4 47
30 7 39
30 11 25
30 12 53
30 13 78
30 15 74
30 17 35
30 18 37
30 19 30
30 21 30
30 24 4
30 28 97
31 2 31
31 5 32
31 6 12
31 10 10
31 12 39
31 13 70
31 14 90
31 15 37
31 18 47
31 20 65
31 22 91
31 23 36
31 24 17
31 25 13
31 28 95
31 29 21
32 0 82
32 2 5
32 4 32
32 9 62
32 11 34
32 13 77
32 14 92
32 16 15
32 18 59
32 21 48
32 23 33
32 25 14
32 26 12
32 27 18
32 28 83
32 29 42
32 30 70
33 0 45
33 1 52
33 7 38
33 12 44
33 13 53
33 14 60
33 17 79
33 18 92
33 19 62
33 22 53
33 23 60
33 24 87
33 26 23
33 27 18
33 28 91
33 31 2
33 32 25
34 0 54
34 2 52
34 3 13
34 6 75
34 10 44
34 11 33
34 13 13
34 18 63
34 19 81
34 23 56
34 25 8
34 26 25
34 27 43
34 28 89
34 30 75
34 31 32
34 32 93
35 0 92
35 1 58
35 2 77
35 3 40
35 7 88
35 9 67
35 11 23
35 12 56
35 13 15
35 15 14
35 17 46
35 19 4
35 21 91
35 23 79
35 24 19
35 25 28
35 27 8
35 28 65
35 31 59
35 33 16
35 34 53
36 1 95
36 3 98
36 5 89
36 8 27
36 11 79
36 17 82
36 18 52
36 22 41
36 26 64
36 29 66
36 31 33
36 32 54
36 33 45
36 35 86
37 3 3
37 5 50
37 7 82
37 8 100
37 10 17
37 11 71
37 15 10
37 16 43
37 20 85
37 23 60
37 26 18
37 28 25
37 30 87
37 35 48
38 1 75
38 2 1
38 3 50
38 4 92
38 5 76
38 7 90
38 8 56
38 9 47
38 14 66
38 15 58
38 16 1
38 21 14
38 24 26
38 27 8
38 30 52
38 31 50
38 35 27
39 4 44
39 6 71
39 10 48
39 17 53
39 19 81
39 20 88
39 21 98
39 23 48
39 24 13
39 29 64
39 30 2
39 31 53
39 33 80
39 35 41
39 36 26
39 37 41
39 38 6
40 0 10
40 1 100
40 3 98
40 5 58
40 6 59
40 8 50
40 11 54
40 13 75
40 15 30
40 16 97
40 17 86
40 18 28
40 19 15
40 20 1
40 21 56
40 23 52
40 24 86
40 29 87
40 30 68
40 32 81
40 34 46
40 35 53
40 36 26
40 37 62
41 2 33
41 6 14
41 11 12
41 12 62
41 14 28
41 15 49
41 16 5
41 18 45
41 20 98
41 22 47
41 24 27
41 25 8
41 28 48
41 29 48
41 31 97
41 32 84
41 34 26
41 35 67
41 37 39
41 38 76
42 2 21
42 5 44
42 10 14
42 13 93
42 16 24
42 17 84
42 18 92
42 19 8
42 22 77
42 24 51
42 26 39
42 29 86
42 32 95
42 33 32
42 34 63
42 39 87
42 40 17
42 41 37
43 3 72
43 4 16
43 8 27
43 9 59
43 10 85
43 11 31
43 12 51
43 17 11
43 19 8
43 20 11
43 25 78
43 26 100
43 29 92
43 30 10
43 31 32
43 32 68
43 33 2
43 34 44
43 36 3
43 37 81
43 38 9
43 41 52
44 6 72
44 7 34
44 8 99
44 9 67
44 11 48
44 15 88
44 20 54
44 21 90
44 23 50
44 25 34
44 31 72
44 32 73
44 33 74
44 34 44
44 37 89
44 38 80
44 39 63
44 40 37
45 0 51
45 2 90
45 3 45
45 6 28
45 7 61
45 8 81
45 10 22
45 13 46
45 17 6
45 18 99
45 19 32
45 21 47
45 24 89
45 29 35
45 30 48
45 32 75
45 33 1
45 34 23
45 35 22
45 36 6
45 38 68
45 40 30
45 41 60
45 42 64
45 43 74
45 44 73
46 1 32
46 4 77
46 6 36
46 8 14
46 10 46
46 12 32
46 13 95
46 15 71
46 16 9
46 17 14
46 19 20
46 20 62
46 21 98
46 22 21
46 23 9
46 24 2
46 25 50
46 26 55
46 28 15
46 29 58
46 30 13
46 33 89
46 34 98
46 36 3
46 40 36
46 45 60
47 0 86
47 7 41
47 8 95
47 9 47
47 10 85
47 11 32
47 12 35
47 13 81
47 15 10
47 16 53
47 17 16
47 19 43
47 20 58
47 22 76
47 25 27
47 32 3
47 35 4
47 36 37
47 38 56
47 39 75
47 46 3
48 1 70
48 2 87
48 3 82
48 4 80
48 6 35
48 7 79
48 9 56
48 10 55
48 11 91
48 12 36
48 13 32
48 24 16
48 26 37
48 32 93
48 33 19
48 34 21
48 35 70
48 37 74
48 38 71
48 41 98
48 42 21
48 44 39
49 4 77
49 7 44
49 8 61
49 13 58
49 15 19
49 16 22
49 17 93
49 18 99
49 20 2
49 21 77
49 22 91
49 23 24
49 25 9
49 26 70
49 27 15
49 31 96
49 32 4
49 37 40
49 38 75
49 40 21
49 43 29
49 48 9
50 0 67
50 2 43
50 8 59
50 11 46
50 12 86
50 14 61
50 15 25
50 18 100
50 21 56
50 25 35
50 26 57
50 28 79
50 29 19
50 32 86
50 34 84
50 38 38
50 40 58
50 41 50
50 43 17
50 45 53
50 49 83
51 4 54
51 6 58
51 7 58
51 8 88
51 11 36
51 12 52
51 13 76
51 15 76
51 17 64
51 20 74
51 21 86
51 22 48
51 24 30
51 25 1
51 26 27
51 27 95
51 28 37
51 29 69
51 31 92
51 34 64
51 36 19
51 37 100
51 39 71
51 40 3
51 42 91
51 43 13
51 45 91
51 46 2
51 47 58
51 48 35
51 49 85
52 0 31
52 2 87
52 3 58
52 4 85
52 7 43
52 8 69
52 10 18
52 12 85
52 15 59
52 18 43
52 19 55
52 21 6
52 22 78
52 24 22
52 25 44
52 26 17
52 27 60
52 28 88
52 29 24
52 31 47
52 34 35
52 37 98
52 38 56
52 42 65
52 43 45
52 44 22
52 45 75
52 49 33
52 51 52
53 0 45
53 1 38
53 2 28
53 3 43
53 4 79
53 6 71
53 8 6
53 10 64
53 11 42
53 12 53
53 16 71
53 18 34
53 20 83
53 21 99
53 23 5
53 26 56
53 28 54
53 29 47
53 30 22
53 31 44
53 32 93
53 33 69
53 37 78
53 40 14
53 41 78
53 42 84
53 44 49
53 48 46
53 49 85
53 50 12
53 52 41
54 0 71
54 4 52
54 10 19
54 11 46
54 12 67
54 14 56
54 15 90
54 16 40
54 17 13
54 18 79
54 26 91
54 34 12
54 35 83
54 37 38
54 42 56
54 44 41
54 46 87
54 47 68
54 48 79
54 51 57
54 52 32
54 53 100
55 0 21
55 2 82
55 3 87
55 5 77
55 8 17
55 10 62
55 11 92
55 18 68
55 22 15
55 24 71
55 28 15
55 29 22
55 31 14
55 32 35
55 33 91
55 34 65
55 35 67
55 36 4
55 37 94
55 42 39
55 43 14
55 45 86
55 47 4
55 50 64
55 52 71
55 54 9
56 1 89
56 4 90
56 9 100
56 12 99
56 13 35
56 14 32
56 17 22
56 21 27
56 22 2
56 26 12
56 27 9
56 28 55
56 30 18
56 33 61
56 35 85
56 38 10
56 39 62
56 41 34
56 42 94
56 43 58
56 46 21
56 47 23
56 48 2
56 49 73
56 52 62
56 53 7
56 55 95
57 0 4
57 1 4
57 4 30
57 8 97
57 11 73
57 13 19
57 14 65
57 15 48
57 21 46
57 22 40
57 25 27
57 26 82
57 27 48
57 28 16
57 30 59
57 36 5
57 39 49
57 41 100
57 42 24
57 44 82
57 45 44
57 46 44
57 49 11
57 50 28
57 51 55
57 53 96
57 56 53
58 5 92
58 8 19
58 10 88
58 11 42
58 17 93
58 19 37
58 21 8
58 22 35
58 23 82
58 25 42
58 26 46
58 28 36
58 30 55
58 33 45
58 35 90
58 39 2
58 46 72
58 49 69
58 51 10
58 56 50
58 57 78
59 0 95
59 2 93
59 7 22
59 8 91
59 10 1
59 11 19
59 13 11
59 14 41
59 15 96
59 18 21
59 20 91
59 24 38
59 25 16
59 26 32
59 27 16
59 29 48
59 32 83
59 34 66
59 38 41
59 39 77
59 41 78
59 42 58
59 43 61
59 46 10
59 48 7
59 49 72
59 51 2
59 53 75
59 56 21
59 57 56
60 0 88
60 5 53
60 8 40
60 10 79
60 11 54
60 14 3
60 19 80
60 24 4
60 29 98
60 33 53
60 34 29
60 35 4
60 36 7
60 37 62
60 43 34
60 44 100
60 45 71
60 46 7
60 48 97
60 51 75
60 57 5
61 2 7
61 5 29
61 6 61
61 8 13
61 9 43
61 15 25
61 18 70
61 19 52
61 22 59
61 23 96
61 25 40
61 33 27
61 34 52
61 35 27
61 36 25
61 38 30
61 39 64
61 40 43
61 42 28
61 46 37
61 47 36
61 50 96
61 51 64
61 52 63
61 53 54
61 55 46
61 57 63
61 58 72
61 59 57
62 2 34
62 5 61
62 6 68
62 11 83
62 12 47
62 14 81
62 18 85
62 19 57
62 20 51
62 22 64
62 23 24
62 24 44
62 28 24
62 31 71
62 32 77
62 33 10
62 34 55
62 35 11
62 37 86
62 39 32
62 40 17
62 41 53
62 42 29
62 48 41
62 49 8
62 50 11
62 52 96
62 53 86
62 56 47
62 57 53
62 58 82
62 59 83
62 61 27
63 0 35
63 1 39
63 3 34
63 6 6
63 7 85
63 8 31
63 9 52
63 10 97
63 11 21
63 13 8
63 14 26
63 15 75
63 22 24
63 23 20
63 24 20
63 26 86
63 28 33
63 32 69
63 36 53
63 39 78
63 40 55
63 41 13
63 42 15
63 43 3
63 44 46
63 46 59
63 47 11
63 48 83
63 49 31
63 50 85
63 52 84
63 53 13
63 56 36
63 57 57
63 59 84
63 62 64
64 3 33
64 4 10
64 5 73
64 6 93
64 8 4
64 9 13
64 10 33
64 17 15
64 18 84
64 19 3
64 21 41
64 22 27
64 25 74
64 28 92
64 30 49
64 31 36
64 34 29
64 38 85
64 39 35
64 40 13
64 41 100
64 42 64
64 44 40
64 52 88
64 54 41
64 55 39
64 56 69
64 57 8
64 58 62
65 0 34
65 1 78
65 4 68
65 5 43
65 6 71
65 9 9
65 11 5
65 12 25
65 13 100
65 15 22
65 17 15
65 18 38
65 25 15
65 26 83
65 29 99
65 30 56
65 31 17
65 32 57
65 34 44
65 35 90
65 36 89
65 37 77
65 39 7
65 40 2
65 41 17
65 42 23
65 43 61
65 44 97
65 51 35
65 52 23
65 54 78
65 55 5
65 58 100
65 59 68
65 60 30
65 61 54
65 62 2
65 63 54
66 2 5
66 6 96
66 9 95
66 12 85
66 16 8
66 17 56
66 18 23
66 22 62
66 26 36
66 28 55
66 30 16
66 31 53
66 32 95
66 33 24
66 34 69
66 35 87
66 37 30
66 39 77
66 41 35
66 42 87
66 44 18
66 45 24
66 46 94
66 47 6
66 49 78
66 50 54
66 51 9
66 52 80
66 53 22
66 54 31
66 58 8
66 60 46
66 62 20
66 63 72
66 64 90
67 0 15
67 2 80
67 6 1
67 9 9
67 10 29
67 14 45
67 15 25
67 17 32
67 18 95
67 19 85
67 20 45
67 22 65
67 24 75
67 31 92
67 35 54
67 38 88
67 39 61
67 42 79
67 43 88
67 44 60
67 45 80
67 46 7
67 47 68
67 50 7
67 51 41
67 52 41
67 54 24
67 56 74
67 61 71
67 62 37
67 65 12
68 2 83
68 3 22
68 4 80
68 7 63
68 8 59
68 11 72
68 14 84
68 16 28
68 17 42
68 18 69
68 19 80
68 22 25
68 23 40
68 24 37
68 30 83
68 35 77
68 38 2
68 40 4
68 42 44
68 43 31
68 47 60
68 48 43
68 49 3
68 52 12
68 55 22
68 56 17
68 61 82
68 62 47
68 63 38
68 67 2
69 0 41
69 1 84
69 4 79
69 6 89
69 11 51
69 14 85
69 16 93
69 18 25
69 24 34
69 25 18
69 26 61
69 30 44
69 33 7
69 34 58
69 36 97
69 41 4
69 42 8
69 45 51
69 47 65
69 48 49
69 49 86
69 51 20
69 52 75
69 53 72
69 57 63
69 59 92
69 62 1
69 63 51
69 65 100
69 66 78
70 1 61
70 3 89
70 4 70
70 8 92
70 9 18
70 10 98
70 11 60
70 12 55
70 13 99
70 16 90
70 17 33
70 18 59
70 19 14
70 21 1
70 22 23
70 23 12
70 25 61
70 26 63
70 29 46
70 31 45
70 33 12
70 35 20
70 37 17
70 38 41
70 44 5
70 53 80
70 55 25
70 58 21
70 60 60
70 63 14
70 64 29
70 68 4
71 2 57
71 4 85
71 6 6
71 9 82
71 10 20
71 11 82
71 13 67
71 15 85
71 17 46
71 18 38
71 20 89
71 21 17
71 22 38
71 23 99
71 24 99
71 25 6
71 26 3
71 27 9
71 28 79
71 29 91
71 30 56
71 32 60
71 34 1
71 35 26
71 36 96
71 37 79
71 38 10
71 39 58
71 41 17
71 44 66
71 45 77
71 48 89
71 49 16
71 52 83
71 53 25
71 55 98
71 58 9
71 59 16
71 61 6
71 63 56
71 64 94
71 66 2
71 68 92
71 69 88
72 2 29
72 5 75
72 6 57
72 7 38
72 8 34
72 9 37
72 11 84
72 12 61
72 15 28
72 17 70
72 20 87
72 23 11
72 24 40
72 25 85
72 26 91
72 27 41
72 28 94
72 32 99
72 34 59
72 36 71
72 39 34
72 40 68
72 41 91
72 45 59
72 46 83
72 47 42
72 48 100
72 51 24
72 57 54
72 61 21
72 63 58
72 65 41
72 67 28
72 68 92
72 70 45
73 0 20
73 4 2
73 9 13
73 12 8
73 14 36
73 21 90
73 22 20
73 25 25
73 26 11
73 27 11
73 28 95
73 30 5
73 31 11
73 33 9
73 35 77
73 36 72
73 39 74
73 40 97
73 41 8
73 43 62
73 44 82
73 46 49
73 48 51
73 50 36
73 51 46
73 53 61
73 54 20
73 57 68
73 58 81
73 60 100
73 61 3
73 66 8
73 67 83
73 69 38
73 71 24
73 72 40
74 1 98
74 4 28
74 9 8
74 11 86
74 12 68
74 13 95
74 17 93
74 18 43
74 19 99
74 20 75
74 21 12
74 24 9
74 25 82
74 26 85
74 29 28
74 30 94
74 31 74
74 34 35
74 38 55
74 39 73
74 40 47
74 42 52
74 44 40
74 45 68
74 46 82
74 49 29
74 50 99
74 51 73
74 52 98
74 53 99
74 54 6
74 55 27
74 56 84
74 58 31
74 63 42
74 65 79
74 67 90
74 68 20
74 72 85
