60
2 0 19
2 1 49
3 1 27
4 0 45
5 1 49
5 4 49
6 1 47
6 2 11
6 5 17
7 0 11
7 1 20
7 4 49
7 6 2
8 0 36
8 1 38
8 3 11
8 5 4
9 1 14
9 2 20
9 4 6
9 5 18
9 7 12
10 0 6
10 1 1
10 5 41
10 6 27
10 8 45
10 9 43
11 0 10
11 4 28
11 5 41
11 6 41
11 8 25
11 10 48
12 1 3
12 6 20
12 7 42
12 11 13
13 1 12
13 2 1
13 8 13
13 9 29
13 10 49
14 3 37
14 5 20
14 8 27
15 0 15
15 2 9
15 5 12
15 8 2
15 11 50
15 13 20
15 14 2
16 2 3
16 3 23
16 7 1
16 12 6
16 14 25
17 0 29
17 4 46
17 6 48
17 7 49
17 9 12
17 11 23
17 12 47
17 13 3
17 15 26
17 16 44
18 0 44
18 1 28
18 3 12
18 5 36
18 7 13
18 10 16
18 11 2
18 12 45
18 13 20
19 3 9
19 4 6
19 12 49
19 14 42
19 15 24
19 18 25
20 0 20
20 3 44
20 4 40
20 6 9
20 7 48
20 8 3
20 9 42
20 10 14
20 11 36
20 13 1
20 14 24
20 16 11
20 17 49
20 18 49
20 19 37
21 2 7
21 6 35
21 7 30
21 9 4
21 11 37
21 12 15
21 14 40
21 15 8
21 16 34
21 19 20
21 20 46
22 1 12
22 3 40
22 6 2
22 7 10
22 8 32
22 9 40
22 12 5
22 14 27
22 18 14
22 21 13
23 1 25
23 2 18
23 3 44
23 4 35
23 5 40
23 6 28
23 7 22
23 8 34
23 9 35
23 12 39
23 13 19
23 15 23
23 18 43
23 19 38
23 21 5
23 22 50
24 0 10
24 4 40
24 6 37
24 9 44
24 10 46
24 12 21
24 16 43
24 19 47
24 20 48
24 21 25
24 22 39
24 23 49
25 1 39
25 3 15
25 4 12
25 5 12
25 6 4
25 8 5
25 9 39
25 10 19
25 11 16
25 12 35
25 13 4
25 15 12
25 19 3
25 21 25
25 23 33
25 24 32
26 0 7
26 1 1
26 2 3
26 3 16
26 5 22
26 6 23
26 7 7
26 8 22
26 9 50
26 10 12
26 11 30
26 12 40
26 14 13
26 15 42
26 16 35
26 19 31
26 20 33
26 23 34
26 24 43
27 1 4
27 2 7
27 3 15
27 4 12
27 7 8
27 9 11
27 13 35
27 14 26
27 15 48
27 16 24
27 18 6
27 19 38
27 20 5
27 24 13
28 1 18
28 3 41
28 6 17
28 7 4
28 8 39
28 9 36
28 10 32
28 11 39
28 12 8
28 13 34
28 14 34
28 15 9
28 17 16
28 19 43
28 22 13
28 24 23
28 27 24
29 2 47
29 3 10
29 6 43
29 7 50
29 10 10
29 16 23
29 17 26
29 18 44
29 20 50
29 27 34
30 2 15
30 8 39
30 9 13
30 12 5
30 15 39
30 16 8
30 18 3
30 20 17
30 23 19
30 25 42
30 26 47
30 29 2
31 3 27
31 5 10
31 8 4
31 9 19
31 14 30
31 16 38
31 18 37
31 20 15
31 22 15
31 24 24
31 30 18
32 1 6
32 2 32
32 4 32
32 5 28
32 6 1
32 7 29
32 8 23
32 9 12
32 11 16
32 12 27
32 13 18
32 15 20
32 17 18
32 18 14
32 22 8
32 25 23
32 26 45
32 28 32
33 2 4
33 3 25
33 6 3
33 7 29
33 9 22
33 11 45
33 13 1
33 14 45
33 15 17
33 16 25
33 18 43
33 20 32
33 26 34
33 32 17
34 3 23
34 7 25
34 9 11
34 10 31
34 11 45
34 12 13
34 14 7
34 15 10
34 18 42
34 21 43
34 22 36
34 26 23
34 28 21
35 0 43
35 2 37
35 3 8
35 4 47
35 5 49
35 7 48
35 11 29
35 13 47
35 14 23
35 15 45
35 16 10
35 17 5
35 19 33
35 20 22
35 22 8
35 24 22
35 25 42
35 26 40
35 27 19
35 32 43
35 33 32
35 34 27
36 0 24
36 1 29
36 4 47
36 10 34
36 11 30
36 12 47
36 13 2
36 17 29
36 18 29
36 20 10
36 21 33
36 23 25
36 24 11
36 25 22
36 26 33
36 27 45
36 30 12
36 31 50
36 35 8
37 2 15
37 3 25
37 4 46
37 5 3
37 7 28
37 8 34
37 9 26
37 10 5
37 11 24
37 12 29
37 15 35
37 18 46
37 20 45
37 21 45
37 24 33
37 27 46
37 28 28
37 30 11
37 31 32
37 32 44
37 33 42
38 0 37
38 2 46
38 3 26
38 5 39
38 9 6
38 13 7
38 14 23
38 15 48
38 16 15
38 17 18
38 18 32
38 20 18
38 21 8
38 22 45
38 24 46
38 27 34
38 31 18
38 32 1
38 33 5
38 34 33
38 35 14
38 36 48
38 37 13
39 0 28
39 2 25
39 5 16
39 11 30
39 12 25
39 13 27
39 19 49
39 21 6
39 24 16
39 28 30
39 29 47
39 32 11
39 33 44
39 36 23
39 37 18
40 0 24
40 4 23
40 5 45
40 8 21
40 9 12
40 10 1
40 12 38
40 16 15
40 20 27
40 24 1
40 28 34
40 29 12
40 31 19
40 34 27
40 37 14
40 38 34
40 39 43
41 2 49
41 5 40
41 8 30
41 11 39
41 14 30
41 16 3
41 20 6
41 21 1
41 23 10
41 25 21
41 30 14
41 31 41
41 32 3
41 38 1
41 39 13
41 40 7
42 4 18
42 5 32
42 7 13
42 11 49
42 12 48
42 14 13
42 15 33
42 18 30
42 24 17
42 25 4
42 29 13
42 30 23
42 32 13
42 33 43
42 34 2
42 38 36
42 40 42
43 2 32
43 5 38
43 7 25
43 9 6
43 10 8
43 11 46
43 12 35
43 16 32
43 18 45
43 20 11
43 21 34
43 22 16
43 23 39
43 24 7
43 27 2
43 28 19
43 29 7
43 31 21
43 32 33
43 33 42
43 34 23
43 35 2
43 36 20
43 38 20
43 39 3
43 41 17
43 42 14
44 2 33
44 3 26
44 4 26
44 7 10
44 10 50
44 12 1
44 13 34
44 14 13
44 16 27
44 18 19
44 19 20
44 20 29
44 21 16
44 23 8
44 24 26
44 27 42
44 28 44
44 29 34
44 31 48
44 32 28
44 33 38
44 39 17
44 40 2
44 41 1
44 42 31
45 2 34
45 4 3
45 10 25
45 14 20
45 19 44
45 20 19
45 21 9
45 23 40
45 28 9
45 32 42
45 33 26
45 35 18
45 37 17
45 41 10
45 42 6
45 44 3
46 3 7
46 5 30
46 11 43
46 12 25
46 15 5
46 16 44
46 17 10
46 18 28
46 21 21
46 22 43
46 23 43
46 24 35
46 26 46
46 28 4
46 32 13
46 38 3
46 39 20
46 40 36
46 41 9
46 43 1
46 45 30
47 0 3
47 1 15
47 4 20
47 5 1
47 14 7
47 15 26
47 20 24
47 21 9
47 22 3
47 24 19
47 26 6
47 29 10
47 30 35
47 32 4
47 35 23
47 40 43
47 42 44
47 43 25
47 45 34
48 4 35
48 5 38
48 8 41
48 10 41
48 14 19
48 16 20
48 17 8
48 18 43
48 19 17
48 22 36
48 25 32
48 29 13
48 30 44
48 31 31
48 34 46
48 35 39
48 40 23
48 41 34
48 44 3
49 1 25
49 6 43
49 8 10
49 9 37
49 10 45
49 11 27
49 14 16
49 15 20
49 16 13
49 18 43
49 19 15
49 22 29
49 24 5
49 27 1
49 29 50
49 31 46
49 32 34
49 34 39
49 36 10
49 37 5
49 40 3
49 43 12
49 44 10
49 48 35
50 0 46
50 1 21
50 5 43
50 6 14
50 7 45
50 8 3
50 9 28
50 10 34
50 11 8
50 12 33
50 13 11
50 14 19
50 16 1
50 22 47
50 23 4
50 24 46
50 26 8
50 28 38
50 30 30
50 32 29
50 37 6
50 38 10
50 41 17
50 42 23
50 43 17
50 44 45
50 45 17
50 47 16
51 0 26
51 1 12
51 2 15
51 3 8
51 4 38
51 5 32
51 6 36
51 8 10
51 13 39
51 14 10
51 15 43
51 16 24
51 17 18
51 20 6
51 23 21
51 25 11
51 27 13
51 28 49
51 29 19
51 34 43
51 38 35
51 40 44
51 41 36
51 42 48
51 43 18
51 45 21
51 46 23
51 49 1
52 0 39
52 1 45
52 3 48
52 4 37
52 7 38
52 9 5
52 10 2
52 11 43
52 21 18
52 23 31
52 25 17
52 26 6
52 28 49
52 29 1
52 30 18
52 31 22
52 32 18
52 36 14
52 39 19
52 42 32
52 44 43
52 50 33
52 51 40
53 2 45
53 5 23
53 8 47
53 9 4
53 10 14
53 11 17
53 13 3
53 14 6
53 16 45
53 22 19
53 24 9
53 25 39
53 27 21
53 29 39
53 30 2
53 31 18
53 32 25
53 33 23
53 35 50
53 36 34
53 39 8
53 40 11
53 44 20
53 46 9
53 47 42
53 50 41
54 0 4
54 1 49
54 2 48
54 3 31
54 4 1
54 8 45
54 9 36
54 13 42
54 15 40
54 22 33
54 23 28
54 24 23
54 25 20
54 26 35
54 29 41
54 30 5
54 31 21
54 33 14
54 35 44
54 37 17
54 39 47
54 40 34
54 43 46
54 45 44
54 46 44
54 53 10
55 2 23
55 5 12
55 6 44
55 9 10
55 10 33
55 13 15
55 17 39
55 18 36
55 22 18
55 24 16
55 25 31
55 26 45
55 28 30
55 36 41
55 37 6
55 40 9
55 42 29
55 44 45
55 46 50
55 47 36
55 49 9
55 51 26
56 0 19
56 1 14
56 4 36
56 5 8
56 8 10
56 9 37
56 11 29
56 12 3
56 13 24
56 14 33
56 16 41
56 18 24
56 19 49
56 22 31
56 24 9
56 26 19
56 31 42
56 35 38
56 36 1
56 38 15
56 40 7
56 42 46
56 43 46
56 45 50
56 47 31
56 50 20
56 51 36
56 52 8
56 54 1
57 1 20
57 2 2
57 4 46
57 6 35
57 7 20
57 11 24
57 13 36
57 15 11
57 16 50
57 17 20
57 22 13
57 23 14
57 27 10
57 35 39
57 37 23
57 41 17
57 43 33
57 44 25
57 48 27
57 49 46
57 50 8
57 51 38
57 52 39
57 53 47
57 54 7
57 55 38
57 56 23
58 0 40
58 2 23
58 6 15
58 7 11
58 8 8
58 9 37
58 11 47
58 16 32
58 17 19
58 21 32
58 24 5
58 26 4
58 27 29
58 28 41
58 31 33
58 32 23
58 33 11
58 37 27
58 40 16
58 41 15
58 43 48
58 47 7
58 48 8
58 52 35
58 54 35
59 2 5
59 3 9
59 4 2
59 5 23
59 7 32
59 8 34
59 10 27
59 16 47
59 17 31
59 24 23
59 27 36
59 28 48
59 32 33
59 35 41
59 40 24
59 43 46
59 45 47
59 46 4
59 47 43
59 51 35
59 54 40
