75
3 2 4
5 0 2
5 1 1
5 4 3
6 0 1
6 1 2
6 4 2
6 5 3
7 1 5
7 2 3
7 3 5
7 4 4
7 5 5
8 1 3
8 4 1
8 5 1
8 6 1
9 2 1
9 7 1
10 0 4
10 1 1
10 2 3
10 3 5
11 0 1
11 1 4
11 3 5
11 4 5
11 6 3
11 7 3
12 4 5
12 5 1
12 6 4
12 8 3
12 9 1
13 2 2
13 5 4
13 8 3
13 9 5
14 1 5
14 2 5
14 3 5
14 4 2
14 6 4
14 7 4
14 8 2
14 9 2
14 10 1
14 11 2
14 13 4
15 3 4
15 6 5
15 7 2
15 8 2
15 9 5
15 11 4
15 14 3
16 9 3
16 11 5
16 15 5
17 2 5
17 3 4
17 5 4
17 6 3
17 7 2
17 8 2
17 10 2
17 12 3
17 13 2
17 14 1
17 15 5
17 16 1
18 0 3
18 1 1
18 2 5
18 5 2
18 10 4
18 11 3
18 12 1
18 13 5
18 15 2
18 16 3
18 17 4
19 0 2
19 1 4
19 2 4
19 5 4
19 6 5
19 8 3
19 9 2
19 10 4
19 13 4
19 14 5
19 15 4
19 16 1
19 17 2
19 18 5
20 2 5
20 5 5
20 7 4
20 9 4
20 10 1
20 13 3
20 15 1
20 16 4
20 17 2
20 18 3
21 2 4
21 3 1
21 7 5
21 8 5
21 11 5
21 16 3
21 18 1
21 20 5
22 0 3
22 2 1
22 5 4
22 11 5
22 15 5
22 16 3
22 17 3
22 18 1
22 20 3
22 21 1
23 2 1
23 3 2
23 4 2
23 5 4
23 7 3
23 11 5
23 15 5
23 16 4
23 19 5
23 20 4
23 21 3
23 22 2
24 1 3
24 4 3
24 5 3
24 7 1
24 8 5
24 9 1
24 12 1
24 13 2
24 16 2
24 19 5
24 20 5
24 23 1
25 1 3
25 3 3
25 5 1
25 6 4
25 7 2
25 10 3
25 11 5
25 13 4
25 16 1
25 17 4
25 20 3
25 24 3
26 1 5
26 2 4
26 5 4
26 9 4
26 11 1
26 14 4
26 16 4
26 17 5
26 18 3
26 20 2
26 24 4
27 4 4
27 6 5
27 7 4
27 9 1
27 11 5
27 13 1
27 14 4
27 15 2
27 16 4
27 19 5
27 23 5
27 24 5
27 25 3
28 0 2
28 2 3
28 3 2
28 4 3
28 6 3
28 7 4
28 11 4
28 16 1
28 19 2
28 20 1
28 21 1
28 23 1
28 24 2
28 25 3
28 26 1
29 0 5
29 1 2
29 2 2
29 4 4
29 9 3
29 12 3
29 13 4
29 15 2
29 16 2
29 19 4
29 21 3
29 22 5
29 23 5
29 25 2
29 26 5
29 27 2
29 28 3
30 0 3
30 2 5
30 3 4
30 4 2
30 6 5
30 7 4
30 8 3
30 13 3
30 17 5
30 18 5
30 20 3
30 22 2
30 23 3
30 25 3
30 26 1
30 28 5
30 29 1
31 0 4
31 5 5
31 9 4
31 14 4
31 15 5
31 17 2
31 18 1
31 20 3
31 21 3
31 22 2
31 23 5
31 25 1
31 27 3
31 28 1
31 29 4
31 30 4
32 2 2
32 6 1
32 8 4
32 9 3
32 12 4
32 14 2
32 15 3
32 20 4
32 21 5
32 22 3
32 23 2
32 24 4
32 28 4
32 29 3
33 0 2
33 4 3
33 6 3
33 10 5
33 15 2
33 16 5
33 19 5
33 20 4
33 21 1
33 22 1
33 23 1
33 24 5
33 25 3
33 26 4
33 27 5
33 30 3
33 31 3
34 0 5
34 1 5
34 3 2
34 5 3
34 6 4
34 8 3
34 9 5
34 10 5
34 11 4
34 14 1
34 18 1
34 21 5
34 24 2
34 25 1
34 28 3
34 29 2
34 32 1
34 33 2
35 2 5
35 3 1
35 5 3
35 6 1
35 8 1
35 9 1
35 10 2
35 11 1
35 14 2
35 15 3
35 19 4
35 27 1
35 28 1
35 29 3
35 30 5
35 32 5
35 33 3
35 34 3
36 1 2
36 4 1
36 10 1
36 11 3
36 13 1
36 14 2
36 15 3
36 16 3
36 17 2
36 21 1
36 23 1
36 26 2
36 29 3
36 30 5
36 34 4
37 1 4
37 2 5
37 3 2
37 5 5
37 6 3
37 8 2
37 11 4
37 13 5
37 14 5
37 15 3
37 17 3
37 23 5
37 24 1
37 25 3
37 26 3
37 31 1
37 33 2
37 36 2
38 3 3
38 4 5
38 5 1
38 6 4
38 10 5
38 13 4
38 14 1
38 15 5
38 16 5
38 19 1
38 20 2
38 21 3
38 22 1
38 23 3
38 24 2
38 27 5
38 28 4
38 31 2
38 32 3
38 33 1
38 34 4
38 35 4
38 37 2
39 0 5
39 2 1
39 3 3
39 4 1
39 5 2
39 6 5
39 10 3
39 12 5
39 16 2
39 18 1
39 19 1
39 20 5
39 21 4
39 28 5
39 29 5
39 30 4
39 31 3
39 32 2
39 33 2
39 34 1
39 36 5
39 38 2
40 1 4
40 4 4
40 5 2
40 8 3
40 9 4
40 10 5
40 15 5
40 18 3
40 20 2
40 22 3
40 25 5
40 27 1
40 28 3
40 29 3
40 31 4
40 35 4
40 38 3
40 39 1
41 1 3
41 4 4
41 5 5
41 7 1
41 9 5
41 10 2
41 11 1
41 14 4
41 16 5
41 17 1
41 19 1
41 20 1
41 23 3
41 24 4
41 25 4
41 26 2
41 27 5
41 28 3
41 29 2
41 30 5
41 31 2
41 32 2
41 38 1
42 0 5
42 2 5
42 3 2
42 5 4
42 7 2
42 8 5
42 9 4
42 10 2
42 11 4
42 14 4
42 17 4
42 18 5
42 19 4
42 20 3
42 25 4
42 26 3
42 27 1
42 28 3
42 30 5
42 32 5
42 36 3
42 37 3
42 38 5
43 1 3
43 5 5
43 7 1
43 8 5
43 9 5
43 10 5
43 11 3
43 16 2
43 17 5
43 18 2
43 19 2
43 22 4
43 23 5
43 24 5
43 30 2
43 31 2
43 33 1
43 34 5
43 35 5
43 37 2
43 39 1
43 41 2
43 42 3
44 0 2
44 1 1
44 2 4
44 7 2
44 8 4
44 11 3
44 12 2
44 13 2
44 16 2
44 17 1
44 18 1
44 20 2
44 21 1
44 24 2
44 26 5
44 29 5
44 30 3
44 33 4
44 35 5
44 37 1
44 40 4
45 1 4
45 4 5
45 6 1
45 9 3
45 10 2
45 13 2
45 14 2
45 15 3
45 16 4
45 17 1
45 23 2
45 25 3
45 28 3
45 29 3
45 31 1
45 36 2
45 38 2
45 39 2
45 40 1
45 43 4
45 44 2
46 0 4
46 1 3
46 5 1
46 6 4
46 7 5
46 13 5
46 15 4
46 17 4
46 19 4
46 20 1
46 21 3
46 27 5
46 28 2
46 30 1
46 33 2
46 35 3
46 36 4
46 37 4
46 38 3
46 39 2
46 40 2
46 41 3
46 42 4
46 43 4
46 45 2
47 0 5
47 3 5
47 6 1
47 8 3
47 11 1
47 14 2
47 15 5
47 16 2
47 17 2
47 18 4
47 19 3
47 20 2
47 25 3
47 27 4
47 31 2
47 32 3
47 33 3
47 34 5
47 35 4
47 42 5
47 44 5
47 45 3
48 3 4
48 5 5
48 6 1
48 7 1
48 10 3
48 15 5
48 17 5
48 18 4
48 22 1
48 24 1
48 26 3
48 27 3
48 28 4
48 30 5
48 31 2
48 38 1
48 40 3
48 42 2
48 43 1
49 2 4
49 3 1
49 4 5
49 5 5
49 6 3
49 7 3
49 9 4
49 10 4
49 13 5
49 15 4
49 16 1
49 19 4
49 20 4
49 21 4
49 22 1
49 25 1
49 27 4
49 28 5
49 29 2
49 30 1
49 31 3
49 33 4
49 34 5
49 38 4
49 39 2
49 41 1
49 42 4
49 43 1
49 45 2
49 46 5
50 2 2
50 3 4
50 6 2
50 7 1
50 9 4
50 10 1
50 13 3
50 14 1
50 15 2
50 18 4
50 19 2
50 20 1
50 23 5
50 24 2
50 25 1
50 26 5
50 30 2
50 31 4
50 34 1
50 35 2
50 37 2
50 38 4
50 41 5
50 42 5
50 44 5
50 45 5
50 46 4
50 47 5
51 0 1
51 2 1
51 5 4
51 9 5
51 10 2
51 15 5
51 18 2
51 24 1
51 27 1
51 29 2
51 30 4
51 32 1
51 35 1
51 37 1
51 38 4
51 40 1
51 41 1
51 42 2
51 43 5
51 44 3
51 45 1
51 49 1
51 50 2
52 1 5
52 4 4
52 5 5
52 8 2
52 10 1
52 11 2
52 12 1
52 14 3
52 15 5
52 16 3
52 19 4
52 24 3
52 26 4
52 27 1
52 28 2
52 31 5
52 32 3
52 34 1
52 37 5
52 42 3
52 43 4
52 44 4
52 45 1
52 46 3
53 0 3
53 1 2
53 11 4
53 12 3
53 14 5
53 16 4
53 19 3
53 20 3
53 21 4
53 22 3
53 24 4
53 25 2
53 26 4
53 29 2
53 30 4
53 36 4
53 37 4
53 38 5
53 39 5
53 41 5
53 42 1
53 44 4
53 46 3
53 48 4
53 50 2
53 51 4
54 0 1
54 1 2
54 5 1
54 6 3
54 8 1
54 10 2
54 13 4
54 14 5
54 15 4
54 17 2
54 21 4
54 23 4
54 28 3
54 32 2
54 34 4
54 36 2
54 37 2
54 38 1
54 42 1
54 43 3
54 51 2
54 52 5
55 2 1
55 3 3
55 5 5
55 8 2
55 11 3
55 12 5
55 13 1
55 14 1
55 16 1
55 19 3
55 24 3
55 26 1
55 32 2
55 34 5
55 36 1
55 38 3
55 39 5
55 44 5
55 47 4
55 50 5
55 52 5
56 1 1
56 5 1
56 6 4
56 8 3
56 9 4
56 13 1
56 14 1
56 16 3
56 17 5
56 18 3
56 19 2
56 20 2
56 25 5
56 27 1
56 28 2
56 30 4
56 32 3
56 33 5
56 34 1
56 36 2
56 40 1
56 41 1
56 46 4
56 48 3
56 50 1
56 52 2
56 53 1
56 54 1
57 2 4
57 5 5
57 6 1
57 7 2
57 9 4
57 11 4
57 14 2
57 15 5
57 17 4
57 19 3
57 21 1
57 24 3
57 25 2
57 26 1
57 28 1
57 32 3
57 33 5
57 34 2
57 35 2
57 37 2
57 42 3
57 49 3
57 51 2
57 54 4
57 55 1
58 3 5
58 4 4
58 5 4
58 14 2
58 15 1
58 19 5
58 21 3
58 25 4
58 28 2
58 29 4
58 30 4
58 31 3
58 33 5
58 34 4
58 40 2
58 45 4
58 47 5
58 48 4
58 49 5
58 52 5
58 53 4
58 54 1
58 55 2
59 0 1
59 1 2
59 3 3
59 4 5
59 7 5
59 8 4
59 11 4
59 12 4
59 14 3
59 15 3
59 18 4
59 19 5
59 20 4
59 25 1
59 28 2
59 30 1
59 33 4
59 34 4
59 35 5
59 37 1
59 39 5
59 41 1
59 42 3
59 43 5
59 44 2
59 45 4
59 46 3
59 48 3
59 49 1
59 54 1
59 55 2
59 56 4
60 1 3
60 2 1
60 3 5
60 4 3
60 5 5
60 7 4
60 11 5
60 14 2
60 19 4
60 22 1
60 23 2
60 24 1
60 25 2
60 26 1
60 27 5
60 28 5
60 29 3
60 30 1
60 31 5
60 32 3
60 34 3
60 39 3
60 40 4
60 41 5
60 43 3
60 44 3
60 45 1
60 48 2
60 50 5
60 53 1
60 56 1
60 57 2
60 58 4
60 59 4
61 1 1
61 2 5
61 3 1
61 6 5
61 7 5
61 10 2
61 13 4
61 15 1
61 16 1
61 18 3
61 19 1
61 20 5
61 22 1
61 23 2
61 24 5
61 26 5
61 28 2
61 29 1
61 30 3
61 32 1
61 35 3
61 36 1
61 37 2
61 40 2
61 41 5
61 42 1
61 44 5
61 48 1
61 49 2
61 54 1
61 55 5
61 56 3
61 57 5
62 3 4
62 5 3
62 6 4
62 7 3
62 8 5
62 10 4
62 11 2
62 13 5
62 16 4
62 17 1
62 18 4
62 20 5
62 21 1
62 22 5
62 23 4
62 26 3
62 27 2
62 28 4
62 29 1
62 31 1
62 33 2
62 34 4
62 37 1
62 40 4
62 41 3
62 45 5
62 47 5
62 48 1
62 50 5
62 57 1
62 58 5
62 60 4
63 0 4
63 1 1
63 2 2
63 3 5
63 4 2
63 5 3
63 6 2
63 10 3
63 12 2
63 13 5
63 14 4
63 15 4
63 16 4
63 17 5
63 19 4
63 22 1
63 23 3
63 24 2
63 26 4
63 29 5
63 32 2
63 34 2
63 35 2
63 39 1
63 40 2
63 41 3
63 42 5
63 43 3
63 45 1
63 46 3
63 47 4
63 52 4
63 53 1
63 57 4
63 59 5
63 60 5
63 62 4
64 0 4
64 1 1
64 2 5
64 3 1
64 5 2
64 7 5
64 9 4
64 10 4
64 11 3
64 14 4
64 15 2
64 19 1
64 21 1
64 22 4
64 25 1
64 26 3
64 27 1
64 29 1
64 30 3
64 33 3
64 34 3
64 35 2
64 37 5
64 38 4
64 41 5
64 42 3
64 43 4
64 44 3
64 46 2
64 48 3
64 49 5
64 51 4
64 52 3
64 55 1
64 58 5
64 60 4
64 63 3
65 0 3
65 1 4
65 3 5
65 4 2
65 6 3
65 10 2
65 11 4
65 12 3
65 15 4
65 24 4
65 27 1
65 29 4
65 32 4
65 34 2
65 36 2
65 37 3
65 39 4
65 40 4
65 41 5
65 43 1
65 44 2
65 47 5
65 50 1
65 51 2
65 53 5
65 54 1
65 59 5
65 61 2
65 63 5
66 0 1
66 1 5
66 2 2
66 3 3
66 4 5
66 5 4
66 8 2
66 9 2
66 11 1
66 15 2
66 19 5
66 22 5
66 23 1
66 24 4
66 30 4
66 31 4
66 33 1
66 34 4
66 35 4
66 37 3
66 38 4
66 39 1
66 40 1
66 43 4
66 44 2
66 45 3
66 47 2
66 48 3
66 49 2
66 51 5
66 53 4
66 54 1
66 56 2
66 57 3
66 58 1
66 61 4
66 63 5
66 65 4
67 1 5
67 3 3
67 5 3
67 6 3
67 7 3
67 8 1
67 9 5
67 11 4
67 12 3
67 13 4
67 17 1
67 19 3
67 23 2
67 24 5
67 28 5
67 33 2
67 34 2
67 35 3
67 38 5
67 40 4
67 41 1
67 42 1
67 43 4
67 44 4
67 47 2
67 55 5
67 58 2
67 60 3
67 61 3
67 64 4
67 66 4
68 0 2
68 4 2
68 8 3
68 10 3
68 11 3
68 13 1
68 15 4
68 16 2
68 20 4
68 22 2
68 23 4
68 24 5
68 25 5
68 29 2
68 30 3
68 31 2
68 33 1
68 34 5
68 36 2
68 39 2
68 40 5
68 50 3
68 51 1
68 54 1
68 55 2
68 57 1
68 60 2
68 61 4
68 63 1
68 64 5
68 65 3
68 66 3
68 67 1
69 0 4
69 2 4
69 4 5
69 6 4
69 14 3
69 17 3
69 19 5
69 20 5
69 21 2
69 28 2
69 29 1
69 32 3
69 33 4
69 37 2
69 40 3
69 43 4
69 44 4
69 46 3
69 47 1
69 50 2
69 51 3
69 52 5
69 53 1
69 54 3
69 55 1
69 56 2
69 58 2
69 59 2
69 60 4
69 62 1
69 63 3
69 65 1
69 66 1
69 67 3
70 3 4
70 4 4
70 10 4
70 11 3
70 13 2
70 16 3
70 18 1
70 20 3
70 23 4
70 24 4
70 25 5
70 26 5
70 28 3
70 32 2
70 34 5
70 37 5
70 39 5
70 40 2
70 41 4
70 42 5
70 43 2
70 46 3
70 48 5
70 49 3
70 50 5
70 51 3
70 53 5
70 54 5
70 55 2
70 56 4
70 57 2
70 59 2
70 63 5
70 68 4
70 69 1
71 0 2
71 1 1
71 2 2
71 4 2
71 5 2
71 7 3
71 8 3
71 9 1
71 15 5
71 18 3
71 20 2
71 22 4
71 23 3
71 25 5
71 26 1
71 27 3
71 28 2
71 29 1
71 32 5
71 33 5
71 34 1
71 36 2
71 37 2
71 39 2
71 40 4
71 41 3
71 42 5
71 44 5
71 46 1
71 48 4
71 51 2
71 53 3
71 55 4
71 61 3
71 62 3
71 65 5
71 67 2
71 68 3
72 3 4
72 6 1
72 7 5
72 8 2
72 9 3
72 10 4
72 12 5
72 18 5
72 19 4
72 22 4
72 23 1
72 25 5
72 30 1
72 31 2
72 32 1
72 33 3
72 35 4
72 39 2
72 42 4
72 47 1
72 49 1
72 50 4
72 52 2
72 53 3
72 55 5
72 57 3
72 62 1
72 63 1
72 64 5
72 65 2
72 66 4
72 68 3
73 1 5
73 6 4
73 7 4
73 9 3
73 10 4
73 12 5
73 13 5
73 14 3
73 15 1
73 18 3
73 19 2
73 20 4
73 21 1
73 25 2
73 27 3
73 28 2
73 29 5
73 31 5
73 32 2
73 34 5
73 38 5
73 43 3
73 45 4
73 49 5
73 50 3
73 52 5
73 57 5
73 61 4
73 62 1
73 64 4
73 66 5
73 68 1
73 69 3
73 71 4
73 72 3
74 0 2
74 1 4
74 3 5
74 4 3
74 5 2
74 7 4
74 8 1
74 10 4
74 11 3
74 12 1
74 17 4
74 19 2
74 21 2
74 23 2
74 24 4
74 25 3
74 26 4
74 27 4
74 28 2
74 30 5
74 31 4
74 33 5
74 35 2
74 38 1
74 41 4
74 45 4
74 46 1
74 47 4
74 48 2
74 49 5
74 52 5
74 53 1
74 58 5
74 61 5
74 64 2
74 66 3
74 68 4
74 69 3
74 70 5
