75
1 0 2
3 0 2
3 1 2
3 2 3
4 0 4
4 1 4
4 3 5
5 0 3
5 3 1
6 0 4
6 2 3
6 5 5
7 0 3
7 2 5
7 3 2
7 4 3
7 6 3
8 2 1
8 4 1
8 6 1
8 7 2
9 0 3
9 1 2
9 4 1
9 5 3
9 7 2
10 1 1
10 2 5
10 4 4
10 7 1
10 8 4
11 8 1
12 3 5
12 5 4
12 6 2
12 7 3
12 8 1
12 9 4
12 10 2
13 1 5
13 4 4
13 7 1
13 9 1
13 10 4
13 11 2
13 12 1
14 1 3
14 3 2
14 5 2
14 9 4
14 10 4
14 11 5
14 13 1
15 0 2
15 1 2
15 2 3
15 3 1
15 4 4
15 5 5
16 0 2
16 1 2
16 3 4
16 4 5
16 12 2
16 13 5
16 14 4
17 2 1
17 4 3
17 6 3
17 9 3
17 10 5
17 11 4
17 14 5
17 15 2
17 16 2
18 0 4
18 1 3
18 7 1
18 11 2
18 13 3
18 15 1
19 0 4
19 1 1
19 3 5
19 4 4
19 6 4
19 9 5
19 10 5
19 12 5
19 13 5
19 14 5
19 15 3
19 16 1
20 0 2
20 2 4
20 3 2
20 4 3
20 6 1
20 18 5
21 0 2
21 2 2
21 6 4
21 7 1
21 8 2
21 11 2
21 12 4
21 13 5
21 14 1
21 16 1
21 17 3
22 5 3
22 8 1
22 9 5
22 13 4
22 14 5
22 16 4
22 20 5
22 21 4
23 0 5
23 1 5
23 2 3
23 3 5
23 5 2
23 6 3
23 7 1
23 9 5
23 14 4
23 18 5
23 19 4
23 20 3
23 22 3
24 2 4
24 4 2
24 5 2
24 8 4
24 9 4
24 10 4
24 12 3
24 18 2
24 20 4
24 23 4
25 0 4
25 1 1
25 3 1
25 4 4
25 5 4
25 8 4
25 13 2
25 18 4
25 19 4
25 20 1
25 21 3
26 0 1
26 1 3
26 3 1
26 4 2
26 5 3
26 6 2
26 7 4
26 8 3
26 11 5
26 13 4
26 15 5
26 16 4
26 18 2
26 19 3
26 20 4
26 22 3
27 0 5
27 1 1
27 2 1
27 5 2
27 7 1
27 8 4
27 10 4
27 12 1
27 15 5
27 16 5
27 17 3
27 20 4
27 23 5
27 24 4
28 1 4
28 6 1
28 7 1
28 8 3
28 9 5
28 12 3
28 16 1
28 18 3
28 21 3
28 23 4
28 24 1
28 25 2
29 4 4
29 7 5
29 10 4
29 12 1
29 15 3
29 16 2
29 22 1
29 23 4
29 24 1
30 0 2
30 1 5
30 7 5
30 8 2
30 9 5
30 13 1
30 14 3
30 15 1
30 18 5
30 19 5
30 20 4
30 26 3
30 27 4
30 29 5
31 0 5
31 1 2
31 3 3
31 4 3
31 11 3
31 17 2
31 19 2
31 21 1
31 25 4
31 26 3
31 27 1
31 28 2
32 2 1
32 4 5
32 5 4
32 6 3
32 7 1
32 8 2
32 10 4
32 14 1
32 16 3
32 19 3
32 24 5
32 26 4
32 28 4
32 29 2
32 30 2
33 2 5
33 4 5
33 5 4
33 9 1
33 10 2
33 11 4
33 13 1
33 16 2
33 17 1
33 18 2
33 20 3
33 21 5
33 23 5
33 25 3
34 0 2
34 1 5
34 2 1
34 3 1
34 8 2
34 10 4
34 12 2
34 14 3
34 19 4
34 20 1
34 25 3
34 26 3
34 27 2
34 29 5
34 30 5
34 31 3
35 2 3
35 3 4
35 4 2
35 5 5
35 6 2
35 9 3
35 10 5
35 11 3
35 13 1
35 15 2
35 16 4
35 17 2
35 20 2
35 23 5
35 26 3
35 27 4
35 28 1
35 29 4
35 30 5
35 33 1
36 0 5
36 3 4
36 8 1
36 9 4
36 10 2
36 11 4
36 12 4
36 16 1
36 17 1
36 18 2
36 19 2
36 20 4
36 23 1
36 27 4
37 3 2
37 4 2
37 5 1
37 9 3
37 10 2
37 12 2
37 13 1
37 14 5
37 17 3
37 19 3
37 21 1
37 22 2
37 23 3
37 24 5
37 26 5
37 34 1
37 35 4
37 36 3
38 2 4
38 3 5
38 4 5
38 7 2
38 9 2
38 10 4
38 13 5
38 14 5
38 16 1
38 18 2
38 19 1
38 20 1
38 22 4
38 24 2
38 26 2
38 29 4
38 30 2
38 31 4
38 32 1
38 34 1
38 35 2
38 36 1
39 0 1
39 4 5
39 7 5
39 8 5
39 9 3
39 10 2
39 16 2
39 19 4
39 20 2
39 27 3
39 29 2
39 34 1
39 37 4
40 0 2
40 2 3
40 9 1
40 10 5
40 12 1
40 13 5
40 14 4
40 16 5
40 18 3
40 20 3
40 21 4
40 22 2
40 24 1
40 25 4
40 27 2
40 31 4
40 32 2
40 34 1
40 36 2
40 39 3
41 2 4
41 3 5
41 5 2
41 6 5
41 7 3
41 10 3
41 11 3
41 14 3
41 15 2
41 16 2
41 18 2
41 19 4
41 21 4
41 23 2
41 25 2
41 26 3
41 28 1
41 29 1
41 31 5
41 32 2
41 33 5
41 34 4
41 36 5
41 37 4
41 38 2
41 40 2
42 2 2
42 5 5
42 6 4
42 8 5
42 9 1
42 10 3
42 11 5
42 12 5
42 14 4
42 15 5
42 16 1
42 19 1
42 20 5
42 22 5
42 24 2
42 25 2
42 27 5
42 30 3
42 32 2
42 33 2
42 35 3
42 36 2
42 38 3
42 39 3
43 1 2
43 6 2
43 8 4
43 9 1
43 10 3
43 11 2
43 12 3
43 15 2
43 16 2
43 17 5
43 18 5
43 20 5
43 21 4
43 23 4
43 24 4
43 27 3
43 28 1
43 30 2
43 31 5
43 34 3
43 37 5
43 41 2
44 2 3
44 5 3
44 6 4
44 8 1
44 12 3
44 14 4
44 15 3
44 16 5
44 19 3
44 23 4
44 24 2
44 26 1
44 27 4
44 29 2
44 30 1
44 32 3
44 33 5
44 35 4
44 37 2
44 39 3
44 42 2
45 1 5
45 2 1
45 3 4
45 4 1
45 6 2
45 7 5
45 8 3
45 9 2
45 13 5
45 14 5
45 16 1
45 19 4
45 20 3
45 22 1
45 24 2
45 25 3
45 26 4
45 28 2
45 29 5
45 31 4
45 32 2
45 33 5
45 38 2
45 40 3
45 41 2
45 42 5
45 43 2
45 44 1
46 1 2
46 3 5
46 4 5
46 6 1
46 8 3
46 14 1
46 17 2
46 19 4
46 20 1
46 22 3
46 23 4
46 24 2
46 25 3
46 30 2
46 33 3
46 34 2
46 35 1
46 36 1
46 38 3
46 39 4
46 41 4
46 42 4
46 45 4
47 0 2
47 1 4
47 2 2
47 5 1
47 6 5
47 8 3
47 11 4
47 12 4
47 13 4
47 14 2
47 15 2
47 17 3
47 18 1
47 19 5
47 22 1
47 23 5
47 24 1
47 26 5
47 28 5
47 31 3
47 33 1
47 34 4
47 36 1
47 40 3
47 41 1
47 42 5
47 46 2
48 0 2
48 1 2
48 6 3
48 9 5
48 11 5
48 15 4
48 16 1
48 17 2
48 21 2
48 23 5
48 24 1
48 25 2
48 27 3
48 28 1
48 29 1
48 31 1
48 32 4
48 33 2
48 34 1
48 40 3
48 41 1
48 42 5
48 45 1
48 47 3
49 0 2
49 2 3
49 3 2
49 4 2
49 7 3
49 9 4
49 10 4
49 11 5
49 14 4
49 15 3
49 16 3
49 17 3
49 19 5
49 22 2
49 24 2
49 25 5
49 27 5
49 28 1
49 29 3
49 30 1
49 31 5
49 33 2
49 34 3
49 36 2
49 37 1
49 42 2
49 43 4
49 47 3
49 48 3
50 5 4
50 7 5
50 9 2
50 11 3
50 13 1
50 15 5
50 19 3
50 20 3
50 21 2
50 23 2
50 24 2
50 25 2
50 26 4
50 27 2
50 28 4
50 30 5
50 33 1
50 35 4
50 37 5
50 39 2
50 44 5
50 45 1
50 46 4
50 48 2
50 49 2
51 1 4
51 2 2
51 4 2
51 5 2
51 6 2
51 7 2
51 8 5
51 11 2
51 15 5
51 16 1
51 18 4
51 19 2
51 20 5
51 21 1
51 22 5
51 23 5
51 24 4
51 25 3
51 29 1
51 33 5
51 34 2
51 37 2
51 38 2
51 39 3
51 40 3
51 41 4
51 42 2
51 45 3
51 48 5
52 2 4
52 3 3
52 4 4
52 6 2
52 7 4
52 9 4
52 10 2
52 11 1
52 12 2
52 14 2
52 15 2
52 22 3
52 23 5
52 26 1
52 30 4
52 32 4
52 33 5
52 34 2
52 36 1
52 38 3
52 39 3
52 41 3
52 46 1
52 47 5
52 48 1
52 50 5
52 51 5
53 0 4
53 1 2
53 2 2
53 3 5
53 4 3
53 5 2
53 6 4
53 8 5
53 11 4
53 12 1
53 13 3
53 14 5
53 15 3
53 18 2
53 20 4
53 22 1
53 23 1
53 24 1
53 26 4
53 27 3
53 30 2
53 32 2
53 33 4
53 35 2
53 36 4
53 39 2
53 40 2
53 41 4
53 42 3
53 43 1
53 44 5
53 45 4
53 46 5
53 47 3
53 50 5
53 52 2
54 0 2
54 1 4
54 2 1
54 3 5
54 5 4
54 6 2
54 7 2
54 8 1
54 9 4
54 10 5
54 11 3
54 13 1
54 16 4
54 17 1
54 19 5
54 22 2
54 27 4
54 28 3
54 29 2
54 30 2
54 34 4
54 36 5
54 37 4
54 40 4
54 42 1
54 43 2
54 45 2
54 47 3
54 49 5
54 51 5
54 52 3
54 53 2
55 2 2
55 7 5
55 10 4
55 11 4
55 12 5
55 13 5
55 14 2
55 15 5
55 18 4
55 23 4
55 24 4
55 25 3
55 29 1
55 30 1
55 36 3
55 37 4
55 40 2
55 44 2
55 46 4
55 47 2
55 48 4
55 52 3
55 53 2
55 54 4
56 2 1
56 4 2
56 6 5
56 7 3
56 11 3
56 13 5
56 17 5
56 19 2
56 20 3
56 23 2
56 24 1
56 25 5
56 30 5
56 31 1
56 33 5
56 34 5
56 40 4
56 41 2
56 42 1
56 45 2
56 46 4
56 49 3
56 51 3
56 54 2
56 55 3
57 0 3
57 2 3
57 3 4
57 4 3
57 5 2
57 11 1
57 12 3
57 13 3
57 15 4
57 18 4
57 19 1
57 25 2
57 27 5
57 28 5
57 30 1
57 32 2
57 35 3
57 39 4
57 40 2
57 41 3
57 44 2
57 47 5
57 52 5
57 53 4
57 55 4
57 56 1
58 0 2
58 1 4
58 4 3
58 5 1
58 8 2
58 10 4
58 11 1
58 12 5
58 15 1
58 16 4
58 21 2
58 22 5
58 30 1
58 33 5
58 34 3
58 36 5
58 38 4
58 39 2
58 40 4
58 41 4
58 42 4
58 48 3
58 51 2
58 52 5
58 53 3
58 54 3
58 55 3
58 56 5
59 2 4
59 5 3
59 6 1
59 8 2
59 9 5
59 10 4
59 11 4
59 12 4
59 17 3
59 18 5
59 20 3
59 27 4
59 29 5
59 33 2
59 34 5
59 35 2
59 36 1
59 39 4
59 40 5
59 41 4
59 44 4
59 45 4
59 46 5
59 48 1
59 51 5
59 53 1
59 54 2
59 55 5
59 56 2
60 0 2
60 4 4
60 5 1
60 6 2
60 7 4
60 8 2
60 9 4
60 10 1
60 14 4
60 15 3
60 16 3
60 19 4
60 28 3
60 30 4
60 31 2
60 34 1
60 36 3
60 37 3
60 39 5
60 40 1
60 42 5
60 43 4
60 46 3
60 48 1
60 49 1
60 52 2
60 58 5
61 1 3
61 2 1
61 3 3
61 6 4
61 8 1
61 10 2
61 12 1
61 13 2
61 16 1
61 18 1
61 20 4
61 23 5
61 26 2
61 32 3
61 34 3
61 37 3
61 40 4
61 41 5
61 43 2
61 44 2
61 46 5
61 47 3
61 48 5
61 50 1
61 53 1
61 54 3
61 59 4
61 60 4
62 3 5
62 4 2
62 5 5
62 7 5
62 8 2
62 9 5
62 10 2
62 12 4
62 13 5
62 14 2
62 17 1
62 23 2
62 25 4
62 30 5
62 32 3
62 33 4
62 34 2
62 36 2
62 41 1
62 43 3
62 46 3
62 47 1
62 49 1
62 50 2
62 51 2
62 52 5
62 53 5
62 54 4
62 57 5
62 58 1
62 59 2
62 61 5
63 1 3
63 2 2
63 4 2
63 6 2
63 8 4
63 12 4
63 13 4
63 16 2
63 19 1
63 22 5
63 23 1
63 25 5
63 28 2
63 30 4
63 32 3
63 38 4
63 39 5
63 41 3
63 42 2
63 44 3
63 45 5
63 46 3
63 47 4
63 48 2
63 51 4
63 53 4
63 55 2
63 56 2
63 57 1
64 1 3
64 4 3
64 5 4
64 8 2
64 9 3
64 10 1
64 16 2
64 17 1
64 19 5
64 22 3
64 23 1
64 24 5
64 26 1
64 27 4
64 28 4
64 29 4
64 32 1
64 33 3
64 34 2
64 36 4
64 37 3
64 42 2
64 43 3
64 50 1
64 52 3
64 54 4
64 55 2
64 58 4
64 61 2
64 62 1
65 0 5
65 1 2
65 4 1
65 6 3
65 7 1
65 8 4
65 12 1
65 14 2
65 16 2
65 17 4
65 18 3
65 20 2
65 21 3
65 24 1
65 25 1
65 29 4
65 30 5
65 31 2
65 32 4
65 33 3
65 35 1
65 36 2
65 40 2
65 41 2
65 42 1
65 43 3
65 46 1
65 47 2
65 48 4
65 51 1
65 52 3
65 58 4
65 59 1
65 60 5
65 61 2
65 62 4
66 1 1
66 3 3
66 5 1
66 7 1
66 8 5
66 10 1
66 11 4
66 13 3
66 14 1
66 15 5
66 16 2
66 17 4
66 19 4
66 20 3
66 21 2
66 22 5
66 23 5
66 28 3
66 30 2
66 35 3
66 36 3
66 39 2
66 40 4
66 41 4
66 44 1
66 45 4
66 47 5
66 50 5
66 57 2
66 58 2
66 63 5
66 65 2
67 0 4
67 1 3
67 3 5
67 6 1
67 7 5
67 10 4
67 12 1
67 14 5
67 15 1
67 18 2
67 20 1
67 21 4
67 22 4
67 25 3
67 31 4
67 32 5
67 34 2
67 36 4
67 38 3
67 39 3
67 40 1
67 41 1
67 42 5
67 44 1
67 45 2
67 46 1
67 47 4
67 50 1
67 51 4
67 52 1
67 54 1
67 55 2
67 56 5
67 57 2
67 58 2
67 61 4
67 62 1
67 63 4
68 0 1
68 3 1
68 4 5
68 5 1
68 10 5
68 13 1
68 14 4
68 15 4
68 18 3
68 19 4
68 25 2
68 28 4
68 30 5
68 32 1
68 37 1
68 38 1
68 39 5
68 40 2
68 43 3
68 53 3
68 55 2
68 58 3
68 60 5
68 61 1
68 62 2
68 63 3
68 64 4
68 65 4
68 67 4
69 3 1
69 5 2
69 6 2
69 9 5
69 10 4
69 12 4
69 13 1
69 15 4
69 16 3
69 17 3
69 18 1
69 19 1
69 20 3
69 23 4
69 25 3
69 26 3
69 29 3
69 30 2
69 31 1
69 34 2
69 36 5
69 40 3
69 43 3
69 45 5
69 47 1
69 52 3
69 53 4
69 55 2
69 56 5
69 57 5
69 60 4
69 62 5
69 66 3
69 67 1
70 0 2
70 1 3
70 6 3
70 7 5
70 8 3
70 9 2
70 10 2
70 11 4
70 12 3
70 13 4
70 14 3
70 15 2
70 18 3
70 19 4
70 21 5
70 23 5
70 24 4
70 28 1
70 31 5
70 33 4
70 35 3
70 39 5
70 42 1
70 44 2
70 47 1
70 49 4
70 50 1
70 51 4
70 53 1
70 54 2
70 55 3
70 56 4
70 57 4
70 58 5
70 60 5
70 61 4
70 62 3
70 64 1
70 65 3
70 66 4
71 1 1
71 2 1
71 4 2
71 5 1
71 7 4
71 8 3
71 11 1
71 12 5
71 14 4
71 15 4
71 16 1
71 20 5
71 22 3
71 23 3
71 25 3
71 29 5
71 30 1
71 31 5
71 34 1
71 35 5
71 36 1
71 38 4
71 39 4
71 43 3
71 46 5
71 47 2
71 48 1
71 49 3
71 50 5
71 52 1
71 57 5
71 58 3
71 59 3
71 61 4
71 62 5
71 63 2
71 66 2
71 67 2
71 68 1
71 69 2
72 0 5
72 1 2
72 2 2
72 3 2
72 6 5
72 10 4
72 11 2
72 12 3
72 13 5
72 20 4
72 27 1
72 28 4
72 32 5
72 33 2
72 34 5
72 35 5
72 36 4
72 37 1
72 39 3
72 40 3
72 44 1
72 46 3
72 51 1
72 55 4
72 56 2
72 59 5
72 61 3
72 64 5
72 65 3
72 66 2
72 67 3
72 68 5
72 69 5
72 70 1
72 71 5
73 0 4
73 1 3
73 7 3
73 8 4
73 10 5
73 14 1
73 16 1
73 22 4
73 23 4
73 24 3
73 25 5
73 26 4
73 34 3
73 35 2
73 36 3
73 43 3
73 46 3
73 48 4
73 49 4
73 53 4
73 54 5
73 56 5
73 57 3
73 58 4
73 59 5
73 61 2
73 63 2
73 67 1
73 68 3
73 70 2
73 72 1
74 0 5
74 2 4
74 3 5
74 4 1
74 5 2
74 10 3
74 13 2
74 16 3
74 20 2
74 21 4
74 22 5
74 24 2
74 27 1
74 28 1
74 30 5
74 32 3
74 33 3
74 38 4
74 40 1
74 42 1
74 44 1
74 45 4
74 46 1
74 47 5
74 48 1
74 49 2
74 50 2
74 51 3
74 52 2
74 53 4
74 54 5
74 55 4
74 57 3
74 59 4
74 60 1
74 62 3
74 63 4
74 69 5
74 70 4
74 71 3
74 73 2
