60
2 1 24
3 0 40
3 2 48
5 1 5
5 3 25
6 0 7
6 4 33
7 1 16
7 2 33
7 3 15
7 6 45
8 0 23
8 4 49
8 5 7
8 6 15
9 5 29
9 6 47
9 8 43
10 0 27
10 1 6
10 3 24
10 4 15
10 5 50
10 8 17
11 0 29
11 3 10
11 6 36
11 9 19
12 0 3
12 4 28
12 5 38
13 2 5
13 3 37
13 4 6
13 5 13
13 6 42
13 10 18
13 12 8
14 0 6
14 2 12
14 4 18
14 6 22
14 11 28
14 13 16
15 0 20
15 1 33
15 2 24
15 6 50
15 8 34
15 11 34
15 13 28
16 0 13
16 1 49
16 2 27
16 3 29
16 4 21
16 6 27
16 9 49
16 10 47
16 13 12
17 3 23
17 4 46
17 5 19
17 6 12
17 9 16
17 14 30
17 15 36
18 2 20
18 3 1
18 5 4
18 7 18
18 8 3
18 9 1
18 11 37
18 12 37
18 15 25
19 3 28
19 5 22
19 6 34
19 7 25
19 8 13
19 11 28
19 12 30
19 14 4
19 15 27
19 17 12
20 1 42
20 3 28
20 4 42
20 5 3
20 8 18
20 9 30
20 11 33
20 12 25
20 13 44
20 14 45
20 15 23
20 16 23
20 18 32
21 0 41
21 4 50
21 5 3
21 6 4
21 7 40
21 10 16
21 11 43
21 15 23
21 17 17
21 18 5
21 19 45
22 2 30
22 3 26
22 5 33
22 7 43
22 8 45
22 10 44
22 11 38
22 12 41
22 13 32
22 15 22
22 16 50
22 17 11
22 19 24
22 20 44
23 0 50
23 5 50
23 8 10
23 11 50
23 12 26
23 13 43
23 14 40
23 17 10
23 18 46
23 19 24
23 20 27
23 21 46
24 0 22
24 1 1
24 6 15
24 7 24
24 8 41
24 10 15
24 11 15
24 12 50
24 14 8
24 15 34
24 17 50
24 18 9
24 19 9
24 22 5
25 0 3
25 2 38
25 3 4
25 4 22
25 5 11
25 9 5
25 10 37
25 11 40
25 12 21
25 14 14
25 17 40
25 18 44
25 20 32
25 22 1
25 24 14
26 0 49
26 2 24
26 3 25
26 5 39
26 7 46
26 9 36
26 10 22
26 13 2
26 14 22
26 15 8
26 16 37
26 17 12
26 19 33
26 20 46
26 21 33
26 24 5
27 1 31
27 3 21
27 7 22
27 8 45
27 11 19
27 12 16
27 14 8
27 15 18
27 16 28
27 17 38
27 19 36
27 22 8
28 0 19
28 4 28
28 5 5
28 6 27
28 9 12
28 11 39
28 12 15
28 15 13
28 17 5
28 18 31
28 19 45
28 22 30
28 25 20
28 27 31
29 0 29
29 2 24
29 3 7
29 4 47
29 6 42
29 7 24
29 8 4
29 9 28
29 12 9
29 13 14
29 14 50
29 16 10
29 17 47
29 18 45
29 19 44
29 20 17
29 22 46
29 27 25
29 28 30
30 2 9
30 8 18
30 9 32
30 10 4
30 11 8
30 13 38
30 21 33
30 25 33
30 26 31
30 29 47
31 1 16
31 2 30
31 4 20
31 5 45
31 7 35
31 11 42
31 12 31
31 13 7
31 14 14
31 15 12
31 16 1
31 17 35
31 19 34
31 20 27
31 21 45
31 24 18
31 25 32
31 26 11
31 27 10
31 28 43
31 29 33
32 0 34
32 2 29
32 3 39
32 5 3
32 6 46
32 8 49
32 10 1
32 14 44
32 15 25
32 18 32
32 23 8
32 27 9
32 29 13
32 30 15
32 31 38
33 0 12
33 2 20
33 3 9
33 5 34
33 7 1
33 8 5
33 17 3
33 19 37
33 21 32
33 22 50
33 24 27
33 29 49
33 30 29
33 31 27
33 32 35
34 2 43
34 3 6
34 8 31
34 9 26
34 14 29
34 18 3
34 19 28
34 20 9
34 21 6
34 23 46
34 25 35
34 26 9
34 27 45
34 28 10
34 29 17
34 30 50
34 33 2
35 0 48
35 4 40
35 5 15
35 6 4
35 8 5
35 10 3
35 11 42
35 12 2
35 13 45
35 14 14
35 15 21
35 16 19
35 17 8
35 18 10
35 19 29
35 21 40
35 22 8
35 27 9
35 30 22
35 31 1
35 32 37
35 33 41
36 1 33
36 2 45
36 3 23
36 4 18
36 5 9
36 6 44
36 7 12
36 9 45
36 14 40
36 15 10
36 16 34
36 18 12
36 20 7
36 23 15
36 24 15
36 27 24
36 29 42
36 30 30
36 33 20
36 34 19
37 2 20
37 3 50
37 6 9
37 7 48
37 8 35
37 9 46
37 10 11
37 13 18
37 16 18
37 17 2
37 18 33
37 19 4
37 20 31
37 21 3
37 22 33
37 26 6
37 27 34
37 30 47
37 31 32
37 32 17
37 35 11
37 36 37
38 0 23
38 3 26
38 5 39
38 6 20
38 8 6
38 11 50
38 13 1
38 16 3
38 17 15
38 24 25
38 25 33
38 26 5
38 28 46
38 30 19
38 31 17
38 33 43
38 34 11
38 35 27
38 36 39
39 1 9
39 2 37
39 4 43
39 5 13
39 10 50
39 15 5
39 17 40
39 19 42
39 22 21
39 24 37
39 25 27
39 26 39
39 30 30
39 32 22
39 33 32
39 35 12
39 37 46
40 2 37
40 4 31
40 5 15
40 10 31
40 11 11
40 13 42
40 14 22
40 16 44
40 21 13
40 26 32
40 27 23
40 28 45
40 33 6
40 37 49
40 38 37
41 0 24
41 3 45
41 6 26
41 7 3
41 8 24
41 10 49
41 13 35
41 14 2
41 15 7
41 18 4
41 20 4
41 21 48
41 23 29
41 24 14
41 25 42
41 26 10
41 30 50
41 36 8
41 38 42
41 39 8
42 2 31
42 3 44
42 6 14
42 7 25
42 10 45
42 11 39
42 12 15
42 15 8
42 17 2
42 18 36
42 19 17
42 20 19
42 21 10
42 22 27
42 27 43
42 28 47
42 29 38
42 31 21
42 32 48
42 34 37
42 35 2
42 37 3
42 38 10
42 40 8
43 0 35
43 1 39
43 2 42
43 3 42
43 5 48
43 6 27
43 7 12
43 8 14
43 9 2
43 10 9
43 11 32
43 12 47
43 14 40
43 18 23
43 20 38
43 21 38
43 22 46
43 24 34
43 26 40
43 28 9
43 30 38
43 34 16
43 35 12
43 36 1
43 37 3
43 41 13
43 42 34
44 0 39
44 1 48
44 4 48
44 5 23
44 9 15
44 13 19
44 15 14
44 16 31
44 17 47
44 21 38
44 23 4
44 28 45
44 29 31
44 30 6
44 31 30
44 33 34
44 34 31
44 35 30
44 37 38
44 38 12
44 41 21
44 42 50
45 0 36
45 1 44
45 4 23
45 6 12
45 8 22
45 10 7
45 11 49
45 12 16
45 13 17
45 14 32
45 15 17
45 16 5
45 18 13
45 21 28
45 22 15
45 23 48
45 25 25
45 29 30
45 31 38
45 33 15
45 34 15
45 36 29
45 37 29
45 39 10
45 40 9
45 41 30
45 42 6
46 0 44
46 1 4
46 3 2
46 4 33
46 5 10
46 7 44
46 8 41
46 10 30
46 11 19
46 12 35
46 13 30
46 16 7
46 18 39
46 20 43
46 23 38
46 24 8
46 27 3
46 31 22
46 33 42
46 34 30
46 43 6
46 44 46
46 45 9
47 2 24
47 8 50
47 11 23
47 12 11
47 13 28
47 14 30
47 17 50
47 22 38
47 24 33
47 25 3
47 27 13
47 30 7
47 31 26
47 32 34
47 34 6
47 35 41
47 36 48
47 38 37
47 40 38
47 41 22
47 42 14
47 44 22
48 1 2
48 2 49
48 8 46
48 10 15
48 17 32
48 18 38
48 20 38
48 22 46
48 24 36
48 25 21
48 29 32
48 31 9
48 34 44
48 35 41
48 38 27
48 44 24
48 45 40
48 46 4
48 47 18
49 2 28
49 3 21
49 8 2
49 10 2
49 11 20
49 12 28
49 14 34
49 15 5
49 17 8
49 18 3
49 20 8
49 23 16
49 25 27
49 28 20
49 30 20
49 31 14
49 32 9
49 35 12
49 36 18
49 38 14
49 39 36
49 40 7
49 41 30
49 45 43
49 47 17
49 48 27
50 0 21
50 1 29
50 2 31
50 4 49
50 6 1
50 9 44
50 11 17
50 12 9
50 16 27
50 17 39
50 23 19
50 26 13
50 27 12
50 31 30
50 33 6
50 36 44
50 37 10
50 38 34
50 39 25
50 40 49
50 41 16
50 43 8
50 48 31
51 2 1
51 3 20
51 7 47
51 8 5
51 10 3
51 12 7
51 14 50
51 16 37
51 17 15
51 20 4
51 26 28
51 29 47
51 30 9
51 31 6
51 32 10
51 33 15
51 38 6
51 39 34
51 40 11
51 41 13
51 44 20
51 47 11
51 48 7
51 49 19
52 3 41
52 4 16
52 5 14
52 6 24
52 7 32
52 10 46
52 12 50
52 13 28
52 14 8
52 15 36
52 18 12
52 19 48
52 20 22
52 23 48
52 26 12
52 28 5
52 29 15
52 30 2
52 31 8
52 33 33
52 34 10
52 38 39
52 39 47
52 41 50
52 44 12
52 45 26
52 46 11
52 48 9
52 49 39
52 50 42
53 0 31
53 3 6
53 7 50
53 14 3
53 17 13
53 18 42
53 20 15
53 22 20
53 24 24
53 28 19
53 30 14
53 32 27
53 34 23
53 35 47
53 36 20
53 38 27
53 39 22
53 41 15
53 43 34
53 44 35
53 49 16
53 51 32
53 52 28
54 1 36
54 7 40
54 12 19
54 13 25
54 14 49
54 15 48
54 18 25
54 19 15
54 22 9
54 25 9
54 26 26
54 27 39
54 29 47
54 30 5
54 31 19
54 35 18
54 38 44
54 39 31
54 40 24
54 48 26
54 52 26
54 53 9
55 1 45
55 2 17
55 7 35
55 10 8
55 12 48
55 13 14
55 15 23
55 16 20
55 18 46
55 19 41
55 20 36
55 23 42
55 27 48
55 38 2
55 39 21
55 42 44
55 43 18
55 44 14
55 46 15
55 47 32
55 50 45
55 51 33
55 52 10
55 54 28
56 0 42
56 1 20
56 2 7
56 6 29
56 8 48
56 9 21
56 12 17
56 16 42
56 18 47
56 19 39
56 20 19
56 22 25
56 23 30
56 25 21
56 26 6
56 28 44
56 30 47
56 31 33
56 34 24
56 36 19
56 37 4
56 38 35
56 39 9
56 40 30
56 41 22
56 44 23
56 45 43
56 47 9
56 49 35
56 51 36
56 52 19
57 0 1
57 3 34
57 4 24
57 7 7
57 8 43
57 9 17
57 11 40
57 12 26
57 15 10
57 16 24
57 17 32
57 18 33
57 23 28
57 26 3
57 27 28
57 28 40
57 30 37
57 31 5
57 32 50
57 34 43
57 37 25
57 42 40
57 44 39
57 47 17
57 48 36
57 49 48
57 50 42
57 53 16
57 54 9
57 56 15
58 0 28
58 1 22
58 2 50
58 3 13
58 4 27
58 5 22
58 7 30
58 9 37
58 12 5
58 18 4
58 22 23
58 24 43
58 28 39
58 29 43
58 30 48
58 31 37
58 36 28
58 37 9
58 38 37
58 40 12
58 42 17
58 44 16
58 46 15
58 50 11
58 51 17
58 57 18
59 1 36
59 4 3
59 7 14
59 10 15
59 13 11
59 15 33
59 16 6
59 18 28
59 20 17
59 21 22
59 26 46
59 27 29
59 28 36
59 29 3
59 34 32
59 39 31
59 46 27
59 47 13
59 51 35
59 52 38
59 53 49
59 54 35
59 55 44
59 58 39
