30
1 0 95
2 1 20
3 0 13
4 1 71
4 2 82
5 1 88
5 3 43
5 4 45
6 3 15
6 5 11
7 0 49
7 1 33
7 2 15
7 3 20
7 4 53
7 6 67
8 2 2
8 4 96
9 0 75
9 1 55
9 2 44
9 5 1
9 8 37
10 0 66
10 1 2
10 3 37
10 5 15
10 7 8
10 8 50
11 1 93
11 2 54
11 3 79
11 5 28
11 7 75
11 8 6
12 0 11
12 1 81
12 2 10
12 3 71
12 4 29
12 5 57
12 7 86
12 9 32
12 11 59
13 0 81
13 2 58
13 3 62
13 4 58
13 8 32
13 9 59
13 11 57
14 4 88
14 6 15
14 7 84
14 8 98
14 9 6
14 10 2
14 12 46
15 0 50
15 1 1
15 3 44
15 4 51
15 10 81
15 13 31
16 2 57
16 7 64
16 9 8
16 11 74
16 12 66
16 14 5
17 0 31
17 2 11
17 4 18
17 7 41
17 9 7
17 11 93
17 12 81
17 14 2
17 16 25
18 3 46
18 5 80
18 6 28
18 7 87
18 9 31
18 12 32
18 15 50
18 16 50
18 17 53
19 2 23
19 4 91
19 5 84
19 6 44
19 7 19
19 10 21
19 13 49
19 14 6
19 16 19
20 0 59
20 3 26
20 4 89
20 10 9
20 12 29
20 13 2
20 14 12
20 16 19
20 17 95
20 19 32
21 1 54
21 3 42
21 4 84
21 7 93
21 8 54
21 9 66
21 10 37
21 15 68
21 18 86
21 20 80
22 2 41
22 3 51
22 5 81
22 6 19
22 8 49
22 9 28
22 10 28
22 12 85
22 13 43
22 14 82
22 15 61
22 16 78
22 17 8
22 18 96
23 0 13
23 1 39
23 2 13
23 3 10
23 5 19
23 9 42
23 12 6
23 14 48
23 18 43
23 19 94
23 21 93
24 2 67
24 3 31
24 5 84
24 9 72
24 17 72
24 18 51
24 20 24
24 22 93
24 23 96
25 1 69
25 2 3
25 5 46
25 6 96
25 8 39
25 9 66
25 10 64
25 11 97
25 12 91
25 13 34
25 15 86
25 16 34
25 18 45
25 20 78
25 21 32
25 22 48
26 0 99
26 2 7
26 3 8
26 4 82
26 5 27
26 7 68
26 10 5
26 13 37
26 14 90
26 15 34
26 20 69
26 25 99
27 0 20
27 2 90
27 3 99
27 6 5
27 7 65
27 11 45
27 14 78
27 17 67
27 18 96
27 19 7
27 20 95
27 22 66
27 23 59
27 24 71
27 26 30
28 0 10
28 1 5
28 3 28
28 4 95
28 5 5
28 6 65
28 7 88
28 11 15
28 12 56
28 14 65
28 15 70
28 19 88
28 20 54
28 21 89
28 23 24
28 24 11
29 0 32
29 6 69
29 7 61
29 8 25
29 9 59
29 12 59
29 13 29
29 14 1
29 15 99
29 16 62
29 20 13
29 21 21
29 22 67
29 23 21
29 26 99
29 28 12
