55
1 0 1
2 0 3
2 1 2
3 0 5
3 1 2
3 2 1
4 0 3
4 1 3
4 2 1
4 3 3
5 0 2
5 1 2
5 2 3
5 3 4
5 4 2
6 0 1
6 1 1
6 2 5
6 3 5
6 4 4
6 5 4
7 0 1
7 1 5
7 2 5
7 3 2
7 4 5
7 5 1
7 6 3
8 0 4
8 1 4
8 2 1
8 3 2
8 4 3
8 5 2
8 6 2
8 7 2
9 0 2
9 1 5
9 2 1
9 3 5
9 4 3
9 5 3
9 6 3
9 7 1
9 8 2
10 0 2
10 1 2
10 2 5
10 3 3
10 4 5
10 5 3
10 6 4
10 7 5
10 8 5
10 9 1
11 0 3
11 1 3
11 2 2
11 3 5
11 4 2
11 5 5
11 6 5
11 7 5
11 8 3
11 9 3
11 10 2
12 0 5
12 1 2
12 2 3
12 3 4
12 4 3
12 5 2
12 6 3
12 7 2
12 8 1
12 9 1
12 10 2
12 11 4
13 0 4
13 1 3
13 2 3
13 3 5
13 4 2
13 5 5
13 6 2
13 7 1
13 8 1
13 9 3
13 10 3
13 11 5
13 12 1
14 0 4
14 1 2
14 2 4
14 3 4
14 4 5
14 5 4
14 6 4
14 7 5
14 8 2
14 9 1
14 10 3
14 11 2
14 12 2
14 13 2
15 0 1
15 1 2
15 2 2
15 3 1
15 4 4
15 5 4
15 6 5
15 7 3
15 8 3
15 9 4
15 10 3
15 11 3
15 12 3
15 13 5
15 14 1
16 0 5
16 1 2
16 2 5
16 3 2
16 4 4
16 5 2
16 6 1
16 7 4
16 8 4
16 9 2
16 10 3
16 11 3
16 12 3
16 13 5
16 14 5
16 15 4
17 0 5
17 1 1
17 2 1
17 3 5
17 4 1
17 5 3
17 6 4
17 7 2
17 8 4
17 9 4
17 10 1
17 11 4
17 12 3
17 13 3
17 14 4
17 15 3
17 16 3
18 0 2
18 1 5
18 2 1
18 3 5
18 4 2
18 5 2
18 6 2
18 7 4
18 8 3
18 9 4
18 10 2
18 11 4
18 12 5
18 13 5
18 14 4
18 15 3
18 16 3
18 17 1
19 0 4
19 1 4
19 2 4
19 3 1
19 4 3
19 5 5
19 6 3
19 7 4
19 8 4
19 9 2
19 10 1
19 11 1
19 12 5
19 13 5
19 14 5
19 15 2
19 16 3
19 17 5
19 18 1
20 0 1
20 1 2
20 2 4
20 3 1
20 4 2
20 5 5
20 6 3
20 7 4
20 8 4
20 9 1
20 10 2
20 11 5
20 12 5
20 13 5
20 14 4
20 15 5
20 16 4
20 17 2
20 18 5
20 19 1
21 0 1
21 1 1
21 2 5
21 3 2
21 4 5
21 5 1
21 6 2
21 7 5
21 8 5
21 9 3
21 10 4
21 11 3
21 12 2
21 13 3
21 14 3
21 15 1
21 16 2
21 17 3
21 18 5
21 19 2
21 20 1
22 0 5
22 1 2
22 2 3
22 3 4
22 4 5
22 5 2
22 6 5
22 7 1
22 8 2
22 9 5
22 10 1
22 11 1
22 12 1
22 13 1
22 14 5
22 15 2
22 16 2
22 17 1
22 18 4
22 19 4
22 20 3
22 21 3
23 0 4
23 1 1
23 2 5
23 3 4
23 4 3
23 5 4
23 6 3
23 7 5
23 8 2
23 9 1
23 10 1
23 11 2
23 12 5
23 13 1
23 14 2
23 15 5
23 16 4
23 17 1
23 18 4
23 19 2
23 20 1
23 21 4
23 22 3
24 0 1
24 1 5
24 2 4
24 3 1
24 4 5
24 5 3
24 6 5
24 7 2
24 8 1
24 9 2
24 10 5
24 11 4
24 12 4
24 13 1
24 14 2
24 15 5
24 16 2
24 17 4
24 18 5
24 19 4
24 20 2
24 21 4
24 22 5
24 23 2
25 0 5
25 1 4
25 2 5
25 3 4
25 4 2
25 5 5
25 6 4
25 7 2
25 8 4
25 9 2
25 10 2
25 11 1
25 12 2
25 13 2
25 14 2
25 15 1
25 16 5
25 17 5
25 18 2
25 19 4
25 20 4
25 21 2
25 22 1
25 23 1
25 24 2
26 0 4
26 1 5
26 2 1
26 3 3
26 4 3
26 5 3
26 6 1
26 7 1
26 8 3
26 9 1
26 10 3
26 11 3
26 12 5
26 13 3
26 14 3
26 15 4
26 16 5
26 17 3
26 18 3
26 19 5
26 20 5
26 21 1
26 22 2
26 23 3
26 24 1
26 25 4
27 0 2
27 1 4
27 2 2
27 3 5
27 4 4
27 5 3
27 6 3
27 7 1
27 8 1
27 9 1
27 10 2
27 11 4
27 12 5
27 13 2
27 14 4
27 15 5
27 16 4
27 17 1
27 18 4
27 19 1
27 20 2
27 21 5
27 22 1
27 23 1
27 24 4
27 25 4
27 26 5
28 0 4
28 1 4
28 2 4
28 3 4
28 4 2
28 5 4
28 6 1
28 7 3
28 8 1
28 9 1
28 10 4
28 11 1
28 12 4
28 13 2
28 14 2
28 15 1
28 16 2
28 17 1
28 18 1
28 19 3
28 20 2
28 21 3
28 22 5
28 23 1
28 24 4
28 25 3
28 26 3
28 27 5
29 0 5
29 1 3
29 2 3
29 3 2
29 4 1
29 5 2
29 6 4
29 7 5
29 8 2
29 9 4
29 10 1
29 11 1
29 12 5
29 13 5
29 14 4
29 15 1
29 16 4
29 17 1
29 18 2
29 19 1
29 20 4
29 21 2
29 22 3
29 23 1
29 24 2
29 25 4
29 26 3
29 27 3
29 28 1
30 0 3
30 1 3
30 2 5
30 3 2
30 4 1
30 5 5
30 6 4
30 7 1
30 8 1
30 9 1
30 10 3
30 11 5
30 12 4
30 13 2
30 14 3
30 15 3
30 16 1
30 17 1
30 18 4
30 19 2
30 20 4
30 21 3
30 22 5
30 23 5
30 24 5
30 25 5
30 26 2
30 27 3
30 28 5
30 29 3
31 0 2
31 1 2
31 2 4
31 3 1
31 4 3
31 5 2
31 6 5
31 7 3
31 8 5
31 9 2
31 10 3
31 11 2
31 12 1
31 13 3
31 14 1
31 15 5
31 16 3
31 17 2
31 18 5
31 19 3
31 20 4
31 21 3
31 22 4
31 23 2
31 24 1
31 25 3
31 26 5
31 27 1
31 28 3
31 29 3
31 30 1
32 0 4
32 1 1
32 2 2
32 3 3
32 4 2
32 5 4
32 6 5
32 7 1
32 8 4
32 9 4
32 10 4
32 11 4
32 12 2
32 13 3
32 14 5
32 15 2
32 16 3
32 17 1
32 18 5
32 19 3
32 20 3
32 21 1
32 22 1
32 23 3
32 24 1
32 25 2
32 26 5
32 27 1
32 28 2
32 29 5
32 30 4
32 31 4
33 0 4
33 1 1
33 2 3
33 3 4
33 4 1
33 5 1
33 6 5
33 7 5
33 8 3
33 9 3
33 10 1
33 11 2
33 12 3
33 13 3
33 14 1
33 15 2
33 16 4
33 17 1
33 18 4
33 19 4
33 20 2
33 21 5
33 22 1
33 23 4
33 24 1
33 25 3
33 26 5
33 27 1
33 28 5
33 29 3
33 30 1
33 31 1
33 32 2
34 0 4
34 1 3
34 2 1
34 3 1
34 4 3
34 5 3
34 6 4
34 7 2
34 8 3
34 9 1
34 10 4
34 11 4
34 12 2
34 13 5
34 14 5
34 15 4
34 16 5
34 17 2
34 18 2
34 19 5
34 20 1
34 21 4
34 22 2
34 23 2
34 24 4
34 25 1
34 26 1
34 27 1
34 28 1
34 29 5
34 30 5
34 31 1
34 32 2
34 33 1
35 0 3
35 1 1
35 2 2
35 3 4
35 4 3
35 5 5
35 6 4
35 7 2
35 8 5
35 9 5
35 10 2
35 11 3
35 12 4
35 13 2
35 14 1
35 15 1
35 16 5
35 17 4
35 18 1
35 19 5
35 20 3
35 21 3
35 22 1
35 23 4
35 24 1
35 25 1
35 26 1
35 27 3
35 28 5
35 29 1
35 30 4
35 31 5
35 32 5
35 33 4
35 34 3
36 0 1
36 1 2
36 2 1
36 3 3
36 4 2
36 5 4
36 6 5
36 7 5
36 8 2
36 9 2
36 10 4
36 11 5
36 12 5
36 13 5
36 14 5
36 15 3
36 16 4
36 17 1
36 18 2
36 19 4
36 20 3
36 21 5
36 22 3
36 23 4
36 24 3
36 25 2
36 26 4
36 27 1
36 28 3
36 29 3
36 30 1
36 31 1
36 32 3
36 33 4
36 34 2
36 35 2
37 0 4
37 1 4
37 2 1
37 3 2
37 4 2
37 5 2
37 6 2
37 7 1
37 8 1
37 9 4
37 10 5
37 11 4
37 12 4
37 13 5
37 14 2
37 15 5
37 16 4
37 17 5
37 18 3
37 19 3
37 20 2
37 21 2
37 22 5
37 23 3
37 24 4
37 25 1
37 26 5
37 27 4
37 28 2
37 29 4
37 30 2
37 31 1
37 32 4
37 33 3
37 34 1
37 35 2
37 36 5
38 0 2
38 1 5
38 2 5
38 3 2
38 4 3
38 5 2
38 6 4
38 7 2
38 8 2
38 9 4
38 10 2
38 11 3
38 12 5
38 13 3
38 14 3
38 15 3
38 16 1
38 17 1
38 18 3
38 19 3
38 20 1
38 21 4
38 22 3
38 23 1
38 24 1
38 25 3
38 26 1
38 27 1
38 28 3
38 29 1
38 30 1
38 31 1
38 32 3
38 33 3
38 34 4
38 35 1
38 36 4
38 37 1
39 0 3
39 1 5
39 2 2
39 3 3
39 4 2
39 5 5
39 6 1
39 7 5
39 8 4
39 9 5
39 10 4
39 11 5
39 12 5
39 13 1
39 14 5
39 15 4
39 16 5
39 17 3
39 18 5
39 19 2
39 20 5
39 21 3
39 22 1
39 23 3
39 24 1
39 25 3
39 26 3
39 27 3
39 28 4
39 29 2
39 30 3
39 31 1
39 32 5
39 33 5
39 34 3
39 35 3
39 36 3
39 37 3
39 38 4
40 0 5
40 1 4
40 2 2
40 3 2
40 4 5
40 5 1
40 6 3
40 7 2
40 8 4
40 9 2
40 10 4
40 11 5
40 12 3
40 13 3
40 14 3
40 15 3
40 16 4
40 17 4
40 18 2
40 19 3
40 20 2
40 21 2
40 22 5
40 23 2
40 24 3
40 25 1
40 26 3
40 27 5
40 28 2
40 29 2
40 30 3
40 31 5
40 32 5
40 33 2
40 34 2
40 35 5
40 36 4
40 37 3
40 38 2
40 39 1
41 0 4
41 1 3
41 2 3
41 3 1
41 4 2
41 5 1
41 6 1
41 7 5
41 8 5
41 9 5
41 10 1
41 11 1
41 12 5
41 13 3
41 14 5
41 15 2
41 16 3
41 17 5
41 18 2
41 19 4
41 20 2
41 21 3
41 22 2
41 23 2
41 24 1
41 25 5
41 26 5
41 27 4
41 28 3
41 29 1
41 30 4
41 31 3
41 32 4
41 33 3
41 34 2
41 35 2
41 36 5
41 37 5
41 38 4
41 39 3
41 40 2
42 0 5
42 1 1
42 2 5
42 3 3
42 4 3
42 5 2
42 6 2
42 7 3
42 8 5
42 9 2
42 10 5
42 11 3
42 12 4
42 13 2
42 14 4
42 15 5
42 16 1
42 17 5
42 18 3
42 19 3
42 20 2
42 21 3
42 22 3
42 23 2
42 24 5
42 25 1
42 26 5
42 27 4
42 28 1
42 29 2
42 30 2
42 31 2
42 32 3
42 33 2
42 34 2
42 35 5
42 36 2
42 37 3
42 38 3
42 39 1
42 40 2
42 41 1
43 0 3
43 1 4
43 2 5
43 3 5
43 4 3
43 5 2
43 6 5
43 7 1
43 8 3
43 9 5
43 10 3
43 11 2
43 12 5
43 13 3
43 14 3
43 15 3
43 16 5
43 17 4
43 18 3
43 19 4
43 20 5
43 21 4
43 22 5
43 23 4
43 24 1
43 25 1
43 26 4
43 27 5
43 28 1
43 29 3
43 30 1
43 31 1
43 32 2
43 33 4
43 34 2
43 35 3
43 36 4
43 37 3
43 38 1
43 39 3
43 40 1
43 41 1
43 42 3
44 0 5
44 1 4
44 2 5
44 3 3
44 4 4
44 5 1
44 6 5
44 7 2
44 8 4
44 9 1
44 10 5
44 11 5
44 12 5
44 13 4
44 14 5
44 15 2
44 16 5
44 17 2
44 18 4
44 19 2
44 20 5
44 21 4
44 22 2
44 23 1
44 24 4
44 25 2
44 26 3
44 27 1
44 28 4
44 29 3
44 30 4
44 31 4
44 32 1
44 33 3
44 34 5
44 35 2
44 36 3
44 37 5
44 38 5
44 39 5
44 40 5
44 41 4
44 42 4
44 43 3
45 0 3
45 1 4
45 2 1
45 3 5
45 4 5
45 5 3
45 6 2
45 7 1
45 8 2
45 9 5
45 10 4
45 11 4
45 12 4
45 13 3
45 14 1
45 15 1
45 16 5
45 17 2
45 18 4
45 19 1
45 20 4
45 21 1
45 22 3
45 23 4
45 24 1
45 25 4
45 26 5
45 27 4
45 28 2
45 29 4
45 30 1
45 31 2
45 32 5
45 33 4
45 34 4
45 35 5
45 36 3
45 37 4
45 38 2
45 39 1
45 40 1
45 41 4
45 42 4
45 43 1
45 44 4
46 0 2
46 1 3
46 2 5
46 3 4
46 4 5
46 5 4
46 6 5
46 7 5
46 8 2
46 9 4
46 10 3
46 11 2
46 12 5
46 13 1
46 14 5
46 15 3
46 16 4
46 17 3
46 18 2
46 19 2
46 20 2
46 21 2
46 22 3
46 23 2
46 24 5
46 25 2
46 26 5
46 27 4
46 28 3
46 29 2
46 30 4
46 31 3
46 32 1
46 33 5
46 34 5
46 35 4
46 36 4
46 37 1
46 38 4
46 39 4
46 40 5
46 41 1
46 42 4
46 43 1
46 44 4
46 45 1
47 0 2
47 1 2
47 2 3
47 3 1
47 4 3
47 5 4
47 6 5
47 7 2
47 8 1
47 9 1
47 10 1
47 11 2
47 12 1
47 13 1
47 14 4
47 15 4
47 16 1
47 17 1
47 18 5
47 19 1
47 20 2
47 21 5
47 22 2
47 23 3
47 24 5
47 25 4
47 26 1
47 27 5
47 28 1
47 29 4
47 30 3
47 31 1
47 32 5
47 33 1
47 34 4
47 35 1
47 36 1
47 37 3
47 38 5
47 39 3
47 40 3
47 41 2
47 42 4
47 43 2
47 44 2
47 45 2
47 46 5
48 0 4
48 1 1
48 2 4
48 3 1
48 4 4
48 5 4
48 6 5
48 7 4
48 8 1
48 9 5
48 10 3
48 11 5
48 12 4
48 13 5
48 14 5
48 15 2
48 16 5
48 17 4
48 18 5
48 19 3
48 20 4
48 21 5
48 22 5
48 23 5
48 24 4
48 25 2
48 26 4
48 27 3
48 28 2
48 29 1
48 30 5
48 31 5
48 32 1
48 33 1
48 34 2
48 35 4
48 36 5
48 37 3
48 38 2
48 39 1
48 40 3
48 41 3
48 42 5
48 43 2
48 44 5
48 45 2
48 46 4
48 47 5
49 0 4
49 1 1
49 2 3
49 3 1
49 4 4
49 5 3
49 6 2
49 7 1
49 8 4
49 9 4
49 10 1
49 11 3
49 12 2
49 13 2
49 14 5
49 15 3
49 16 2
49 17 2
49 18 3
49 19 2
49 20 5
49 21 5
49 22 3
49 23 2
49 24 4
49 25 2
49 26 5
49 27 1
49 28 1
49 29 3
49 30 4
49 31 3
49 32 2
49 33 3
49 34 5
49 35 2
49 36 4
49 37 4
49 38 2
49 39 4
49 40 5
49 41 2
49 42 5
49 43 1
49 44 1
49 45 1
49 46 2
49 47 3
49 48 5
50 0 3
50 1 5
50 2 4
50 3 4
50 4 1
50 5 2
50 6 5
50 7 3
50 8 3
50 9 4
50 10 1
50 11 4
50 12 5
50 13 3
50 14 3
50 15 5
50 16 2
50 17 2
50 18 5
50 19 5
50 20 5
50 21 3
50 22 5
50 23 2
50 24 5
50 25 1
50 26 1
50 27 5
50 28 3
50 29 3
50 30 3
50 31 5
50 32 4
50 33 3
50 34 3
50 35 1
50 36 3
50 37 2
50 38 3
50 39 1
50 40 4
50 41 2
50 42 5
50 43 3
50 44 4
50 45 5
50 46 5
50 47 4
50 48 4
50 49 4
51 0 5
51 1 5
51 2 2
51 3 2
51 4 5
51 5 2
51 6 2
51 7 2
51 8 3
51 9 5
51 10 5
51 11 4
51 12 2
51 13 1
51 14 1
51 15 1
51 16 5
51 17 3
51 18 1
51 19 2
51 20 5
51 21 3
51 22 5
51 23 3
51 24 1
51 25 2
51 26 4
51 27 3
51 28 5
51 29 1
51 30 2
51 31 2
51 32 1
51 33 2
51 34 1
51 35 5
51 36 2
51 37 2
51 38 1
51 39 5
51 40 4
51 41 3
51 42 3
51 43 4
51 44 3
51 45 1
51 46 5
51 47 1
51 48 2
51 49 5
51 50 5
52 0 3
52 1 4
52 2 5
52 3 1
52 4 5
52 5 5
52 6 3
52 7 5
52 8 1
52 9 5
52 10 3
52 11 2
52 12 2
52 13 4
52 14 2
52 15 2
52 16 3
52 17 2
52 18 1
52 19 5
52 20 4
52 21 5
52 22 5
52 23 2
52 24 4
52 25 2
52 26 3
52 27 5
52 28 2
52 29 4
52 30 2
52 31 5
52 32 1
52 33 1
52 34 4
52 35 2
52 36 3
52 37 3
52 38 3
52 39 5
52 40 2
52 41 5
52 42 3
52 43 5
52 44 1
52 45 4
52 46 2
52 47 3
52 48 1
52 49 3
52 50 1
52 51 5
53 0 1
53 1 1
53 2 2
53 3 1
53 4 1
53 5 2
53 6 3
53 7 4
53 8 1
53 9 4
53 10 2
53 11 3
53 12 4
53 13 4
53 14 3
53 15 5
53 16 5
53 17 1
53 18 2
53 19 1
53 20 2
53 21 2
53 22 4
53 23 3
53 24 5
53 25 2
53 26 5
53 27 1
53 28 3
53 29 3
53 30 5
53 31 5
53 32 3
53 33 4
53 34 5
53 35 2
53 36 5
53 37 1
53 38 4
53 39 1
53 40 4
53 41 2
53 42 3
53 43 4
53 44 4
53 45 2
53 46 2
53 47 3
53 48 3
53 49 4
53 50 5
53 51 1
53 52 4
54 0 1
54 1 4
54 2 1
54 3 4
54 4 3
54 5 1
54 6 5
54 7 3
54 8 2
54 9 3
54 10 4
54 11 3
54 12 4
54 13 5
54 14 2
54 15 5
54 16 2
54 17 5
54 18 5
54 19 5
54 20 3
54 21 5
54 22 1
54 23 2
54 24 3
54 25 1
54 26 2
54 27 2
54 28 4
54 29 5
54 30 2
54 31 5
54 32 3
54 33 2
54 34 2
54 35 2
54 36 5
54 37 2
54 38 3
54 39 3
54 40 4
54 41 3
54 42 5
54 43 1
54 44 4
54 45 5
54 46 1
54 47 3
54 48 2
54 49 3
54 50 5
54 51 1
54 52 3
54 53 4
