40
1 0 1
2 0 1
3 1 1
3 2 1
4 0 1
4 1 1
4 2 1
5 4 1
6 0 1
6 4 1
7 0 1
7 2 1
7 4 1
7 5 1
8 0 1
8 1 1
8 4 1
8 5 1
8 7 1
9 2 1
9 3 1
9 4 1
9 8 1
10 5 1
10 7 1
10 8 1
11 0 1
11 1 1
11 2 1
11 3 1
11 4 1
11 5 1
11 6 1
11 7 1
11 10 1
12 0 1
12 1 1
12 3 1
12 4 1
12 6 1
12 10 1
13 0 1
13 1 1
13 3 1
13 5 1
13 6 1
13 7 1
13 9 1
13 10 1
13 11 1
13 12 1
14 2 1
14 4 1
14 6 1
14 9 1
14 10 1
14 11 1
14 12 1
15 0 1
15 1 1
15 3 1
15 5 1
15 6 1
15 9 1
15 11 1
15 13 1
15 14 1
16 0 1
16 2 1
16 5 1
16 8 1
16 10 1
16 11 1
16 12 1
16 13 1
16 14 1
16 15 1
17 2 1
17 3 1
17 4 1
17 6 1
17 7 1
17 9 1
17 11 1
17 16 1
18 1 1
18 4 1
18 5 1
18 6 1
18 8 1
18 9 1
18 10 1
18 12 1
18 15 1
18 16 1
19 1 1
19 2 1
19 10 1
19 14 1
19 16 1
19 17 1
19 18 1
20 0 1
20 1 1
20 2 1
20 3 1
20 4 1
20 5 1
20 7 1
20 10 1
20 11 1
20 12 1
20 15 1
20 16 1
21 0 1
21 1 1
21 2 1
21 4 1
21 5 1
21 6 1
21 7 1
21 8 1
21 10 1
21 11 1
21 12 1
21 14 1
21 15 1
21 16 1
21 17 1
21 19 1
21 20 1
22 1 1
22 2 1
22 3 1
22 5 1
22 7 1
22 8 1
22 9 1
22 11 1
22 12 1
22 13 1
22 14 1
22 15 1
22 17 1
22 19 1
22 21 1
23 0 1
23 2 1
23 3 1
23 4 1
23 5 1
23 8 1
23 9 1
23 11 1
23 12 1
23 13 1
23 16 1
23 19 1
23 20 1
23 21 1
24 0 1
24 5 1
24 6 1
24 7 1
24 11 1
24 12 1
24 13 1
24 14 1
24 15 1
24 16 1
24 17 1
24 20 1
24 23 1
25 0 1
25 1 1
25 2 1
25 3 1
25 7 1
25 8 1
25 13 1
25 14 1
25 17 1
25 18 1
25 19 1
25 21 1
25 24 1
26 0 1
26 6 1
26 7 1
26 8 1
26 10 1
26 11 1
26 12 1
26 15 1
26 16 1
26 17 1
26 22 1
26 23 1
26 25 1
27 0 1
27 1 1
27 2 1
27 4 1
27 9 1
27 11 1
27 12 1
27 14 1
27 16 1
27 17 1
27 24 1
27 25 1
28 3 1
28 6 1
28 7 1
28 8 1
28 9 1
28 10 1
28 12 1
28 13 1
28 15 1
28 17 1
28 19 1
28 22 1
28 23 1
28 24 1
29 0 1
29 3 1
29 4 1
29 6 1
29 7 1
29 8 1
29 11 1
29 18 1
29 19 1
29 21 1
29 22 1
29 24 1
29 26 1
30 0 1
30 7 1
30 9 1
30 10 1
30 11 1
30 12 1
30 13 1
30 15 1
30 20 1
30 22 1
30 23 1
30 25 1
30 26 1
30 29 1
31 5 1
31 6 1
31 7 1
31 12 1
31 13 1
31 16 1
31 17 1
31 18 1
31 20 1
31 22 1
31 25 1
31 26 1
31 27 1
32 3 1
32 4 1
32 6 1
32 7 1
32 8 1
32 9 1
32 10 1
32 11 1
32 14 1
32 15 1
32 16 1
32 18 1
32 19 1
32 20 1
32 21 1
32 22 1
32 24 1
32 26 1
32 28 1
32 30 1
33 0 1
33 1 1
33 4 1
33 7 1
33 8 1
33 9 1
33 11 1
33 12 1
33 13 1
33 17 1
33 20 1
33 22 1
33 25 1
33 28 1
33 29 1
33 30 1
33 32 1
34 0 1
34 1 1
34 2 1
34 4 1
34 5 1
34 9 1
34 10 1
34 12 1
34 13 1
34 16 1
34 17 1
34 18 1
34 19 1
34 23 1
34 24 1
34 26 1
34 27 1
34 29 1
34 30 1
34 31 1
34 32 1
35 1 1
35 3 1
35 4 1
35 5 1
35 7 1
35 8 1
35 11 1
35 13 1
35 15 1
35 18 1
35 21 1
35 22 1
35 23 1
35 24 1
35 28 1
35 29 1
35 31 1
35 33 1
35 34 1
36 1 1
36 3 1
36 4 1
36 5 1
36 8 1
36 10 1
36 11 1
36 14 1
36 15 1
36 16 1
36 17 1
36 18 1
36 19 1
36 20 1
36 23 1
36 26 1
36 29 1
37 1 1
37 2 1
37 4 1
37 5 1
37 6 1
37 7 1
37 8 1
37 9 1
37 11 1
37 12 1
37 13 1
37 18 1
37 19 1
37 20 1
37 21 1
37 23 1
37 27 1
37 28 1
37 29 1
37 32 1
37 34 1
38 1 1
38 3 1
38 4 1
38 6 1
38 8 1
38 10 1
38 12 1
38 14 1
38 17 1
38 18 1
38 19 1
38 22 1
38 23 1
38 24 1
38 25 1
38 26 1
38 32 1
38 37 1
39 4 1
39 6 1
39 8 1
39 9 1
39 12 1
39 13 1
39 15 1
39 20 1
39 21 1
39 22 1
39 24 1
39 25 1
39 31 1
39 33 1
39 34 1
39 35 1
39 36 1
39 38 1
