15
1 0 6
2 0 3
2 1 4
3 0 4
3 1 8
3 2 4
4 0 4
4 1 9
4 2 9
4 3 8
5 0 2
5 1 6
5 2 1
5 3 8
5 4 3
6 0 7
6 1 4
6 2 6
6 3 3
6 4 9
6 5 5
7 0 2
7 1 4
7 2 9
7 3 5
7 4 1
7 5 5
7 6 10
8 0 6
8 1 3
8 2 4
8 3 7
8 4 10
8 5 8
8 6 10
8 7 4
9 0 4
9 1 10
9 2 3
9 3 7
9 4 6
9 5 10
9 6 6
9 7 3
9 8 2
10 0 10
10 1 6
10 2 2
10 3 2
10 4 5
10 5 10
10 6 2
10 7 4
10 8 6
10 9 2
11 0 2
11 1 2
11 2 6
11 3 6
11 4 7
11 5 10
11 6 2
11 7 6
11 8 10
11 9 9
11 10 7
12 0 8
12 1 1
12 2 1
12 3 8
12 4 10
12 5 2
12 6 6
12 7 8
12 8 9
12 9 3
12 10 7
12 11 6
13 0 9
13 1 1
13 2 7
13 3 8
13 4 10
13 5 10
13 6 6
13 7 6
13 8 2
13 9 10
13 10 5
13 11 10
13 12 4
14 0 2
14 1 6
14 2 2
14 3 9
14 4 5
14 5 8
14 6 6
14 7 6
14 8 6
14 9 4
14 10 3
14 11 1
14 12 2
14 13 6
