70
1 0 2
2 0 59
2 1 22
3 0 93
3 1 68
3 2 20
4 0 16
4 1 97
4 2 75
4 3 71
5 0 38
5 1 25
5 2 37
5 3 23
5 4 55
6 0 30
6 1 27
6 2 70
6 3 20
6 4 42
6 5 44
7 0 68
7 1 54
7 2 26
7 3 82
7 4 4
7 5 26
7 6 17
8 0 31
8 1 65
8 2 48
8 3 8
8 4 80
8 5 53
8 6 85
8 7 12
9 0 7
9 1 20
9 2 46
9 3 12
9 4 62
9 5 1
9 6 23
9 7 62
9 8 85
10 0 75
10 1 74
10 2 16
10 3 15
10 4 94
10 5 86
10 6 96
10 7 85
10 8 41
10 9 49
11 0 20
11 1 3
11 2 19
11 3 29
11 4 53
11 5 63
11 6 83
11 7 36
11 8 54
11 9 49
11 10 57
12 0 4
12 1 34
12 2 8
12 3 9
12 4 40
12 5 40
12 6 14
12 7 71
12 8 15
12 9 41
12 10 57
12 11 17
13 0 83
13 1 72
13 2 12
13 3 63
13 4 78
13 5 63
13 6 85
13 7 29
13 8 8
13 9 66
13 10 34
13 11 68
13 12 40
14 0 46
14 1 16
14 2 92
14 3 70
14 4 14
14 5 8
14 6 10
14 7 99
14 8 1
14 9 99
14 10 73
14 11 63
14 12 12
14 13 57
15 0 100
15 1 97
15 2 6
15 3 11
15 4 10
15 5 25
15 6 94
15 7 8
15 8 4
15 9 7
15 10 45
15 11 29
15 12 59
15 13 80
15 14 41
16 0 87
16 1 34
16 2 85
16 3 35
16 4 20
16 5 97
16 6 60
16 7 90
16 8 70
16 9 25
16 10 31
16 11 98
16 12 4
16 13 32
16 14 61
16 15 25
17 0 19
17 1 33
17 2 3
17 3 16
17 4 38
17 5 52
17 6 87
17 7 65
17 8 77
17 9 13
17 10 44
17 11 28
17 12 69
17 13 91
17 14 21
17 15 31
17 16 43
18 0 17
18 1 67
18 2 17
18 3 11
18 4 34
18 5 79
18 6 16
18 7 8
18 8 80
18 9 44
18 10 38
18 11 88
18 12 32
18 13 5
18 14 28
18 15 73
18 16 26
18 17 58
19 0 30
19 1 100
19 2 64
19 3 40
19 4 43
19 5 24
19 6 48
19 7 63
19 8 75
19 9 63
19 10 9
19 11 28
19 12 23
19 13 98
19 14 27
19 15 95
19 16 38
19 17 64
19 18 58
20 0 8
20 1 48
20 2 92
20 3 11
20 4 1
20 5 54
20 6 89
20 7 37
20 8 33
20 9 17
20 10 70
20 11 37
20 12 22
20 13 2
20 14 73
20 15 82
20 16 80
20 17 56
20 18 21
20 19 20
21 0 80
21 1 15
21 2 19
21 3 6
21 4 86
21 5 94
21 6 100
21 7 71
21 8 35
21 9 82
21 10 40
21 11 33
21 12 68
21 13 58
21 14 31
21 15 98
21 16 31
21 17 95
21 18 68
21 19 22
21 20 85
22 0 23
22 1 90
22 2 21
22 3 24
22 4 72
22 5 87
22 6 47
22 7 70
22 8 88
22 9 47
22 10 78
22 11 96
22 12 35
22 13 33
22 14 81
22 15 4
22 16 1
22 17 90
22 18 49
22 19 44
22 20 66
22 21 23
23 0 27
23 1 72
23 2 17
23 3 12
23 4 61
23 5 66
23 6 8
23 7 43
23 8 57
23 9 50
23 10 4
23 11 75
23 12 18
23 13 10
23 14 52
23 15 65
23 16 99
23 17 77
23 18 74
23 19 33
23 20 8
23 21 33
23 22 69
24 0 31
24 1 26
24 2 59
24 3 75
24 4 47
24 5 39
24 6 15
24 7 24
24 8 62
24 9 97
24 10 55
24 11 94
24 12 43
24 13 48
24 14 80
24 15 36
24 16 32
24 17 4
24 18 3
24 19 32
24 20 70
24 21 43
24 22 79
24 23 23
25 0 66
25 1 63
25 2 18
25 3 88
25 4 98
25 5 17
25 6 80
25 7 90
25 8 8
25 9 18
25 10 33
25 11 5
25 12 21
25 13 89
25 14 15
25 15 3
25 16 11
25 17 84
25 18 21
25 19 41
25 20 92
25 21 23
25 22 35
25 23 5
25 24 94
26 0 2
26 1 44
26 2 91
26 3 68
26 4 78
26 5 26
26 6 20
26 7 26
26 8 43
26 9 94
26 10 34
26 11 95
26 12 28
26 13 30
26 14 99
26 15 72
26 16 10
26 17 59
26 18 39
26 19 80
26 20 11
26 21 25
26 22 50
26 23 70
26 24 2
26 25 83
27 0 87
27 1 27
27 2 62
27 3 16
27 4 14
27 5 69
27 6 64
27 7 45
27 8 60
27 9 49
27 10 61
27 11 80
27 12 26
27 13 94
27 14 9
27 15 36
27 16 36
27 17 44
27 18 65
27 19 21
27 20 18
27 21 80
27 22 20
27 23 54
27 24 62
27 25 50
27 26 69
28 0 84
28 1 6
28 2 25
28 3 27
28 4 99
28 5 26
28 6 58
28 7 40
28 8 76
28 9 30
28 10 17
28 11 63
28 12 84
28 13 7
28 14 17
28 15 77
28 16 48
28 17 62
28 18 78
28 19 92
28 20 44
28 21 32
28 22 79
28 23 50
28 24 78
28 25 77
28 26 82
28 27 23
29 0 68
29 1 97
29 2 51
29 3 69
29 4 24
29 5 95
29 6 91
29 7 91
29 8 20
29 9 8
29 10 80
29 11 23
29 12 72
29 13 72
29 14 64
29 15 23
29 16 89
29 17 81
29 18 45
29 19 52
29 20 51
29 21 77
29 22 84
29 23 72
29 24 28
29 25 58
29 26 88
29 27 92
29 28 55
30 0 11
30 1 62
30 2 42
30 3 18
30 4 91
30 5 42
30 6 51
30 7 19
30 8 14
30 9 49
30 10 70
30 11 24
30 12 33
30 13 6
30 14 57
30 15 11
30 16 8
30 17 35
30 18 11
30 19 78
30 20 100
30 21 14
30 22 38
30 23 71
30 24 38
30 25 55
30 26 69
30 27 46
30 28 48
30 29 50
31 0 73
31 1 70
31 2 43
31 3 74
31 4 35
31 5 32
31 6 6
31 7 62
31 8 78
31 9 18
31 10 23
31 11 89
31 12 76
31 13 61
31 14 36
31 15 17
31 16 61
31 17 86
31 18 42
31 19 1
31 20 28
31 21 98
31 22 43
31 23 53
31 24 8
31 25 86
31 26 22
31 27 13
31 28 34
31 29 47
31 30 14
32 0 79
32 1 45
32 2 51
32 3 79
32 4 90
32 5 91
32 6 88
32 7 11
32 8 67
32 9 31
32 10 87
32 11 38
32 12 50
32 13 47
32 14 91
32 15 83
32 16 95
32 17 16
32 18 20
32 19 4
32 20 17
32 21 98
32 22 70
32 23 40
32 24 81
32 25 44
32 26 12
32 27 8
32 28 98
32 29 40
32 30 14
32 31 46
33 0 62
33 1 17
33 2 76
33 3 97
33 4 33
33 5 18
33 6 57
33 7 70
33 8 72
33 9 91
33 10 54
33 11 21
33 12 61
33 13 37
33 14 26
33 15 58
33 16 69
33 17 56
33 18 5
33 19 45
33 20 62
33 21 59
33 22 24
33 23 63
33 24 47
33 25 31
33 26 47
33 27 62
33 28 13
33 29 70
33 30 99
33 31 95
33 32 2
34 0 45
34 1 10
34 2 42
34 3 23
34 4 34
34 5 42
34 6 35
34 7 95
34 8 41
34 9 45
34 10 70
34 11 81
34 12 8
34 13 70
34 14 55
34 15 52
34 16 59
34 17 41
34 18 22
34 19 80
34 20 55
34 21 44
34 22 16
34 23 70
34 24 42
34 25 7
34 26 34
34 27 59
34 28 12
34 29 67
34 30 72
34 31 60
34 32 25
34 33 51
35 0 8
35 1 15
35 2 55
35 3 16
35 4 36
35 5 92
35 6 47
35 7 26
35 8 7
35 9 40
35 10 19
35 11 60
35 12 69
35 13 83
35 14 36
35 15 80
35 16 92
35 17 24
35 18 25
35 19 7
35 20 28
35 21 80
35 22 35
35 23 68
35 24 46
35 25 80
35 26 46
35 27 37
35 28 29
35 29 89
35 30 84
35 31 65
35 32 37
35 33 41
35 34 89
36 0 69
36 1 71
36 2 2
36 3 52
36 4 45
36 5 76
36 6 80
36 7 20
36 8 6
36 9 86
36 10 68
36 11 26
36 12 66
36 13 4
36 14 90
36 15 94
36 16 22
36 17 41
36 18 59
36 19 38
36 20 9
36 21 82
36 22 100
36 23 37
36 24 21
36 25 56
36 26 81
36 27 67
36 28 31
36 29 6
36 30 51
36 31 28
36 32 42
36 33 98
36 34 86
36 35 70
37 0 71
37 1 25
37 2 94
37 3 39
37 4 34
37 5 74
37 6 21
37 7 79
37 8 72
37 9 85
37 10 63
37 11 65
37 12 74
37 13 99
37 14 82
37 15 44
37 16 49
37 17 79
37 18 68
37 19 23
37 20 67
37 21 72
37 22 7
37 23 32
37 24 79
37 25 17
37 26 49
37 27 33
37 28 72
37 29 25
37 30 67
37 31 70
37 32 35
37 33 1
37 34 68
37 35 71
37 36 21
38 0 73
38 1 2
38 2 56
38 3 45
38 4 35
38 5 57
38 6 7
38 7 63
38 8 44
38 9 57
38 10 99
38 11 92
38 12 18
38 13 93
38 14 7
38 15 96
38 16 12
38 17 54
38 18 35
38 19 32
38 20 88
38 21 41
38 22 29
38 23 32
38 24 98
38 25 72
38 26 72
38 27 72
38 28 43
38 29 24
38 30 76
38 31 43
38 32 86
38 33 62
38 34 12
38 35 46
38 36 14
38 37 54
39 0 49
39 1 42
39 2 4
39 3 65
39 4 95
39 5 62
39 6 16
39 7 91
39 8 51
39 9 45
39 10 20
39 11 69
39 12 29
39 13 48
39 14 46
39 15 71
39 16 95
39 17 69
39 18 96
39 19 73
39 20 37
39 21 57
39 22 68
39 23 54
39 24 63
39 25 11
39 26 69
39 27 79
39 28 89
39 29 86
39 30 36
39 31 42
39 32 67
39 33 64
39 34 80
39 35 1
39 36 57
39 37 49
39 38 12
40 0 19
40 1 59
40 2 8
40 3 37
40 4 98
40 5 45
40 6 55
40 7 14
40 8 61
40 9 53
40 10 46
40 11 20
40 12 23
40 13 53
40 14 53
40 15 61
40 16 68
40 17 82
40 18 11
40 19 23
40 20 2
40 21 9
40 22 75
40 23 58
40 24 65
40 25 76
40 26 15
40 27 44
40 28 15
40 29 36
40 30 46
40 31 64
40 32 23
40 33 76
40 34 77
40 35 96
40 36 27
40 37 91
40 38 100
40 39 5
41 0 55
41 1 60
41 2 86
41 3 82
41 4 5
41 5 31
41 6 45
41 7 73
41 8 30
41 9 18
41 10 48
41 11 85
41 12 89
41 13 61
41 14 53
41 15 70
41 16 51
41 17 24
41 18 60
41 19 22
41 20 55
41 21 1
41 22 92
41 23 34
41 24 71
41 25 72
41 26 78
41 27 9
41 28 23
41 29 37
41 30 80
41 31 9
41 32 57
41 33 100
41 34 7
41 35 97
41 36 64
41 37 95
41 38 84
41 39 3
41 40 99
42 0 75
42 1 84
42 2 16
42 3 51
42 4 95
42 5 38
42 6 87
42 7 65
42 8 77
42 9 83
42 10 90
42 11 1
42 12 26
42 13 11
42 14 83
42 15 98
42 16 36
42 17 19
42 18 60
42 19 74
42 20 8
42 21 93
42 22 88
42 23 73
42 24 70
42 25 67
42 26 74
42 27 54
42 28 69
42 29 29
42 30 94
42 31 71
42 32 73
42 33 79
42 34 94
42 35 89
42 36 9
42 37 64
42 38 39
42 39 38
42 40 12
42 41 26
43 0 63
43 1 14
43 2 85
43 3 53
43 4 58
43 5 48
43 6 66
43 7 25
43 8 93
43 9 30
43 10 75
43 11 71
43 12 63
43 13 49
43 14 75
43 15 2
43 16 5
43 17 75
43 18 71
43 19 81
43 20 20
43 21 22
43 22 38
43 23 34
43 24 2
43 25 37
43 26 43
43 27 22
43 28 61
43 29 19
43 30 11
43 31 28
43 32 85
43 33 68
43 34 37
43 35 35
43 36 85
43 37 10
43 38 61
43 39 80
43 40 4
43 41 44
43 42 44
44 0 20
44 1 7
44 2 15
44 3 19
44 4 67
44 5 60
44 6 14
44 7 2
44 8 33
44 9 82
44 10 41
44 11 87
44 12 28
44 13 22
44 14 1
44 15 67
44 16 98
44 17 83
44 18 5
44 19 44
44 20 71
44 21 19
44 22 100
44 23 22
44 24 82
44 25 58
44 26 63
44 27 6
44 28 68
44 29 34
44 30 12
44 31 47
44 32 70
44 33 31
44 34 26
44 35 91
44 36 78
44 37 69
44 38 87
44 39 37
44 40 2
44 41 92
44 42 80
44 43 25
45 0 61
45 1 25
45 2 3
45 3 75
45 4 19
45 5 26
45 6 89
45 7 68
45 8 17
45 9 41
45 10 41
45 11 49
45 12 66
45 13 33
45 14 13
45 15 73
45 16 15
45 17 55
45 18 14
45 19 36
45 20 3
45 21 83
45 22 98
45 23 59
45 24 52
45 25 24
45 26 81
45 27 17
45 28 75
45 29 68
45 30 87
45 31 33
45 32 93
45 33 58
45 34 15
45 35 71
45 36 88
45 37 84
45 38 99
45 39 12
45 40 47
45 41 26
45 42 64
45 43 87
45 44 49
46 0 12
46 1 37
46 2 99
46 3 28
46 4 63
46 5 53
46 6 66
46 7 5
46 8 31
46 9 54
46 10 61
46 11 48
46 12 58
46 13 88
46 14 38
46 15 49
46 16 23
46 17 50
46 18 57
46 19 87
46 20 40
46 21 8
46 22 63
46 23 30
46 24 22
46 25 36
46 26 69
46 27 5
46 28 42
46 29 22
46 30 57
46 31 21
46 32 42
46 33 20
46 34 88
46 35 35
46 36 71
46 37 98
46 38 95
46 39 97
46 40 56
46 41 59
46 42 95
46 43 5
46 44 45
46 45 56
47 0 40
47 1 68
47 2 58
47 3 38
47 4 2
47 5 47
47 6 47
47 7 86
47 8 52
47 9 26
47 10 62
47 11 18
47 12 89
47 13 39
47 14 39
47 15 86
47 16 18
47 17 43
47 18 99
47 19 100
47 20 94
47 21 27
47 22 93
47 23 26
47 24 67
47 25 83
47 26 46
47 27 67
47 28 9
47 29 87
47 30 86
47 31 18
47 32 3
47 33 69
47 34 47
47 35 42
47 36 22
47 37 62
47 38 9
47 39 29
47 40 25
47 41 60
47 42 76
47 43 17
47 44 65
47 45 37
47 46 42
48 0 92
48 1 65
48 2 86
48 3 81
48 4 4
48 5 15
48 6 98
48 7 43
48 8 57
48 9 7
48 10 87
48 11 80
48 12 57
48 13 90
48 14 19
48 15 99
48 16 43
48 17 32
48 18 18
48 19 36
48 20 13
48 21 6
48 22 41
48 23 93
48 24 35
48 25 43
48 26 57
48 27 76
48 28 4
48 29 28
48 30 73
48 31 38
48 32 75
48 33 13
48 34 72
48 35 99
48 36 93
48 37 83
48 38 85
48 39 20
48 40 99
48 41 9
48 42 94
48 43 24
48 44 75
48 45 59
48 46 32
48 47 14
49 0 70
49 1 50
49 2 54
49 3 24
49 4 4
49 5 75
49 6 60
49 7 1
49 8 57
49 9 32
49 10 24
49 11 5
49 12 87
49 13 36
49 14 44
49 15 67
49 16 13
49 17 91
49 18 16
49 19 69
49 20 99
49 21 54
49 22 11
49 23 99
49 24 87
49 25 31
49 26 91
49 27 21
49 28 75
49 29 59
49 30 1
49 31 57
49 32 50
49 33 89
49 34 26
49 35 63
49 36 12
49 37 69
49 38 99
49 39 57
49 40 49
49 41 75
49 42 87
49 43 26
49 44 49
49 45 64
49 46 12
49 47 18
49 48 67
50 0 31
50 1 64
50 2 97
50 3 68
50 4 1
50 5 24
50 6 24
50 7 27
50 8 78
50 9 9
50 10 78
50 11 59
50 12 44
50 13 85
50 14 48
50 15 90
50 16 81
50 17 39
50 18 41
50 19 17
50 20 40
50 21 82
50 22 97
50 23 100
50 24 1
50 25 40
50 26 16
50 27 96
50 28 94
50 29 46
50 30 13
50 31 22
50 32 61
50 33 36
50 34 78
50 35 98
50 36 99
50 37 37
50 38 96
50 39 30
50 40 100
50 41 60
50 42 62
50 43 18
50 44 74
50 45 71
50 46 86
50 47 90
50 48 47
50 49 88
51 0 77
51 1 22
51 2 39
51 3 22
51 4 60
51 5 81
51 6 78
51 7 77
51 8 52
51 9 91
51 10 8
51 11 58
51 12 1
51 13 28
51 14 94
51 15 66
51 16 78
51 17 83
51 18 25
51 19 68
51 20 67
51 21 59
51 22 79
51 23 82
51 24 85
51 25 71
51 26 100
51 27 10
51 28 41
51 29 82
51 30 87
51 31 4
51 32 10
51 33 96
51 34 9
51 35 54
51 36 82
51 37 82
51 38 99
51 39 36
51 40 5
51 41 96
51 42 78
51 43 50
51 44 47
51 45 37
51 46 16
51 47 40
51 48 31
51 49 53
51 50 37
52 0 83
52 1 27
52 2 67
52 3 21
52 4 75
52 5 100
52 6 11
52 7 61
52 8 62
52 9 48
52 10 76
52 11 74
52 12 92
52 13 92
52 14 13
52 15 76
52 16 85
52 17 81
52 18 52
52 19 79
52 20 42
52 21 31
52 22 15
52 23 55
52 24 50
52 25 25
52 26 51
52 27 83
52 28 43
52 29 29
52 30 11
52 31 75
52 32 38
52 33 97
52 34 35
52 35 45
52 36 47
52 37 86
52 38 37
52 39 70
52 40 33
52 41 92
52 42 97
52 43 42
52 44 72
52 45 75
52 46 93
52 47 40
52 48 26
52 49 52
52 50 42
52 51 41
53 0 45
53 1 58
53 2 32
53 3 61
53 4 53
53 5 6
53 6 55
53 7 5
53 8 92
53 9 6
53 10 78
53 11 46
53 12 12
53 13 18
53 14 19
53 15 76
53 16 49
53 17 45
53 18 4
53 19 4
53 20 19
53 21 2
53 22 28
53 23 78
53 24 22
53 25 2
53 26 42
53 27 62
53 28 40
53 29 56
53 30 46
53 31 8
53 32 59
53 33 82
53 34 54
53 35 80
53 36 65
53 37 51
53 38 61
53 39 43
53 40 81
53 41 39
53 42 31
53 43 15
53 44 58
53 45 42
53 46 84
53 47 32
53 48 20
53 49 88
53 50 56
53 51 99
53 52 44
54 0 43
54 1 46
54 2 10
54 3 13
54 4 2
54 5 94
54 6 60
54 7 75
54 8 11
54 9 38
54 10 92
54 11 7
54 12 51
54 13 49
54 14 45
54 15 38
54 16 99
54 17 49
54 18 92
54 19 23
54 20 29
54 21 45
54 22 97
54 23 34
54 24 26
54 25 50
54 26 19
54 27 27
54 28 25
54 29 69
54 30 38
54 31 1
54 32 3
54 33 68
54 34 2
54 35 56
54 36 75
54 37 49
54 38 95
54 39 13
54 40 81
54 41 16
54 42 89
54 43 57
54 44 62
54 45 89
54 46 34
54 47 18
54 48 61
54 49 8
54 50 79
54 51 85
54 52 100
54 53 33
55 0 49
55 1 52
55 2 16
55 3 28
55 4 18
55 5 1
55 6 60
55 7 96
55 8 41
55 9 95
55 10 85
55 11 89
55 12 39
55 13 38
55 14 87
55 15 19
55 16 63
55 17 4
55 18 70
55 19 41
55 20 66
55 21 68
55 22 48
55 23 89
55 24 60
55 25 77
55 26 6
55 27 74
55 28 49
55 29 35
55 30 81
55 31 87
55 32 56
55 33 11
55 34 44
55 35 64
55 36 79
55 37 85
55 38 79
55 39 100
55 40 56
55 41 81
55 42 100
55 43 22
55 44 25
55 45 66
55 46 57
55 47 60
55 48 89
55 49 8
55 50 9
55 51 79
55 52 50
55 53 26
55 54 68
56 0 47
56 1 54
56 2 62
56 3 56
56 4 72
56 5 58
56 6 78
56 7 5
56 8 17
56 9 26
56 10 45
56 11 15
56 12 79
56 13 7
56 14 69
56 15 39
56 16 1
56 17 52
56 18 4
56 19 53
56 20 42
56 21 65
56 22 4
56 23 51
56 24 23
56 25 12
56 26 39
56 27 49
56 28 40
56 29 25
56 30 84
56 31 3
56 32 89
56 33 68
56 34 30
56 35 75
56 36 60
56 37 62
56 38 99
56 39 94
56 40 96
56 41 79
56 42 55
56 43 98
56 44 8
56 45 59
56 46 33
56 47 62
56 48 13
56 49 6
56 50 43
56 51 39
56 52 20
56 53 63
56 54 18
56 55 71
57 0 86
57 1 78
57 2 2
57 3 51
57 4 19
57 5 14
57 6 8
57 7 38
57 8 3
57 9 54
57 10 90
57 11 60
57 12 62
57 13 8
57 14 4
57 15 51
57 16 94
57 17 37
57 18 60
57 19 18
57 20 41
57 21 27
57 22 86
57 23 24
57 24 86
57 25 96
57 26 48
57 27 29
57 28 73
57 29 9
57 30 12
57 31 45
57 32 98
57 33 35
57 34 34
57 35 77
57 36 39
57 37 80
57 38 13
57 39 61
57 40 86
57 41 62
57 42 44
57 43 29
57 44 18
57 45 26
57 46 56
57 47 52
57 48 24
57 49 15
57 50 29
57 51 46
57 52 67
57 53 36
57 54 10
57 55 45
57 56 47
58 0 90
58 1 85
58 2 63
58 3 95
58 4 69
58 5 73
58 6 19
58 7 22
58 8 14
58 9 48
58 10 79
58 11 87
58 12 5
58 13 6
58 14 48
58 15 80
58 16 27
58 17 29
58 18 16
58 19 16
58 20 18
58 21 23
58 22 35
58 23 82
58 24 14
58 25 24
58 26 89
58 27 9
58 28 28
58 29 96
58 30 79
58 31 39
58 32 40
58 33 70
58 34 40
58 35 5
58 36 79
58 37 8
58 38 45
58 39 69
58 40 30
58 41 68
58 42 91
58 43 59
58 44 91
58 45 23
58 46 56
58 47 15
58 48 63
58 49 55
58 50 59
58 51 37
58 52 50
58 53 14
58 54 91
58 55 84
58 56 8
58 57 45
59 0 80
59 1 69
59 2 60
59 3 88
59 4 10
59 5 62
59 6 66
59 7 17
59 8 8
59 9 84
59 10 31
59 11 86
59 12 76
59 13 47
59 14 64
59 15 75
59 16 20
59 17 98
59 18 45
59 19 77
59 20 13
59 21 47
59 22 49
59 23 47
59 24 90
59 25 98
59 26 41
59 27 19
59 28 55
59 29 11
59 30 36
59 31 63
59 32 72
59 33 68
59 34 86
59 35 23
59 36 33
59 37 18
59 38 56
59 39 74
59 40 58
59 41 15
59 42 69
59 43 80
59 44 53
59 45 95
59 46 62
59 47 45
59 48 36
59 49 36
59 50 69
59 51 89
59 52 10
59 53 5
59 54 24
59 55 86
59 56 27
59 57 86
59 58 54
60 0 52
60 1 99
60 2 47
60 3 92
60 4 67
60 5 25
60 6 84
60 7 56
60 8 71
60 9 56
60 10 43
60 11 48
60 12 64
60 13 8
60 14 27
60 15 75
60 16 5
60 17 97
60 18 28
60 19 16
60 20 88
60 21 62
60 22 35
60 23 55
60 24 36
60 25 89
60 26 22
60 27 75
60 28 49
60 29 66
60 30 4
60 31 87
60 32 91
60 33 15
60 34 21
60 35 19
60 36 2
60 37 98
60 38 96
60 39 100
60 40 75
60 41 80
60 42 56
60 43 24
60 44 28
60 45 2
60 46 32
60 47 62
60 48 62
60 49 100
60 50 72
60 51 63
60 52 93
60 53 65
60 54 25
60 55 71
60 56 89
60 57 36
60 58 84
60 59 28
61 0 50
61 1 67
61 2 10
61 3 67
61 4 18
61 5 16
61 6 46
61 7 95
61 8 10
61 9 40
61 10 22
61 11 23
61 12 94
61 13 97
61 14 94
61 15 2
61 16 62
61 17 92
61 18 68
61 19 63
61 20 74
61 21 14
61 22 13
61 23 72
61 24 66
61 25 48
61 26 47
61 27 55
61 28 54
61 29 70
61 30 68
61 31 39
61 32 79
61 33 50
61 34 56
61 35 32
61 36 59
61 37 18
61 38 61
61 39 26
61 40 69
61 41 80
61 42 60
61 43 93
61 44 41
61 45 78
61 46 57
61 47 26
61 48 63
61 49 37
61 50 40
61 51 24
61 52 32
61 53 44
61 54 30
61 55 35
61 56 69
61 57 39
61 58 93
61 59 4
61 60 12
62 0 36
62 1 80
62 2 86
62 3 45
62 4 83
62 5 33
62 6 31
62 7 28
62 8 36
62 9 72
62 10 37
62 11 37
62 12 17
62 13 33
62 14 32
62 15 24
62 16 61
62 17 45
62 18 53
62 19 62
62 20 86
62 21 56
62 22 92
62 23 31
62 24 35
62 25 39
62 26 56
62 27 64
62 28 83
62 29 47
62 30 64
62 31 60
62 32 92
62 33 98
62 34 58
62 35 17
62 36 71
62 37 7
62 38 10
62 39 63
62 40 70
62 41 91
62 42 60
62 43 90
62 44 13
62 45 21
62 46 11
62 47 90
62 48 48
62 49 99
62 50 50
62 51 72
62 52 73
62 53 74
62 54 8
62 55 12
62 56 69
62 57 33
62 58 44
62 59 53
62 60 30
62 61 25
63 0 24
63 1 52
63 2 3
63 3 14
63 4 43
63 5 60
63 6 49
63 7 61
63 8 1
63 9 70
63 10 1
63 11 77
63 12 31
63 13 64
63 14 80
63 15 9
63 16 31
63 17 61
63 18 89
63 19 45
63 20 79
63 21 25
63 22 9
63 23 40
63 24 97
63 25 6
63 26 46
63 27 24
63 28 5
63 29 14
63 30 28
63 31 17
63 32 1
63 33 39
63 34 28
63 35 71
63 36 25
63 37 82
63 38 74
63 39 37
63 40 18
63 41 62
63 42 79
63 43 78
63 44 70
63 45 94
63 46 76
63 47 27
63 48 25
63 49 76
63 50 78
63 51 30
63 52 91
63 53 12
63 54 67
63 55 27
63 56 56
63 57 69
63 58 86
63 59 81
63 60 27
63 61 50
63 62 14
64 0 23
64 1 36
64 2 10
64 3 16
64 4 7
64 5 71
64 6 70
64 7 12
64 8 74
64 9 42
64 10 99
64 11 10
64 12 72
64 13 83
64 14 57
64 15 89
64 16 85
64 17 40
64 18 34
64 19 39
64 20 67
64 21 14
64 22 27
64 23 78
64 24 77
64 25 49
64 26 27
64 27 10
64 28 73
64 29 77
64 30 22
64 31 3
64 32 2
64 33 82
64 34 32
64 35 92
64 36 94
64 37 18
64 38 32
64 39 30
64 40 54
64 41 14
64 42 32
64 43 54
64 44 3
64 45 44
64 46 9
64 47 33
64 48 20
64 49 31
64 50 32
64 51 20
64 52 72
64 53 47
64 54 3
64 55 20
64 56 42
64 57 93
64 58 13
64 59 35
64 60 9
64 61 87
64 62 93
64 63 79
65 0 5
65 1 94
65 2 92
65 3 49
65 4 77
65 5 73
65 6 39
65 7 88
65 8 34
65 9 29
65 10 39
65 11 9
65 12 28
65 13 91
65 14 31
65 15 35
65 16 34
65 17 52
65 18 6
65 19 82
65 20 6
65 21 47
65 22 58
65 23 6
65 24 25
65 25 55
65 26 13
65 27 65
65 28 76
65 29 47
65 30 68
65 31 86
65 32 18
65 33 22
65 34 37
65 35 37
65 36 20
65 37 92
65 38 62
65 39 28
65 40 96
65 41 19
65 42 70
65 43 7
65 44 54
65 45 14
65 46 64
65 47 29
65 48 34
65 49 46
65 50 74
65 51 90
65 52 18
65 53 22
65 54 29
65 55 79
65 56 18
65 57 34
65 58 99
65 59 80
65 60 85
65 61 95
65 62 38
65 63 19
65 64 3
66 0 1
66 1 14
66 2 59
66 3 39
66 4 82
66 5 18
66 6 64
66 7 80
66 8 50
66 9 85
66 10 100
66 11 77
66 12 47
66 13 53
66 14 43
66 15 73
66 16 36
66 17 72
66 18 4
66 19 81
66 20 21
66 21 18
66 22 1
66 23 45
66 24 59
66 25 78
66 26 28
66 27 7
66 28 7
66 29 12
66 30 14
66 31 41
66 32 38
66 33 10
66 34 56
66 35 50
66 36 83
66 37 5
66 38 77
66 39 29
66 40 12
66 41 94
66 42 54
66 43 29
66 44 56
66 45 87
66 46 93
66 47 92
66 48 14
66 49 99
66 50 69
66 51 36
66 52 25
66 53 33
66 54 40
66 55 4
66 56 76
66 57 26
66 58 15
66 59 14
66 60 90
66 61 67
66 62 38
66 63 67
66 64 8
66 65 96
67 0 99
67 1 5
67 2 62
67 3 47
67 4 99
67 5 29
67 6 6
67 7 99
67 8 36
67 9 10
67 10 33
67 11 39
67 12 72
67 13 58
67 14 34
67 15 56
67 16 5
67 17 31
67 18 36
67 19 24
67 20 66
67 21 4
67 22 41
67 23 32
67 24 94
67 25 24
67 26 68
67 27 84
67 28 82
67 29 17
67 30 42
67 31 63
67 32 81
67 33 34
67 34 6
67 35 32
67 36 9
67 37 49
67 38 37
67 39 37
67 40 9
67 41 37
67 42 86
67 43 8
67 44 39
67 45 7
67 46 1
67 47 87
67 48 1
67 49 63
67 50 71
67 51 26
67 52 40
67 53 7
67 54 7
67 55 38
67 56 59
67 57 36
67 58 77
67 59 90
67 60 47
67 61 63
67 62 17
67 63 66
67 64 6
67 65 86
67 66 8
68 0 54
68 1 21
68 2 79
68 3 5
68 4 15
68 5 20
68 6 78
68 7 28
68 8 58
68 9 13
68 10 86
68 11 63
68 12 17
68 13 1
68 14 18
68 15 47
68 16 1
68 17 2
68 18 71
68 19 19
68 20 78
68 21 33
68 22 73
68 23 56
68 24 95
68 25 42
68 26 58
68 27 47
68 28 64
68 29 83
68 30 67
68 31 59
68 32 52
68 33 75
68 34 78
68 35 96
68 36 55
68 37 91
68 38 96
68 39 66
68 40 59
68 41 61
68 42 87
68 43 98
68 44 98
68 45 97
68 46 10
68 47 78
68 48 78
68 49 64
68 50 86
68 51 99
68 52 21
68 53 59
68 54 23
68 55 32
68 56 38
68 57 66
68 58 73
68 59 76
68 60 59
68 61 11
68 62 87
68 63 42
68 64 53
68 65 30
68 66 5
68 67 71
69 0 34
69 1 10
69 2 91
69 3 99
69 4 27
69 5 91
69 6 97
69 7 11
69 8 44
69 9 20
69 10 27
69 11 63
69 12 92
69 13 3
69 14 19
69 15 44
69 16 11
69 17 92
69 18 81
69 19 17
69 20 26
69 21 6
69 22 40
69 23 65
69 24 38
69 25 74
69 26 93
69 27 18
69 28 12
69 29 49
69 30 68
69 31 57
69 32 22
69 33 20
69 34 35
69 35 98
69 36 68
69 37 39
69 38 29
69 39 18
69 40 75
69 41 31
69 42 62
69 43 73
69 44 25
69 45 45
69 46 52
69 47 10
69 48 8
69 49 89
69 50 86
69 51 95
69 52 72
69 53 22
69 54 94
69 55 84
69 56 15
69 57 32
69 58 15
69 59 19
69 60 49
69 61 96
69 62 60
69 63 37
69 64 26
69 65 14
69 66 20
69 67 8
69 68 15
