25
2 1 81
3 0 87
3 1 64
4 1 8
4 2 72
5 0 14
5 1 73
5 2 76
5 3 37
5 4 57
6 0 61
6 2 91
6 3 79
6 5 71
7 0 54
7 1 58
7 2 61
7 4 51
8 1 4
8 4 54
8 5 19
8 7 78
9 2 51
9 3 1
9 5 54
9 7 13
10 1 9
10 6 31
10 8 45
10 9 6
11 0 35
11 1 96
11 2 55
11 5 50
11 6 22
11 8 57
11 10 50
12 0 34
12 1 25
12 2 14
12 3 40
12 6 94
12 7 3
12 10 50
12 11 79
13 3 10
13 4 30
13 5 60
13 9 16
13 10 91
13 11 80
13 12 84
14 0 71
14 2 6
14 4 34
14 5 97
14 6 27
14 8 56
14 9 55
14 10 2
15 0 83
15 4 9
15 5 26
15 6 41
15 10 56
15 11 54
15 14 98
16 0 87
16 3 95
16 5 11
16 6 1
16 9 41
16 10 29
16 11 82
16 14 29
17 0 92
17 4 80
17 6 98
17 7 15
17 11 12
17 13 46
17 15 71
18 0 65
18 8 16
18 11 53
18 12 63
18 16 67
19 0 56
19 1 68
19 6 63
19 8 100
19 9 19
19 14 83
19 17 93
19 18 68
20 0 44
20 3 16
20 5 95
20 6 81
20 7 62
20 9 42
20 11 52
20 15 86
20 18 45
21 0 1
21 1 20
21 2 88
21 3 43
21 4 47
21 5 5
21 6 6
21 8 80
21 9 9
21 11 75
21 20 50
22 0 2
22 3 17
22 7 51
22 8 64
22 16 73
22 17 10
22 18 32
22 19 39
22 20 87
23 0 18
23 1 72
23 2 44
23 3 19
23 5 23
23 8 58
23 10 42
23 12 2
23 16 92
23 19 13
23 21 21
24 0 4
24 1 4
24 2 89
24 3 7
24 4 4
24 8 17
24 12 87
24 13 58
24 14 85
24 15 83
24 16 34
24 20 48
