60
1 0 1
2 0 1
2 1 1
3 0 1
3 1 1
3 2 1
5 0 1
5 2 1
5 4 1
7 0 1
7 4 1
7 6 1
8 0 1
8 1 1
8 3 1
8 7 1
9 0 1
9 1 1
9 3 1
9 4 1
9 5 1
9 6 1
9 8 1
10 1 1
10 4 1
10 6 1
10 7 1
10 9 1
11 0 1
11 1 1
11 2 1
11 3 1
11 5 1
11 7 1
11 10 1
12 6 1
12 8 1
12 9 1
12 10 1
12 11 1
13 3 1
13 5 1
13 8 1
13 9 1
13 10 1
14 0 1
14 1 1
14 4 1
14 5 1
14 6 1
14 7 1
14 8 1
14 10 1
14 11 1
15 0 1
15 2 1
15 3 1
15 9 1
15 11 1
15 14 1
16 3 1
16 4 1
16 5 1
16 8 1
16 9 1
16 10 1
16 11 1
16 13 1
16 14 1
16 15 1
17 0 1
17 1 1
17 3 1
17 4 1
17 6 1
17 7 1
17 11 1
17 12 1
17 15 1
17 16 1
18 0 1
18 1 1
18 10 1
18 12 1
18 14 1
18 15 1
18 16 1
18 17 1
19 0 1
19 2 1
19 3 1
19 8 1
19 9 1
19 10 1
19 12 1
19 16 1
19 18 1
20 4 1
20 5 1
20 8 1
20 10 1
20 12 1
20 13 1
20 15 1
20 18 1
20 19 1
21 2 1
21 3 1
21 5 1
21 6 1
21 7 1
21 8 1
21 11 1
21 12 1
21 13 1
21 14 1
21 15 1
21 19 1
21 20 1
22 2 1
22 3 1
22 5 1
22 6 1
22 7 1
22 17 1
22 19 1
23 0 1
23 1 1
23 3 1
23 5 1
23 6 1
23 9 1
23 10 1
23 14 1
23 15 1
23 19 1
23 21 1
23 22 1
24 0 1
24 2 1
24 3 1
24 4 1
24 6 1
24 7 1
24 8 1
24 9 1
24 12 1
24 13 1
24 14 1
24 15 1
24 16 1
24 18 1
24 22 1
24 23 1
25 5 1
25 8 1
25 9 1
25 11 1
25 13 1
25 14 1
25 17 1
25 24 1
26 0 1
26 2 1
26 3 1
26 5 1
26 6 1
26 7 1
26 10 1
26 12 1
26 13 1
26 17 1
26 21 1
26 23 1
26 24 1
26 25 1
27 5 1
27 6 1
27 8 1
27 9 1
27 15 1
27 17 1
27 20 1
28 0 1
28 3 1
28 4 1
28 5 1
28 6 1
28 8 1
28 11 1
28 13 1
28 15 1
28 17 1
28 18 1
28 19 1
28 20 1
28 22 1
28 23 1
28 24 1
28 25 1
28 27 1
29 0 1
29 1 1
29 2 1
29 3 1
29 4 1
29 7 1
29 12 1
29 14 1
29 15 1
29 16 1
29 19 1
29 21 1
29 24 1
29 25 1
30 0 1
30 3 1
30 5 1
30 7 1
30 9 1
30 10 1
30 12 1
30 17 1
30 18 1
30 21 1
30 23 1
30 26 1
30 29 1
31 0 1
31 6 1
31 10 1
31 14 1
31 16 1
31 22 1
31 25 1
31 26 1
31 29 1
32 0 1
32 1 1
32 2 1
32 3 1
32 4 1
32 7 1
32 8 1
32 10 1
32 14 1
32 15 1
32 16 1
32 18 1
32 19 1
32 27 1
32 31 1
33 1 1
33 3 1
33 4 1
33 6 1
33 7 1
33 8 1
33 12 1
33 13 1
33 14 1
33 24 1
33 25 1
33 27 1
33 30 1
33 32 1
34 0 1
34 1 1
34 2 1
34 3 1
34 5 1
34 6 1
34 10 1
34 11 1
34 15 1
34 17 1
34 18 1
34 19 1
34 21 1
34 26 1
34 27 1
34 29 1
34 33 1
35 0 1
35 1 1
35 2 1
35 3 1
35 4 1
35 8 1
35 14 1
35 18 1
35 19 1
35 20 1
35 22 1
35 23 1
35 29 1
35 30 1
35 31 1
35 33 1
35 34 1
36 0 1
36 2 1
36 4 1
36 5 1
36 7 1
36 8 1
36 11 1
36 12 1
36 13 1
36 17 1
36 20 1
36 25 1
36 26 1
36 27 1
36 30 1
36 31 1
36 33 1
36 34 1
36 35 1
37 3 1
37 5 1
37 6 1
37 8 1
37 9 1
37 10 1
37 11 1
37 12 1
37 13 1
37 15 1
37 16 1
37 17 1
37 18 1
37 20 1
37 21 1
37 25 1
37 29 1
37 31 1
37 33 1
37 34 1
37 36 1
38 1 1
38 2 1
38 3 1
38 6 1
38 7 1
38 8 1
38 9 1
38 10 1
38 11 1
38 12 1
38 13 1
38 14 1
38 15 1
38 17 1
38 18 1
38 19 1
38 20 1
38 21 1
38 22 1
38 23 1
38 25 1
38 37 1
39 0 1
39 1 1
39 2 1
39 3 1
39 4 1
39 5 1
39 6 1
39 9 1
39 10 1
39 15 1
39 16 1
39 17 1
39 18 1
39 20 1
39 21 1
39 22 1
39 27 1
39 28 1
39 30 1
39 31 1
39 33 1
39 35 1
40 1 1
40 2 1
40 4 1
40 6 1
40 7 1
40 8 1
40 9 1
40 10 1
40 11 1
40 14 1
40 16 1
40 18 1
40 19 1
40 20 1
40 21 1
40 22 1
40 24 1
40 28 1
40 30 1
40 32 1
40 34 1
40 37 1
40 38 1
40 39 1
41 3 1
41 4 1
41 6 1
41 9 1
41 10 1
41 11 1
41 12 1
41 13 1
41 14 1
41 16 1
41 17 1
41 21 1
41 22 1
41 26 1
41 27 1
41 28 1
41 30 1
41 33 1
41 37 1
41 39 1
41 40 1
42 1 1
42 5 1
42 7 1
42 10 1
42 13 1
42 15 1
42 17 1
42 18 1
42 21 1
42 23 1
42 27 1
42 31 1
42 32 1
42 33 1
42 34 1
42 36 1
42 38 1
42 39 1
43 0 1
43 2 1
43 6 1
43 7 1
43 8 1
43 10 1
43 11 1
43 13 1
43 14 1
43 16 1
43 19 1
43 21 1
43 22 1
43 23 1
43 25 1
43 27 1
43 29 1
43 30 1
43 31 1
43 32 1
43 33 1
43 34 1
43 35 1
43 36 1
43 37 1
43 39 1
43 40 1
43 41 1
44 1 1
44 4 1
44 5 1
44 6 1
44 10 1
44 11 1
44 12 1
44 13 1
44 16 1
44 18 1
44 20 1
44 21 1
44 23 1
44 25 1
44 29 1
44 30 1
44 32 1
44 33 1
44 35 1
44 36 1
44 37 1
44 39 1
45 1 1
45 5 1
45 9 1
45 11 1
45 13 1
45 16 1
45 17 1
45 19 1
45 20 1
45 21 1
45 23 1
45 24 1
45 26 1
45 27 1
45 28 1
45 31 1
45 34 1
45 35 1
46 0 1
46 1 1
46 2 1
46 4 1
46 6 1
46 8 1
46 9 1
46 11 1
46 12 1
46 14 1
46 16 1
46 20 1
46 24 1
46 28 1
46 30 1
46 31 1
46 32 1
46 33 1
46 34 1
46 35 1
46 36 1
46 37 1
46 38 1
46 41 1
46 42 1
47 0 1
47 2 1
47 12 1
47 16 1
47 19 1
47 20 1
47 21 1
47 22 1
47 26 1
47 27 1
47 31 1
47 32 1
47 34 1
47 38 1
47 43 1
47 44 1
47 46 1
48 2 1
48 4 1
48 6 1
48 9 1
48 10 1
48 11 1
48 14 1
48 17 1
48 18 1
48 19 1
48 23 1
48 24 1
48 27 1
48 29 1
48 30 1
48 33 1
48 34 1
48 38 1
48 39 1
48 44 1
48 45 1
48 47 1
49 5 1
49 7 1
49 9 1
49 11 1
49 12 1
49 13 1
49 14 1
49 15 1
49 16 1
49 17 1
49 22 1
49 23 1
49 25 1
49 26 1
49 27 1
49 28 1
49 30 1
49 31 1
49 33 1
49 35 1
49 36 1
49 38 1
49 39 1
49 42 1
49 43 1
49 44 1
49 46 1
49 47 1
49 48 1
50 0 1
50 1 1
50 2 1
50 9 1
50 11 1
50 12 1
50 14 1
50 16 1
50 17 1
50 18 1
50 19 1
50 24 1
50 28 1
50 29 1
50 31 1
50 32 1
50 36 1
50 37 1
50 38 1
50 40 1
50 41 1
50 42 1
50 43 1
50 46 1
50 47 1
50 49 1
51 0 1
51 2 1
51 4 1
51 5 1
51 8 1
51 12 1
51 13 1
51 14 1
51 15 1
51 16 1
51 19 1
51 24 1
51 25 1
51 27 1
51 32 1
51 33 1
51 37 1
51 39 1
51 41 1
51 44 1
51 47 1
51 49 1
52 0 1
52 1 1
52 3 1
52 5 1
52 9 1
52 11 1
52 12 1
52 13 1
52 14 1
52 19 1
52 24 1
52 25 1
52 29 1
52 32 1
52 36 1
52 39 1
52 42 1
52 43 1
52 44 1
52 46 1
52 48 1
53 0 1
53 1 1
53 3 1
53 7 1
53 8 1
53 9 1
53 10 1
53 11 1
53 12 1
53 13 1
53 14 1
53 17 1
53 19 1
53 20 1
53 22 1
53 24 1
53 30 1
53 31 1
53 32 1
53 33 1
53 34 1
53 35 1
53 37 1
53 38 1
53 40 1
53 42 1
53 43 1
53 44 1
53 46 1
53 48 1
53 51 1
53 52 1
54 6 1
54 7 1
54 10 1
54 18 1
54 21 1
54 23 1
54 24 1
54 25 1
54 28 1
54 29 1
54 31 1
54 32 1
54 34 1
54 35 1
54 37 1
54 38 1
54 39 1
54 40 1
54 42 1
54 43 1
54 44 1
54 45 1
54 48 1
54 50 1
55 0 1
55 2 1
55 3 1
55 4 1
55 6 1
55 12 1
55 17 1
55 18 1
55 19 1
55 20 1
55 22 1
55 24 1
55 26 1
55 35 1
55 37 1
55 39 1
55 40 1
55 41 1
55 44 1
55 47 1
55 50 1
55 51 1
55 52 1
55 54 1
56 0 1
56 4 1
56 5 1
56 7 1
56 8 1
56 14 1
56 15 1
56 18 1
56 19 1
56 20 1
56 22 1
56 25 1
56 26 1
56 27 1
56 29 1
56 30 1
56 31 1
56 34 1
56 36 1
56 39 1
56 40 1
56 41 1
56 42 1
56 45 1
56 49 1
56 50 1
56 53 1
56 55 1
57 0 1
57 1 1
57 2 1
57 3 1
57 5 1
57 8 1
57 13 1
57 15 1
57 16 1
57 22 1
57 24 1
57 26 1
57 27 1
57 29 1
57 30 1
57 31 1
57 32 1
57 35 1
57 36 1
57 38 1
57 40 1
57 42 1
57 44 1
57 47 1
57 48 1
57 50 1
57 51 1
57 52 1
57 54 1
57 56 1
58 0 1
58 3 1
58 7 1
58 8 1
58 11 1
58 12 1
58 13 1
58 15 1
58 17 1
58 18 1
58 20 1
58 31 1
58 32 1
58 33 1
58 34 1
58 37 1
58 38 1
58 39 1
58 44 1
58 45 1
58 47 1
58 51 1
58 52 1
58 54 1
59 1 1
59 2 1
59 3 1
59 5 1
59 6 1
59 7 1
59 8 1
59 10 1
59 11 1
59 15 1
59 17 1
59 19 1
59 20 1
59 22 1
59 23 1
59 25 1
59 26 1
59 27 1
59 31 1
59 34 1
59 35 1
59 37 1
59 40 1
59 43 1
59 44 1
59 46 1
59 48 1
59 50 1
59 53 1
59 54 1
59 55 1
59 56 1
59 58 1
