70
1 0 33
2 1 47
3 0 33
3 2 38
4 1 22
5 1 26
5 2 38
5 3 43
6 0 9
6 1 38
6 3 23
7 0 41
7 2 24
7 3 46
7 4 25
7 5 9
7 6 28
8 0 2
8 2 7
8 4 35
8 7 31
9 0 22
9 1 17
9 2 49
9 5 16
9 7 4
9 8 35
10 4 22
10 6 20
10 8 16
10 9 23
11 0 25
11 1 20
11 2 7
11 3 4
11 9 26
11 10 45
12 1 17
12 2 34
12 4 23
12 6 5
12 9 16
12 11 17
13 1 20
13 3 7
13 4 49
13 6 13
13 7 42
13 8 4
13 10 43
13 12 22
14 0 26
14 1 18
14 2 34
14 8 46
14 11 29
15 3 11
15 4 37
15 5 14
15 13 10
15 14 44
16 0 10
16 3 31
16 5 39
16 7 23
16 8 28
16 9 41
16 10 4
16 11 10
16 13 5
17 1 37
17 2 25
17 3 34
17 5 19
17 6 11
17 7 6
17 8 38
17 9 25
17 15 24
17 16 25
18 0 44
18 2 46
18 6 4
18 7 38
18 14 48
18 15 3
18 16 4
19 4 17
19 6 45
19 8 33
19 12 33
19 14 5
19 15 4
19 16 17
19 17 42
19 18 32
20 1 34
20 3 19
20 4 8
20 7 24
20 10 33
20 11 9
20 14 41
20 15 39
20 18 5
20 19 29
21 3 2
21 7 46
21 10 33
21 14 31
21 15 1
21 18 50
21 19 50
22 1 21
22 8 39
22 10 7
22 14 33
22 17 4
22 18 8
23 0 49
23 2 48
23 3 26
23 5 23
23 11 16
23 12 14
23 13 47
23 15 11
23 16 20
23 19 23
24 1 44
24 3 19
24 5 31
24 6 26
24 7 43
24 10 31
24 11 34
24 12 20
24 15 9
24 16 10
24 17 47
24 19 3
24 21 39
25 0 36
25 2 24
25 3 20
25 6 18
25 7 12
25 8 19
25 9 39
25 11 33
25 14 9
25 15 32
25 16 15
25 17 18
25 18 45
25 21 34
25 24 48
26 1 37
26 2 4
26 3 42
26 4 12
26 8 48
26 10 21
26 11 35
26 13 16
26 19 40
26 22 46
27 3 34
27 4 20
27 5 19
27 6 44
27 10 43
27 11 26
27 16 38
27 17 47
27 21 43
27 23 35
27 25 1
27 26 23
28 2 27
28 4 18
28 9 12
28 10 15
28 11 26
28 13 25
28 17 21
28 23 35
28 24 16
28 26 40
29 1 37
29 3 47
29 4 48
29 7 11
29 8 33
29 9 5
29 11 3
29 12 35
29 13 17
29 16 36
29 19 18
29 20 43
29 21 28
29 22 16
30 1 18
30 3 33
30 5 1
30 6 29
30 9 37
30 10 38
30 12 16
30 14 2
30 15 1
30 17 26
30 20 10
30 21 22
30 22 4
30 23 17
30 26 12
30 29 38
31 1 7
31 2 14
31 3 19
31 4 1
31 7 15
31 8 32
31 11 47
31 12 10
31 15 39
31 17 18
31 18 43
31 20 17
31 21 36
31 22 11
31 25 11
31 26 18
31 27 30
32 0 2
32 1 35
32 2 3
32 3 28
32 4 6
32 5 30
32 10 35
32 11 15
32 12 38
32 13 12
32 15 9
32 16 12
32 21 33
32 24 4
32 26 47
32 27 20
32 28 25
32 29 49
32 30 18
33 0 16
33 4 38
33 6 36
33 8 19
33 11 4
33 16 34
33 17 35
33 20 6
33 28 23
33 31 26
34 0 24
34 1 3
34 2 40
34 3 40
34 4 32
34 5 44
34 7 7
34 8 18
34 12 27
34 16 19
34 17 14
34 19 14
34 21 35
34 22 18
34 24 45
34 33 39
35 0 2
35 3 40
35 4 23
35 8 3
35 9 31
35 11 40
35 12 32
35 14 6
35 15 35
35 18 38
35 19 13
35 25 20
35 26 32
35 28 3
35 29 37
35 31 23
35 32 39
35 34 33
36 2 8
36 4 24
36 7 42
36 8 6
36 10 28
36 11 37
36 12 15
36 13 9
36 14 38
36 15 27
36 17 36
36 18 35
36 21 45
36 22 15
36 24 33
36 25 48
36 26 35
36 29 29
36 34 31
36 35 3
37 2 24
37 3 23
37 4 19
37 6 33
37 8 41
37 11 8
37 15 36
37 17 33
37 18 33
37 21 4
37 23 20
37 32 35
37 34 48
37 36 11
38 0 23
38 2 22
38 4 37
38 5 10
38 8 7
38 9 13
38 11 34
38 15 39
38 16 20
38 22 13
38 23 28
38 24 23
38 25 24
38 26 20
38 27 2
38 28 35
38 32 32
38 35 1
38 36 30
38 37 23
39 1 9
39 3 24
39 4 24
39 5 16
39 6 1
39 12 6
39 13 9
39 14 16
39 16 31
39 21 30
39 22 5
39 24 48
39 28 27
39 30 1
39 32 45
39 33 14
39 34 30
39 35 5
39 36 37
39 37 38
39 38 50
40 0 13
40 2 47
40 3 44
40 5 35
40 6 7
40 7 28
40 9 47
40 10 23
40 11 1
40 12 32
40 14 6
40 16 42
40 17 11
40 18 33
40 21 20
40 22 3
40 23 22
40 24 28
40 25 33
40 26 32
40 30 5
40 31 47
40 35 20
40 36 50
40 37 6
40 39 30
41 0 36
41 1 39
41 2 42
41 4 36
41 6 24
41 8 32
41 9 4
41 10 23
41 13 24
41 16 4
41 19 49
41 22 3
41 26 28
41 28 7
41 29 48
41 30 49
41 31 15
41 32 36
41 34 6
41 35 46
41 37 29
41 38 1
41 39 18
42 0 14
42 2 12
42 4 1
42 8 45
42 10 41
42 11 22
42 12 50
42 17 11
42 20 26
42 21 20
42 26 44
42 27 4
42 29 42
42 32 49
42 34 24
42 35 30
42 36 9
42 37 37
42 38 16
42 39 38
42 40 42
42 41 2
43 0 5
43 1 46
43 2 44
43 8 42
43 12 33
43 13 8
43 14 44
43 16 8
43 17 50
43 18 49
43 20 20
43 21 27
43 22 29
43 23 32
43 26 22
43 27 16
43 28 16
43 29 2
43 30 22
43 32 15
43 38 28
43 39 34
43 40 4
43 41 49
44 0 24
44 1 8
44 4 16
44 5 21
44 6 16
44 7 13
44 8 33
44 9 26
44 11 38
44 14 50
44 15 50
44 16 27
44 17 7
44 18 23
44 19 29
44 22 24
44 23 40
44 24 14
44 25 25
44 27 14
44 28 13
44 29 15
44 30 36
44 31 22
44 32 33
44 33 33
44 34 16
44 35 36
44 38 20
45 0 34
45 1 12
45 3 19
45 6 22
45 9 38
45 11 12
45 12 20
45 13 12
45 16 3
45 18 5
45 21 29
45 22 39
45 23 32
45 26 37
45 27 10
45 28 13
45 30 10
45 31 21
45 34 39
45 35 24
45 38 46
45 39 7
45 41 29
45 42 30
45 43 6
46 0 37
46 2 14
46 4 38
46 5 27
46 6 17
46 7 48
46 9 37
46 11 24
46 12 2
46 15 16
46 18 37
46 19 41
46 21 43
46 22 32
46 24 50
46 25 16
46 26 48
46 34 24
46 35 7
46 36 18
46 37 21
46 38 40
46 41 38
46 42 22
46 43 24
46 44 19
47 3 9
47 6 14
47 7 3
47 10 22
47 11 48
47 13 40
47 14 43
47 16 33
47 24 44
47 25 2
47 27 4
47 28 44
47 29 15
47 33 39
47 34 21
47 39 17
47 41 9
48 0 3
48 1 18
48 3 49
48 4 49
48 6 23
48 7 41
48 8 28
48 9 16
48 10 4
48 11 24
48 12 36
48 14 40
48 17 36
48 18 15
48 21 38
48 22 36
48 23 22
48 28 1
48 29 42
48 30 50
48 32 19
48 34 39
48 36 24
48 39 45
48 40 10
48 43 32
48 45 9
48 46 5
49 0 33
49 1 1
49 2 35
49 4 44
49 5 14
49 7 36
49 8 29
49 9 41
49 10 40
49 11 21
49 15 20
49 16 5
49 20 7
49 24 26
49 28 23
49 29 43
49 30 13
49 31 41
49 32 12
49 34 10
49 37 48
49 38 19
49 40 13
49 41 39
50 3 4
50 6 3
50 8 35
50 9 36
50 10 3
50 11 10
50 17 37
50 18 11
50 19 12
50 20 8
50 21 8
50 26 27
50 27 38
50 29 3
50 30 40
50 31 49
50 33 37
50 34 15
50 36 25
50 37 35
50 39 6
50 40 45
50 43 48
50 45 15
50 46 6
50 48 29
50 49 32
51 1 17
51 3 14
51 4 43
51 5 41
51 6 39
51 9 28
51 10 27
51 14 34
51 15 34
51 17 47
51 18 30
51 19 28
51 21 3
51 22 15
51 25 29
51 26 9
51 29 31
51 31 45
51 33 7
51 34 2
51 36 35
51 37 45
51 39 21
51 40 17
51 41 17
51 44 50
51 46 42
51 47 47
51 50 16
52 1 1
52 2 16
52 3 3
52 5 27
52 6 31
52 10 5
52 11 33
52 13 6
52 15 4
52 17 42
52 18 44
52 19 4
52 20 48
52 23 5
52 24 10
52 25 6
52 27 47
52 28 17
52 29 18
52 30 37
52 35 31
52 36 37
52 37 32
52 42 50
52 44 43
52 45 29
52 47 13
52 48 50
52 50 17
52 51 25
53 1 26
53 2 31
53 3 16
53 4 49
53 6 45
53 8 30
53 9 41
53 10 23
53 14 2
53 17 11
53 19 2
53 21 23
53 22 28
53 23 16
53 27 46
53 28 14
53 29 28
53 30 50
53 31 32
53 39 5
53 40 3
53 42 39
53 43 24
53 44 17
53 45 38
53 47 39
53 50 38
53 52 9
54 0 43
54 3 18
54 4 37
54 6 9
54 9 37
54 10 13
54 12 13
54 15 26
54 16 40
54 17 43
54 18 5
54 19 24
54 21 15
54 22 1
54 23 3
54 27 31
54 30 24
54 31 2
54 33 9
54 35 22
54 36 26
54 40 44
54 41 30
54 43 10
54 44 36
54 47 10
54 48 27
54 50 4
54 52 11
55 1 42
55 2 18
55 3 31
55 6 44
55 7 21
55 8 44
55 9 28
55 12 31
55 13 8
55 19 31
55 20 47
55 22 13
55 23 44
55 25 30
55 28 29
55 31 45
55 32 16
55 33 3
55 34 24
55 38 23
55 39 5
55 40 36
55 43 6
55 44 38
55 46 14
55 48 25
55 50 45
55 51 17
55 53 38
56 1 12
56 2 21
56 4 19
56 5 44
56 6 49
56 8 13
56 10 18
56 14 16
56 15 45
56 19 9
56 23 27
56 25 9
56 28 50
56 29 36
56 30 44
56 32 23
56 35 23
56 36 24
56 37 7
56 39 8
56 40 43
56 43 36
56 44 26
56 46 35
56 47 6
56 55 15
57 2 40
57 3 20
57 6 16
57 7 47
57 10 7
57 11 25
57 12 23
57 14 46
57 16 20
57 17 40
57 19 23
57 21 4
57 24 41
57 26 5
57 28 1
57 29 36
57 32 21
57 33 26
57 34 36
57 35 30
57 37 36
57 38 3
57 40 35
57 42 13
57 43 14
57 44 32
57 47 22
57 48 41
57 50 12
57 52 18
57 53 12
57 54 16
57 55 36
57 56 21
58 1 30
58 2 31
58 6 31
58 10 17
58 14 50
58 15 16
58 17 33
58 19 29
58 20 31
58 21 30
58 24 13
58 26 18
58 27 7
58 28 50
58 29 6
58 30 9
58 36 17
58 37 20
58 39 23
58 40 33
58 41 25
58 43 29
58 45 37
58 47 34
58 50 48
58 53 36
58 56 20
59 1 13
59 2 44
59 3 1
59 5 36
59 6 24
59 7 1
59 8 29
59 10 38
59 13 26
59 15 28
59 21 21
59 22 46
59 25 35
59 26 21
59 27 25
59 28 45
59 32 38
59 35 13
59 38 49
59 40 42
59 41 19
59 42 2
59 47 47
59 48 14
59 50 45
59 52 50
59 57 40
60 0 37
60 1 13
60 3 5
60 4 16
60 6 12
60 10 18
60 11 2
60 12 33
60 13 49
60 14 37
60 20 29
60 22 36
60 24 35
60 26 8
60 28 43
60 29 21
60 31 36
60 34 39
60 37 48
60 38 27
60 41 7
60 42 33
60 48 46
60 49 7
60 54 11
60 55 12
60 56 4
60 57 43
61 2 33
61 3 21
61 7 27
61 9 21
61 10 42
61 12 25
61 14 16
61 15 37
61 17 34
61 19 44
61 20 23
61 22 30
61 23 25
61 25 27
61 26 4
61 29 48
61 32 48
61 36 17
61 38 35
61 39 41
61 43 44
61 44 16
61 45 26
61 47 42
61 49 20
61 52 31
61 54 26
62 1 35
62 5 25
62 6 13
62 8 43
62 9 26
62 10 21
62 11 10
62 12 12
62 13 7
62 14 40
62 18 37
62 19 19
62 21 17
62 23 15
62 24 2
62 26 33
62 27 27
62 28 42
62 30 11
62 36 40
62 39 19
62 45 37
62 48 38
62 50 37
62 51 18
62 52 32
62 54 50
62 55 40
62 56 11
62 57 43
62 58 18
62 59 43
63 0 42
63 1 48
63 2 27
63 3 21
63 4 6
63 6 10
63 7 44
63 8 38
63 10 41
63 14 35
63 18 1
63 22 7
63 24 32
63 27 13
63 32 7
63 35 34
63 36 38
63 38 33
63 39 12
63 40 27
63 41 40
63 43 20
63 46 36
63 47 30
63 49 46
63 50 39
63 52 44
63 54 44
63 59 14
63 62 40
64 1 35
64 2 18
64 3 11
64 6 37
64 10 34
64 11 29
64 15 28
64 16 27
64 17 18
64 19 48
64 20 16
64 22 20
64 26 16
64 28 11
64 29 12
64 30 25
64 36 16
64 38 14
64 39 47
64 41 15
64 42 50
64 44 44
64 46 36
64 47 36
64 48 24
64 49 21
64 51 2
64 52 43
64 54 37
64 57 27
64 60 28
64 61 40
64 62 32
65 1 27
65 2 36
65 3 30
65 5 50
65 8 17
65 10 39
65 11 43
65 13 44
65 17 37
65 18 32
65 20 8
65 23 47
65 24 48
65 26 47
65 28 17
65 29 30
65 35 28
65 36 27
65 37 40
65 40 10
65 42 37
65 43 9
65 44 46
65 45 13
65 46 37
65 52 25
65 53 16
65 54 37
65 57 1
65 58 2
65 61 37
65 62 23
65 63 27
66 0 50
66 2 27
66 3 19
66 4 37
66 6 11
66 7 32
66 8 7
66 16 16
66 17 4
66 19 30
66 24 14
66 25 15
66 27 29
66 33 1
66 34 46
66 35 1
66 41 35
66 46 6
66 51 14
66 52 41
66 54 47
66 59 50
66 60 1
66 64 4
66 65 49
67 1 5
67 2 17
67 3 11
67 5 40
67 9 14
67 10 7
67 13 39
67 14 13
67 15 35
67 17 50
67 18 32
67 22 32
67 25 21
67 35 30
67 37 28
67 38 18
67 39 6
67 40 45
67 43 18
67 44 9
67 47 2
67 48 2
67 49 14
67 51 20
67 52 42
67 54 34
67 55 19
67 57 40
67 59 33
67 60 13
67 61 1
67 63 36
67 65 34
67 66 34
68 0 5
68 7 11
68 11 43
68 12 3
68 14 9
68 15 47
68 16 13
68 19 47
68 20 2
68 21 50
68 24 29
68 26 31
68 27 10
68 29 1
68 31 44
68 33 45
68 40 25
68 45 20
68 46 34
68 48 16
68 51 38
68 52 25
68 53 10
68 55 44
68 56 17
68 58 48
68 59 48
68 61 15
68 62 6
68 63 34
68 64 25
68 66 3
68 67 28
69 1 7
69 2 35
69 3 20
69 6 13
69 9 25
69 13 6
69 14 20
69 15 26
69 16 23
69 19 9
69 20 14
69 21 50
69 22 45
69 25 2
69 26 29
69 29 38
69 32 43
69 37 50
69 38 5
69 39 3
69 40 40
69 43 24
69 45 47
69 47 19
69 48 50
69 49 38
69 50 7
69 52 24
69 53 42
69 54 14
69 56 38
69 57 10
69 58 12
69 62 16
69 64 12
69 67 36
69 68 50
