20
1 0 11
2 0 6
2 1 45
3 0 45
3 1 34
3 2 15
4 2 50
5 0 29
5 1 33
5 3 41
6 1 29
6 2 21
7 0 15
7 1 26
7 2 22
7 5 36
7 6 12
8 0 42
8 1 38
8 3 27
8 4 3
8 5 49
8 7 12
9 3 12
9 4 47
9 7 40
10 1 48
10 2 13
10 6 10
10 7 6
10 8 14
10 9 43
11 5 14
11 6 26
11 8 36
11 9 28
12 1 50
12 2 18
12 5 29
12 6 44
12 9 33
12 10 28
12 11 25
13 5 37
13 7 2
13 8 33
13 9 12
13 10 38
13 11 16
14 1 33
14 2 4
14 3 12
14 4 22
14 5 4
14 8 21
14 9 41
14 10 14
14 11 46
15 0 8
15 3 47
15 4 35
15 5 11
15 6 11
15 7 15
15 9 37
15 10 6
15 11 48
15 12 37
15 14 24
16 1 10
16 3 36
16 4 21
16 6 40
16 8 10
16 9 44
16 10 39
16 12 37
16 15 39
17 0 35
17 6 37
17 7 9
17 11 26
17 12 18
17 14 41
17 16 2
18 2 20
18 12 46
19 1 47
19 3 50
19 6 50
19 8 44
19 12 24
19 17 3
19 18 45
