45
1 0 22
2 0 26
3 0 44
3 2 9
4 2 24
5 1 9
5 2 18
6 1 33
6 3 10
6 4 25
7 1 37
7 2 39
7 4 25
7 5 23
7 6 44
8 2 14
8 4 49
8 5 30
8 6 35
8 7 21
9 1 22
9 2 2
9 4 27
10 3 15
10 4 42
10 6 4
10 7 36
11 0 44
11 2 29
11 3 26
11 5 5
11 9 2
12 1 4
12 3 10
12 5 12
12 6 31
12 7 3
12 8 35
13 0 5
13 3 29
13 4 37
13 5 44
13 9 24
14 0 16
14 2 25
14 3 13
14 5 35
14 6 30
14 10 47
14 11 26
15 2 24
15 4 42
15 5 45
15 9 48
15 10 27
15 11 31
16 1 28
16 2 13
16 3 22
16 5 29
16 6 44
16 7 35
16 8 4
16 9 1
16 10 41
16 15 12
17 2 9
17 4 10
17 14 25
17 15 14
17 16 25
18 2 6
18 3 28
18 4 31
18 6 26
18 8 13
18 9 13
18 11 43
18 12 43
18 13 49
18 14 39
18 17 49
19 0 11
19 1 49
19 2 24
19 3 17
19 5 8
19 6 24
19 8 21
19 9 40
19 10 49
19 11 43
19 12 20
20 0 28
20 2 6
20 3 33
20 4 3
20 6 50
20 7 45
20 8 44
20 10 5
20 12 27
20 13 46
20 14 44
20 16 20
20 18 19
20 19 22
21 2 46
21 3 47
21 4 25
21 5 28
21 8 15
21 12 44
21 13 1
21 15 33
21 16 6
21 18 28
21 19 33
22 0 20
22 1 4
22 5 24
22 6 14
22 9 8
22 10 13
22 12 27
22 13 26
22 14 19
22 16 5
22 17 7
22 20 39
23 0 9
23 2 48
23 5 45
23 6 18
23 8 15
23 12 21
23 14 39
23 17 33
23 19 29
23 21 37
23 22 32
24 1 33
24 3 41
24 4 5
24 6 38
24 8 8
24 10 9
24 12 45
24 16 32
24 19 24
24 22 37
24 23 19
25 2 49
25 3 49
25 6 13
25 13 40
25 14 47
25 17 39
25 19 32
25 21 46
25 22 5
25 23 30
26 2 33
26 3 2
26 6 12
26 7 49
26 8 45
26 11 46
26 14 28
26 15 9
27 0 18
27 2 34
27 3 42
27 5 30
27 7 36
27 9 49
27 10 15
27 11 50
27 13 11
27 14 6
27 15 6
27 17 35
27 18 35
27 23 19
27 24 44
27 25 30
27 26 7
28 1 29
28 2 8
28 4 40
28 7 46
28 8 1
28 13 3
28 16 33
28 17 8
28 18 29
28 20 22
28 21 40
28 22 15
28 24 48
28 25 41
28 26 39
28 27 12
29 0 26
29 1 6
29 3 35
29 4 1
29 6 42
29 7 48
29 8 11
29 10 46
29 11 28
29 12 38
29 13 40
29 19 11
29 22 40
29 24 3
29 25 49
29 27 7
29 28 14
30 3 30
30 5 10
30 6 6
30 11 46
30 13 13
30 17 6
30 18 14
30 20 45
30 21 25
30 22 12
30 24 46
30 27 18
30 29 42
31 1 11
31 3 33
31 5 20
31 8 47
31 11 36
31 12 10
31 16 6
31 18 14
31 21 29
31 22 23
31 24 17
31 25 9
31 26 6
31 29 19
32 5 2
32 6 32
32 9 3
32 10 14
32 11 42
32 12 2
32 13 30
32 15 21
32 16 29
32 18 36
32 19 27
32 24 29
32 25 26
32 27 50
32 28 22
32 30 45
32 31 50
33 2 14
33 3 1
33 7 19
33 8 30
33 9 19
33 14 26
33 15 42
33 17 14
33 18 29
33 19 39
33 24 27
33 25 47
33 26 14
33 31 17
34 3 39
34 6 20
34 8 49
34 10 3
34 14 25
34 16 2
34 18 12
34 21 34
34 25 45
34 27 5
34 31 40
34 32 43
35 0 48
35 4 7
35 5 48
35 7 36
35 11 26
35 12 45
35 14 11
35 15 47
35 17 11
35 19 26
35 24 15
35 27 4
35 28 40
35 32 18
35 33 18
36 0 22
36 1 14
36 2 45
36 3 24
36 4 40
36 6 39
36 9 9
36 10 18
36 11 16
36 12 24
36 14 33
36 17 21
36 18 33
36 19 12
36 20 38
36 24 22
36 25 36
36 26 31
36 29 39
36 30 44
37 0 35
37 1 11
37 4 18
37 5 22
37 6 8
37 7 28
37 8 29
37 9 42
37 16 22
37 18 10
37 20 45
37 28 33
37 29 35
37 31 7
37 32 12
37 33 35
37 34 44
38 0 12
38 1 24
38 2 39
38 7 30
38 8 32
38 9 46
38 13 35
38 15 50
38 19 8
38 20 24
38 21 5
38 22 33
38 24 32
38 25 3
38 30 49
38 31 35
38 32 17
38 33 49
38 37 49
39 4 38
39 7 18
39 9 32
39 10 35
39 11 39
39 14 22
39 16 6
39 18 22
39 21 42
39 22 45
39 23 23
39 24 44
39 26 24
39 30 8
39 31 15
39 33 49
39 35 17
39 36 3
39 37 13
40 2 7
40 3 19
40 6 19
40 8 11
40 9 40
40 13 1
40 18 9
40 19 10
40 20 49
40 21 26
40 24 36
40 30 41
40 31 28
40 33 45
41 0 25
41 1 35
41 2 1
41 3 38
41 4 12
41 5 18
41 7 50
41 9 48
41 10 34
41 12 23
41 17 13
41 19 11
41 20 40
41 21 10
41 25 11
41 26 2
41 29 46
41 30 26
41 32 11
41 37 33
41 38 16
42 0 36
42 1 21
42 3 13
42 4 44
42 7 50
42 8 8
42 10 42
42 14 36
42 16 20
42 20 40
42 21 32
42 22 48
42 24 14
42 25 17
42 26 29
42 27 31
42 29 4
42 31 23
42 32 7
42 33 34
42 36 24
42 39 6
43 0 33
43 1 31
43 3 20
43 4 50
43 5 38
43 6 41
43 7 7
43 8 35
43 14 1
43 15 21
43 16 45
43 18 19
43 19 48
43 20 29
43 24 7
43 26 48
43 29 14
43 33 39
43 34 10
43 35 11
43 38 41
43 40 50
43 41 31
44 1 44
44 4 36
44 5 45
44 6 41
44 7 4
44 10 8
44 11 39
44 12 11
44 13 47
44 14 49
44 15 41
44 16 42
44 17 15
44 19 20
44 22 5
44 28 8
44 29 20
44 32 16
44 33 40
44 35 39
44 36 12
44 38 31
44 39 26
44 40 50
44 41 37
44 42 25
44 43 22
