30
1 0 90
2 0 2
3 0 36
4 0 81
5 4 57
6 2 78
6 5 95
7 0 57
7 1 58
7 2 17
7 4 37
7 5 36
7 6 98
8 1 58
8 2 99
8 7 84
9 0 36
9 1 70
9 2 99
9 4 81
9 5 72
9 8 91
10 1 84
10 6 58
10 7 99
10 8 47
11 1 29
11 3 64
11 4 10
11 5 26
11 7 67
11 8 56
11 9 7
11 10 7
12 0 72
12 5 39
12 7 78
12 9 99
12 11 36
13 2 72
13 4 46
13 6 56
13 7 7
13 8 20
13 9 35
13 11 52
14 0 15
14 1 44
14 6 59
14 9 53
14 10 98
14 12 63
15 1 56
15 2 4
15 3 91
15 5 9
15 7 57
15 8 76
15 9 68
15 10 88
15 12 19
15 14 91
16 6 55
16 9 64
16 10 15
16 14 41
16 15 32
17 0 33
17 1 12
17 2 17
17 6 42
17 8 78
17 9 29
17 12 99
17 13 75
17 14 25
17 16 9
18 0 96
18 1 44
18 2 88
18 3 24
18 8 3
18 9 64
18 10 54
18 11 43
18 12 50
18 13 77
18 16 43
19 1 28
19 3 56
19 8 23
19 10 4
19 12 41
19 13 59
19 14 44
19 15 33
20 2 18
20 7 78
20 10 27
20 11 56
20 12 99
20 13 64
20 14 97
20 15 48
20 16 57
21 1 52
21 3 51
21 4 88
21 7 73
21 8 77
21 9 71
21 11 36
21 12 85
21 13 44
21 17 71
22 0 11
22 2 81
22 7 37
22 8 58
22 12 46
22 13 69
22 18 80
22 19 83
22 20 66
22 21 14
23 0 50
23 1 75
23 3 23
23 4 41
23 7 24
23 9 92
23 10 68
23 11 8
23 12 16
23 13 12
23 20 94
24 0 22
24 1 96
24 2 48
24 3 88
24 5 73
24 7 8
24 8 62
24 10 37
24 12 81
24 13 67
24 14 34
24 15 53
24 17 30
24 19 64
24 20 15
24 21 46
25 3 41
25 5 5
25 8 98
25 11 30
25 12 38
25 13 60
25 16 36
25 18 26
25 24 10
26 3 52
26 4 51
26 5 18
26 6 94
26 11 49
26 13 38
26 16 80
26 18 28
26 19 54
26 22 93
26 24 66
26 25 34
27 0 19
27 2 41
27 3 58
27 6 9
27 7 31
27 8 8
27 12 89
27 13 34
27 20 6
27 21 82
27 22 46
27 23 89
28 6 19
28 8 41
28 9 99
28 14 50
28 15 56
28 16 88
28 17 48
28 18 72
28 20 32
28 21 96
28 22 55
28 24 63
29 3 33
29 4 35
29 5 50
29 6 13
29 7 21
29 8 82
29 9 42
29 10 8
29 11 83
29 13 24
29 16 56
29 18 65
29 19 42
29 21 92
29 25 30
29 26 50
29 27 57
