50
2 1 13
3 2 15
4 1 47
4 2 30
4 3 25
5 0 33
5 4 49
6 0 27
6 4 9
7 1 12
7 3 23
7 4 6
7 5 13
7 6 47
8 0 5
8 3 35
8 5 47
8 7 8
9 1 26
9 2 32
9 3 47
9 5 24
9 8 5
10 0 32
10 5 34
10 7 22
11 2 15
11 3 4
11 4 47
11 5 11
11 7 22
11 8 7
12 2 21
12 3 42
12 4 22
12 5 41
12 6 12
12 7 33
12 11 5
13 3 2
13 4 50
13 6 30
13 9 10
13 10 43
14 2 4
14 7 50
14 9 22
14 11 3
15 0 13
15 3 28
15 4 4
15 5 9
15 8 25
15 13 34
16 1 43
16 2 23
16 5 43
16 7 18
16 9 48
16 12 19
16 14 46
17 1 42
17 2 9
17 3 27
17 4 32
17 6 34
17 7 47
17 10 46
17 11 42
17 12 1
17 13 5
17 14 9
17 16 38
18 1 45
18 3 13
18 4 15
18 5 44
18 7 4
18 11 11
18 12 40
18 14 16
18 15 3
19 0 9
19 2 20
19 4 6
19 9 43
19 11 14
19 12 24
19 15 42
19 16 33
20 0 33
20 1 45
20 2 33
20 5 34
20 9 21
20 13 28
20 15 20
20 17 43
20 18 25
20 19 21
21 0 18
21 4 13
21 5 27
21 8 3
21 11 49
21 17 32
21 18 24
21 19 13
21 20 34
22 1 23
22 2 32
22 3 26
22 4 31
22 6 15
22 7 11
22 10 29
22 11 15
22 12 32
22 14 33
22 17 3
22 18 8
22 21 20
23 1 43
23 2 20
23 3 11
23 5 27
23 6 48
23 10 7
23 11 50
23 12 48
23 13 8
23 16 29
23 17 25
23 18 30
23 22 32
24 1 32
24 3 39
24 7 27
24 10 42
24 11 35
24 13 15
24 16 24
24 19 9
24 23 41
25 1 5
25 3 11
25 4 27
25 6 23
25 7 18
25 8 43
25 9 27
25 10 10
25 11 11
25 12 19
25 13 8
25 14 48
25 16 2
25 17 23
25 18 24
25 19 30
25 20 30
25 21 4
25 22 12
25 23 37
25 24 44
26 0 33
26 1 40
26 5 1
26 7 7
26 10 41
26 11 22
26 12 7
26 14 31
26 17 31
26 18 24
26 22 17
26 25 13
27 1 2
27 3 23
27 8 43
27 12 48
27 13 17
27 14 31
27 15 1
27 17 37
27 19 24
27 21 15
27 24 33
27 25 39
27 26 33
28 1 14
28 2 16
28 3 38
28 7 30
28 9 41
28 11 2
28 12 31
28 19 21
28 22 35
29 0 47
29 1 21
29 2 41
29 4 16
29 5 36
29 7 28
29 8 10
29 12 9
29 18 46
29 23 36
29 24 7
29 25 10
29 26 4
29 27 38
29 28 3
30 2 10
30 4 7
30 5 11
30 6 4
30 8 50
30 11 35
30 12 22
30 13 49
30 15 43
30 16 2
30 18 23
30 21 19
30 22 33
30 23 12
30 25 40
30 26 38
30 28 10
31 0 49
31 1 12
31 2 11
31 7 41
31 9 2
31 10 20
31 11 31
31 14 3
31 16 6
31 18 47
31 19 12
31 22 49
31 25 5
31 30 23
32 0 29
32 2 32
32 4 37
32 5 36
32 9 17
32 11 24
32 13 37
32 15 19
32 17 16
32 19 22
32 21 12
32 23 40
32 25 44
32 26 28
32 30 49
32 31 34
33 1 27
33 4 29
33 6 47
33 7 38
33 8 12
33 9 5
33 10 6
33 15 48
33 21 50
33 22 42
33 23 41
33 24 13
33 26 32
33 28 39
34 1 7
34 2 12
34 3 10
34 7 33
34 13 44
34 14 45
34 15 5
34 19 27
34 20 39
34 22 29
34 23 6
34 25 40
34 27 30
34 32 26
34 33 9
35 2 28
35 4 19
35 5 22
35 7 19
35 8 27
35 9 5
35 10 45
35 11 28
35 12 20
35 15 39
35 16 27
35 22 1
35 24 30
35 25 40
35 26 32
35 27 15
35 29 49
35 30 9
36 1 45
36 3 42
36 4 29
36 6 37
36 7 15
36 8 7
36 11 23
36 13 45
36 14 9
36 15 8
36 17 11
36 18 25
36 19 21
36 20 41
36 21 13
36 23 11
36 24 17
36 25 19
36 26 50
36 27 22
36 29 39
36 30 50
36 31 3
36 33 17
37 2 5
37 3 19
37 4 34
37 5 47
37 6 7
37 7 10
37 8 38
37 10 36
37 11 8
37 12 41
37 13 16
37 15 43
37 16 46
37 19 35
37 21 18
37 31 4
37 32 21
37 33 28
37 34 34
37 35 27
37 36 20
38 0 18
38 2 37
38 3 17
38 4 17
38 5 37
38 6 47
38 7 33
38 8 5
38 10 32
38 13 26
38 14 16
38 17 32
38 18 41
38 19 9
38 20 10
38 21 6
38 22 17
38 23 10
38 28 8
38 30 25
38 33 42
38 34 7
38 36 16
38 37 39
39 1 8
39 2 27
39 3 43
39 5 37
39 8 15
39 9 18
39 12 12
39 15 28
39 16 41
39 17 15
39 19 32
39 21 50
39 25 39
39 27 42
39 31 46
39 32 9
39 34 33
39 35 22
40 2 37
40 9 8
40 10 35
40 17 21
40 18 11
40 19 32
40 22 46
40 27 2
40 28 26
40 32 21
40 34 44
40 37 32
40 39 4
41 0 28
41 1 11
41 2 38
41 4 34
41 5 2
41 6 41
41 11 2
41 12 12
41 13 47
41 14 15
41 15 32
41 16 15
41 18 30
41 21 33
41 25 49
41 30 27
41 31 47
41 32 50
41 33 23
41 34 13
41 36 8
41 37 44
41 38 3
41 39 33
41 40 18
42 0 6
42 2 20
42 4 33
42 8 12
42 9 50
42 11 26
42 13 29
42 15 34
42 17 28
42 18 35
42 21 2
42 23 50
42 24 4
42 25 16
42 27 3
42 28 8
42 29 8
42 30 47
42 32 26
42 33 30
42 34 18
42 37 3
42 40 21
43 0 32
43 1 39
43 2 45
43 6 24
43 7 36
43 10 34
43 11 25
43 12 26
43 13 47
43 15 19
43 16 47
43 22 35
43 25 8
43 29 40
43 33 48
43 34 44
43 35 28
43 37 38
43 39 42
43 40 25
43 42 30
44 0 16
44 1 15
44 2 38
44 3 23
44 4 19
44 7 27
44 8 44
44 9 19
44 10 30
44 11 21
44 13 12
44 14 23
44 16 31
44 18 27
44 19 2
44 20 31
44 26 1
44 27 1
44 28 12
44 32 7
44 33 10
44 34 26
44 39 33
44 40 30
44 41 41
45 0 32
45 3 20
45 4 14
45 7 5
45 8 9
45 11 43
45 12 23
45 13 19
45 14 23
45 17 1
45 18 45
45 19 16
45 20 35
45 21 31
45 22 32
45 25 6
45 26 21
45 27 41
45 28 48
45 32 16
45 34 21
45 40 19
45 41 40
46 1 7
46 2 36
46 4 32
46 5 37
46 6 9
46 7 14
46 8 39
46 9 39
46 11 27
46 12 30
46 13 32
46 14 17
46 15 20
46 17 14
46 18 49
46 19 18
46 22 4
46 23 6
46 26 4
46 27 30
46 29 46
46 32 27
46 38 22
46 42 47
46 45 36
47 0 14
47 2 45
47 3 37
47 4 35
47 8 26
47 9 11
47 15 34
47 21 47
47 23 49
47 24 28
47 26 44
47 27 43
47 29 45
47 30 3
47 31 42
47 35 49
47 38 34
47 40 3
47 41 12
47 43 19
47 44 42
48 2 33
48 3 14
48 7 13
48 8 19
48 9 21
48 10 1
48 11 32
48 12 27
48 15 10
48 17 31
48 19 12
48 20 10
48 23 1
48 25 35
48 29 43
48 30 25
48 36 27
48 37 8
48 38 18
48 40 35
48 41 41
48 42 9
48 44 25
48 45 19
48 47 47
49 1 7
49 2 36
49 7 20
49 9 50
49 10 5
49 12 14
49 15 27
49 16 42
49 18 9
49 19 39
49 20 50
49 21 18
49 28 33
49 29 18
49 31 24
49 32 3
49 33 19
49 37 47
49 40 11
49 41 39
49 42 16
