50
3 0 78
3 2 99
4 3 66
5 0 47
5 1 55
5 2 40
5 3 88
6 0 2
6 3 16
6 4 26
7 1 94
7 2 20
7 3 93
7 4 91
7 6 17
8 1 28
8 2 40
8 3 25
8 4 88
8 5 66
8 7 23
9 1 24
9 2 88
9 4 11
9 5 13
9 7 39
10 3 19
10 7 63
10 8 86
11 0 23
11 1 28
11 7 72
11 9 29
11 10 84
12 0 41
12 1 94
12 2 62
12 4 94
12 5 98
12 8 49
12 9 72
12 11 35
13 1 87
13 6 88
13 7 24
13 8 79
13 9 61
13 10 37
13 11 98
14 2 79
14 4 50
14 8 47
14 9 19
14 11 59
15 0 13
15 2 18
15 3 39
15 5 64
15 6 86
15 8 57
15 9 49
15 10 58
15 13 32
15 14 18
16 1 94
16 2 25
16 3 71
16 5 1
16 6 74
16 7 45
16 8 91
16 12 49
16 14 7
16 15 41
17 0 49
17 2 98
17 5 75
17 11 73
17 12 32
17 13 79
17 14 11
17 16 93
18 0 20
18 2 99
18 6 45
18 10 94
18 11 16
18 13 92
18 14 21
19 0 73
19 4 32
19 5 23
19 6 60
19 7 64
19 9 6
19 13 85
19 14 18
19 16 36
19 17 24
20 1 26
20 2 76
20 4 4
20 8 64
20 9 20
20 10 61
20 13 66
20 19 28
21 1 31
21 4 29
21 5 9
21 7 61
21 8 6
21 10 17
21 12 6
21 13 58
21 14 13
21 15 69
21 16 4
21 17 78
21 20 9
22 2 73
22 3 24
22 6 98
22 7 58
22 8 78
22 9 83
22 10 37
22 11 14
22 12 42
22 17 100
22 20 71
23 1 6
23 2 65
23 4 85
23 9 44
23 11 57
23 14 40
23 15 73
23 16 75
23 19 66
23 20 47
24 1 46
24 2 65
24 3 22
24 5 80
24 7 13
24 10 74
24 11 90
24 12 57
24 13 8
24 14 17
24 15 86
24 17 65
24 20 46
24 23 61
25 1 2
25 2 28
25 3 45
25 8 61
25 10 10
25 11 29
25 12 81
25 14 75
25 17 57
25 21 19
26 1 78
26 7 26
26 8 13
26 9 6
26 10 90
26 11 6
26 12 94
26 13 98
26 14 72
26 15 84
26 16 91
26 18 85
26 22 15
26 23 73
26 24 71
27 1 59
27 2 59
27 3 71
27 5 61
27 6 60
27 8 95
27 9 24
27 10 44
27 18 23
27 20 32
27 23 28
27 25 11
28 0 55
28 2 51
28 7 28
28 8 59
28 11 23
28 12 40
28 14 89
28 16 44
28 17 92
28 18 81
28 22 41
28 24 3
28 26 1
28 27 11
29 1 86
29 6 81
29 8 68
29 9 93
29 11 25
29 15 29
29 17 37
29 24 64
29 26 4
30 0 87
30 2 30
30 3 64
30 6 98
30 8 67
30 9 45
30 18 44
30 20 87
30 23 89
30 24 64
30 26 48
30 27 67
30 28 46
31 0 89
31 1 41
31 2 63
31 3 19
31 4 97
31 5 98
31 7 90
31 9 24
31 12 85
31 13 83
31 15 29
31 19 99
31 21 58
31 23 24
31 25 79
31 26 39
31 27 56
32 1 32
32 3 33
32 6 66
32 9 65
32 10 66
32 12 73
32 14 59
32 15 17
32 18 92
32 28 72
32 29 84
33 0 46
33 2 95
33 3 17
33 4 21
33 5 83
33 6 77
33 7 71
33 8 38
33 9 71
33 10 57
33 14 35
33 21 6
33 26 82
33 27 88
33 28 75
33 30 11
34 3 6
34 5 77
34 6 67
34 7 7
34 9 64
34 10 75
34 11 18
34 14 40
34 16 49
34 17 25
34 18 82
34 19 82
34 21 14
34 23 65
34 24 49
34 25 83
34 29 92
34 31 37
34 33 17
35 1 64
35 2 32
35 4 19
35 6 84
35 7 100
35 9 33
35 10 37
35 11 33
35 16 46
35 19 64
35 21 68
35 22 18
35 24 20
35 25 51
35 26 17
35 28 65
35 32 12
35 33 67
35 34 71
36 0 23
36 2 45
36 4 35
36 5 17
36 6 66
36 9 96
36 10 24
36 11 51
36 16 71
36 17 67
36 18 84
36 19 47
36 21 31
36 22 4
36 23 92
36 25 28
36 28 95
36 29 6
36 31 93
36 32 77
36 33 7
37 0 75
37 1 55
37 2 99
37 3 8
37 5 17
37 8 30
37 9 38
37 10 80
37 12 22
37 14 16
37 15 4
37 16 26
37 17 27
37 19 71
37 20 44
37 21 97
37 23 91
37 26 19
37 27 92
37 29 72
37 30 36
37 31 8
37 33 35
37 35 84
37 36 83
38 0 70
38 3 20
38 6 15
38 12 92
38 13 84
38 15 17
38 16 45
38 17 79
38 18 4
38 20 20
38 24 78
38 25 51
38 28 96
38 30 99
38 32 46
38 34 14
38 35 55
38 36 30
38 37 65
39 1 73
39 4 99
39 8 72
39 11 77
39 15 67
39 16 98
39 19 37
39 20 45
39 22 13
39 23 93
39 25 29
39 26 97
39 27 97
39 29 42
39 30 25
39 31 46
39 32 99
39 33 87
39 34 43
39 36 12
40 0 11
40 1 40
40 5 86
40 9 45
40 10 44
40 13 71
40 14 67
40 20 87
40 23 47
40 24 97
40 25 67
40 27 29
40 28 84
40 30 44
40 33 89
40 35 65
40 36 69
40 38 35
40 39 74
41 0 52
41 2 30
41 3 92
41 4 5
41 5 5
41 6 77
41 7 53
41 8 16
41 13 71
41 14 49
41 16 38
41 17 24
41 18 62
41 19 55
41 20 84
41 21 14
41 24 34
41 25 65
41 26 69
41 28 9
41 31 46
41 32 45
41 38 80
42 1 53
42 6 66
42 7 62
42 9 83
42 12 73
42 13 29
42 16 59
42 17 27
42 18 24
42 19 41
42 22 43
42 23 6
42 24 100
42 25 17
42 29 13
42 30 53
42 31 77
42 34 92
42 37 72
42 38 39
42 41 97
43 2 30
43 4 16
43 9 55
43 11 40
43 12 58
43 13 27
43 14 89
43 15 22
43 16 13
43 17 87
43 18 69
43 20 4
43 21 2
43 23 95
43 27 26
43 28 14
43 30 54
43 32 56
43 33 52
43 34 89
43 36 100
43 37 56
43 38 33
43 39 99
43 40 54
44 0 3
44 3 43
44 5 52
44 9 43
44 13 51
44 15 18
44 17 4
44 21 73
44 23 85
44 24 87
44 25 64
44 27 13
44 30 12
44 34 2
44 37 73
44 38 19
44 41 63
44 42 89
45 2 13
45 3 71
45 5 42
45 8 78
45 10 22
45 11 17
45 12 48
45 13 82
45 15 81
45 17 1
45 18 63
45 21 75
45 22 57
45 27 27
45 31 35
45 32 45
45 33 94
45 34 41
45 35 32
45 37 81
45 39 15
45 42 30
45 43 81
46 0 52
46 2 97
46 6 78
46 9 9
46 10 25
46 12 98
46 13 82
46 16 94
46 17 15
46 21 100
46 22 28
46 23 74
46 24 21
46 26 36
46 27 64
46 28 34
46 33 15
46 34 77
46 35 67
46 37 79
46 39 8
46 40 32
46 41 9
46 42 31
46 43 3
47 3 100
47 6 17
47 7 53
47 10 100
47 11 47
47 12 60
47 16 94
47 17 70
47 19 65
47 20 79
47 21 45
47 22 23
47 25 62
47 26 92
47 29 34
47 30 94
47 31 17
47 34 42
47 36 69
47 37 72
47 38 40
47 39 36
47 42 23
47 44 64
47 45 27
47 46 15
48 1 80
48 2 10
48 3 59
48 4 5
48 7 91
48 8 55
48 9 13
48 10 82
48 15 88
48 16 33
48 17 91
48 18 7
48 21 56
48 25 66
48 26 21
48 27 17
48 28 75
48 29 61
48 30 27
48 32 40
48 33 21
48 34 44
48 38 44
48 43 26
48 45 53
48 46 44
48 47 83
49 2 61
49 3 57
49 5 6
49 11 44
49 14 25
49 16 34
49 17 95
49 18 3
49 19 25
49 24 80
49 26 96
49 27 3
49 33 8
49 34 56
49 36 54
49 37 79
49 38 38
49 40 49
49 41 22
49 44 58
49 45 99
49 47 59
