30
1 0 3
2 0 2
2 1 11
3 0 28
3 2 30
5 4 3
6 0 5
7 3 39
7 5 3
8 2 25
9 1 10
9 2 31
10 0 5
10 6 37
10 9 19
11 1 40
11 2 49
11 4 26
12 3 16
12 4 33
12 9 34
12 10 32
12 11 12
13 0 24
13 1 25
13 5 26
13 7 37
13 8 44
13 10 1
13 11 48
13 12 17
14 0 40
14 4 9
14 5 44
14 6 10
14 8 20
14 9 32
14 10 49
14 13 16
15 0 33
15 1 1
15 2 49
15 3 40
15 4 27
15 6 22
15 7 46
15 8 49
15 9 36
15 10 21
15 12 26
16 0 11
16 1 46
16 2 9
16 7 2
16 8 40
16 9 35
16 12 22
16 13 17
16 15 5
17 7 16
17 10 39
17 14 25
17 15 37
17 16 34
18 0 5
18 7 13
18 8 6
18 10 25
18 13 8
18 14 23
18 15 50
18 16 35
18 17 30
19 1 13
19 2 19
19 4 42
19 5 31
19 6 22
19 7 6
19 9 43
19 10 49
19 13 18
19 16 28
19 17 24
20 0 18
20 1 26
20 2 28
20 3 3
20 4 17
20 5 12
20 6 34
20 10 1
20 14 3
20 16 41
20 17 5
20 18 36
20 19 42
21 0 35
21 1 45
21 2 14
21 5 15
21 6 38
21 8 15
21 10 23
21 11 42
21 12 13
21 15 45
21 17 16
21 18 40
22 2 43
22 3 7
22 4 41
22 5 15
22 7 49
22 10 3
22 15 15
22 18 36
22 20 14
22 21 37
23 0 25
23 2 2
23 3 2
23 4 41
23 5 33
23 7 38
23 10 25
23 14 18
23 19 3
23 20 47
23 21 35
24 0 6
24 2 6
24 3 25
24 4 27
24 5 2
24 8 5
24 9 34
24 12 10
24 13 24
24 14 47
24 17 10
24 18 39
24 20 35
24 21 17
24 22 33
24 23 1
25 0 14
25 5 47
25 8 19
25 9 24
25 12 21
25 13 30
25 15 12
25 17 22
25 18 24
25 21 4
25 22 30
25 23 23
25 24 6
26 3 30
26 4 11
26 6 1
26 7 12
26 8 40
26 9 8
26 10 4
26 11 35
26 15 16
26 16 15
26 17 45
26 18 23
26 21 39
26 22 25
26 24 35
27 0 39
27 4 39
27 5 13
27 7 13
27 8 48
27 12 1
27 13 32
27 15 12
27 16 36
27 17 7
27 19 11
27 21 46
27 23 8
28 1 23
28 2 47
28 3 19
28 6 21
28 8 8
28 11 21
28 13 15
28 14 6
28 15 4
28 17 4
28 18 35
28 20 24
28 23 17
28 24 29
28 25 13
29 6 2
29 7 2
29 8 6
29 14 33
29 17 34
29 21 12
29 22 17
29 23 30
29 24 43
29 25 39
29 27 13
29 28 17
