45
2 0 10
2 1 79
3 2 54
4 2 46
5 1 58
6 0 73
6 1 74
6 2 49
6 3 71
6 4 25
6 5 48
7 0 63
7 5 12
7 6 57
8 0 64
8 1 54
8 3 28
8 4 29
8 5 86
8 6 82
8 7 76
9 0 74
9 2 39
9 3 22
9 5 75
9 6 57
9 7 99
10 0 53
10 1 90
10 8 46
11 3 70
11 4 61
11 9 20
11 10 9
12 0 2
12 1 44
12 4 85
12 6 34
12 8 53
12 9 33
12 11 66
13 0 22
13 2 23
13 5 17
13 9 18
13 10 86
13 12 89
14 0 65
14 1 48
14 2 32
14 3 45
14 9 4
14 12 14
15 2 50
15 3 45
15 4 30
15 5 100
15 6 34
15 8 60
15 12 78
16 0 63
16 1 17
16 2 94
16 4 48
16 7 18
16 9 41
16 10 97
16 11 52
16 14 99
17 0 82
17 2 79
17 3 43
17 4 41
17 5 37
17 6 22
17 7 95
17 8 1
17 9 73
17 10 56
17 11 27
17 12 58
17 16 51
18 4 15
18 5 53
18 6 41
18 8 77
18 9 45
18 10 43
18 12 95
18 13 37
18 14 56
18 17 5
19 1 16
19 4 21
19 5 27
19 9 87
19 12 76
19 14 50
19 17 60
20 2 49
20 4 70
20 9 5
20 10 8
20 12 73
20 14 83
20 17 48
21 0 89
21 2 18
21 6 81
21 8 44
21 12 23
21 13 47
21 14 21
21 15 27
21 18 40
21 20 66
22 2 22
22 5 34
22 6 9
22 7 93
22 12 10
22 14 48
22 15 12
22 17 83
22 19 43
22 21 62
23 0 2
23 3 31
23 5 28
23 10 92
23 11 15
23 17 99
23 18 69
23 20 25
24 0 61
24 1 24
24 3 100
24 4 26
24 6 13
24 7 12
24 8 21
24 10 85
24 20 96
24 23 20
25 4 51
25 5 22
25 8 41
25 9 47
25 10 72
25 12 99
25 17 9
25 20 45
26 0 58
26 2 16
26 4 80
26 5 27
26 7 18
26 10 62
26 13 27
26 16 27
26 20 27
26 21 55
26 22 71
26 23 21
27 2 42
27 8 56
27 10 78
27 11 29
27 12 22
27 17 61
27 20 4
27 22 15
27 25 89
28 3 46
28 6 94
28 7 95
28 11 60
28 12 5
28 15 95
28 17 86
28 18 19
28 19 84
28 22 93
28 24 24
28 26 16
29 5 3
29 9 3
29 10 46
29 11 33
29 12 31
29 14 71
29 16 14
29 18 39
29 20 15
29 23 91
29 26 70
29 28 88
30 0 4
30 2 28
30 6 79
30 8 78
30 9 59
30 10 32
30 11 30
30 12 39
30 16 31
30 18 88
30 19 81
30 20 9
30 22 80
30 25 2
30 26 79
30 29 20
31 0 44
31 1 1
31 2 54
31 4 28
31 8 17
31 15 29
31 16 12
31 20 54
31 23 80
31 24 89
31 25 49
31 26 53
31 27 77
31 29 88
32 0 1
32 1 75
32 2 92
32 7 19
32 10 88
32 11 69
32 15 96
32 16 38
32 17 6
32 18 20
32 20 43
32 21 96
32 24 26
32 25 57
32 28 80
32 29 63
32 30 84
32 31 97
33 0 63
33 1 28
33 2 87
33 3 61
33 5 95
33 6 79
33 9 81
33 11 38
33 16 51
33 18 62
33 19 14
33 21 61
33 24 5
33 25 58
33 26 4
33 27 1
33 29 20
33 30 36
34 2 21
34 3 38
34 6 48
34 8 31
34 10 29
34 12 17
34 13 37
34 14 20
34 16 80
34 18 24
34 20 35
34 21 82
34 22 4
34 23 29
34 24 29
34 26 56
34 27 32
34 28 10
34 31 37
34 32 6
34 33 23
35 0 1
35 3 72
35 5 64
35 7 94
35 9 50
35 11 80
35 14 43
35 19 87
35 20 17
35 22 5
35 25 56
35 27 99
35 33 79
35 34 3
36 0 51
36 2 68
36 3 45
36 4 100
36 5 66
36 9 64
36 12 64
36 14 4
36 15 86
36 19 85
36 24 67
36 25 96
36 26 46
36 27 26
36 28 61
36 31 33
36 32 68
37 0 94
37 1 7
37 2 63
37 3 41
37 4 99
37 6 50
37 7 16
37 9 16
37 11 1
37 12 40
37 13 7
37 14 21
37 15 37
37 16 38
37 17 66
37 20 90
37 24 69
37 25 23
37 27 83
37 28 95
37 30 95
37 31 51
37 32 35
37 33 49
37 34 43
37 35 47
38 0 87
38 2 92
38 5 84
38 6 84
38 7 85
38 9 36
38 10 58
38 11 32
38 12 98
38 13 78
38 14 48
38 18 50
38 24 12
38 28 7
38 30 55
38 31 50
38 33 37
38 35 20
39 0 84
39 1 99
39 3 96
39 5 36
39 7 47
39 9 72
39 10 12
39 11 62
39 14 63
39 15 86
39 17 96
39 19 87
39 22 62
39 23 16
39 25 83
39 27 76
39 28 59
39 30 19
39 31 86
39 33 36
39 34 77
39 36 53
39 38 80
40 2 13
40 4 23
40 6 47
40 8 14
40 9 80
40 10 38
40 11 75
40 12 75
40 18 20
40 19 20
40 20 44
40 21 33
40 22 40
40 23 99
40 26 93
40 28 80
40 31 11
40 33 32
40 35 11
40 37 33
40 39 91
41 0 47
41 1 12
41 2 55
41 4 60
41 5 32
41 6 76
41 12 54
41 16 61
41 17 10
41 18 54
41 20 44
41 24 95
41 26 60
41 27 83
41 29 8
41 30 61
41 32 34
41 39 84
41 40 57
42 2 26
42 3 16
42 5 95
42 8 77
42 9 78
42 10 75
42 16 14
42 17 37
42 18 30
42 19 84
42 21 99
42 23 61
42 25 55
42 27 2
42 29 15
42 30 54
42 31 12
42 32 52
42 34 92
42 35 96
42 40 24
43 0 67
43 3 98
43 6 68
43 8 84
43 10 75
43 12 33
43 13 14
43 14 63
43 18 52
43 21 77
43 22 91
43 27 68
43 30 18
43 31 64
43 32 4
43 33 31
43 37 92
43 39 27
43 40 21
43 42 77
44 6 64
44 7 7
44 8 37
44 10 24
44 12 87
44 14 89
44 17 38
44 18 65
44 20 68
44 21 58
44 22 85
44 25 80
44 27 43
44 32 62
44 36 4
44 39 89
44 40 8
44 41 61
