30
1 0 4
2 0 4
2 1 5
3 0 4
3 1 5
3 2 2
4 0 3
4 1 1
4 2 4
4 3 4
5 0 1
5 1 2
5 2 5
5 3 1
5 4 1
6 0 1
6 1 1
6 2 2
6 3 4
6 4 1
6 5 3
7 0 4
7 1 1
7 2 3
7 3 2
7 4 1
7 5 2
7 6 1
8 0 2
8 1 1
8 2 1
8 3 3
8 4 2
8 5 4
8 6 5
8 7 5
9 0 2
9 1 3
9 2 5
9 3 1
9 4 1
9 5 4
9 6 3
9 7 5
9 8 2
10 0 3
10 1 4
10 2 3
10 3 3
10 4 3
10 5 3
10 6 3
10 7 3
10 8 4
10 9 2
11 0 2
11 1 1
11 2 5
11 3 5
11 4 2
11 5 2
11 6 1
11 7 5
11 8 1
11 9 2
11 10 1
12 0 5
12 1 2
12 2 5
12 3 3
12 4 3
12 5 5
12 6 2
12 7 2
12 8 2
12 9 2
12 10 1
12 11 3
13 0 4
13 1 2
13 2 4
13 3 3
13 4 5
13 5 5
13 6 2
13 7 4
13 8 3
13 9 4
13 10 2
13 11 1
13 12 2
14 0 3
14 1 5
14 2 5
14 3 2
14 4 2
14 5 4
14 6 1
14 7 3
14 8 4
14 9 2
14 10 4
14 11 1
14 12 1
14 13 1
15 0 3
15 1 5
15 2 2
15 3 4
15 4 3
15 5 1
15 6 3
15 7 5
15 8 3
15 9 3
15 10 5
15 11 3
15 12 1
15 13 1
15 14 5
16 0 4
16 1 5
16 2 2
16 3 4
16 4 1
16 5 2
16 6 3
16 7 2
16 8 1
16 9 1
16 10 5
16 11 4
16 12 4
16 13 2
16 14 3
16 15 2
17 0 4
17 1 1
17 2 4
17 3 2
17 4 3
17 5 5
17 6 2
17 7 5
17 8 3
17 9 3
17 10 2
17 11 2
17 12 1
17 13 4
17 14 5
17 15 1
17 16 3
18 0 2
18 1 2
18 2 2
18 3 4
18 4 1
18 5 3
18 6 3
18 7 3
18 8 5
18 9 2
18 10 2
18 11 4
18 12 3
18 13 1
18 14 3
18 15 5
18 16 3
18 17 4
19 0 1
19 1 2
19 2 5
19 3 5
19 4 4
19 5 1
19 6 1
19 7 2
19 8 2
19 9 4
19 10 5
19 11 4
19 12 5
19 13 4
19 14 1
19 15 2
19 16 4
19 17 5
19 18 4
20 0 1
20 1 2
20 2 3
20 3 5
20 4 2
20 5 2
20 6 5
20 7 1
20 8 1
20 9 1
20 10 2
20 11 2
20 12 5
20 13 4
20 14 1
20 15 1
20 16 1
20 17 1
20 18 2
20 19 2
21 0 1
21 1 5
21 2 1
21 3 4
21 4 3
21 5 5
21 6 4
21 7 2
21 8 4
21 9 3
21 10 3
21 11 1
21 12 3
21 13 3
21 14 5
21 15 2
21 16 4
21 17 4
21 18 2
21 19 5
21 20 5
22 0 5
22 1 1
22 2 1
22 3 1
22 4 3
22 5 3
22 6 1
22 7 4
22 8 5
22 9 4
22 10 1
22 11 4
22 12 3
22 13 2
22 14 1
22 15 3
22 16 5
22 17 5
22 18 2
22 19 2
22 20 4
22 21 5
23 0 1
23 1 4
23 2 4
23 3 2
23 4 5
23 5 1
23 6 2
23 7 4
23 8 1
23 9 3
23 10 1
23 11 3
23 12 4
23 13 2
23 14 1
23 15 4
23 16 1
23 17 4
23 18 1
23 19 4
23 20 4
23 21 5
23 22 1
24 0 2
24 1 1
24 2 5
24 3 5
24 4 1
24 5 5
24 6 5
24 7 3
24 8 4
24 9 2
24 10 4
24 11 5
24 12 4
24 13 5
24 14 1
24 15 2
24 16 1
24 17 1
24 18 5
24 19 4
24 20 1
24 21 2
24 22 1
24 23 1
25 0 5
25 1 5
25 2 1
25 3 1
25 4 3
25 5 2
25 6 1
25 7 2
25 8 3
25 9 4
25 10 1
25 11 5
25 12 5
25 13 2
25 14 2
25 15 4
25 16 5
25 17 4
25 18 2
25 19 1
25 20 1
25 21 1
25 22 1
25 23 4
25 24 2
26 0 1
26 1 2
26 2 4
26 3 4
26 4 1
26 5 1
26 6 5
26 7 4
26 8 5
26 9 3
26 10 2
26 11 1
26 12 2
26 13 2
26 14 5
26 15 4
26 16 1
26 17 2
26 18 2
26 19 2
26 20 4
26 21 5
26 22 1
26 23 5
26 24 1
26 25 4
27 0 4
27 1 2
27 2 3
27 3 3
27 4 3
27 5 5
27 6 2
27 7 4
27 8 2
27 9 5
27 10 2
27 11 5
27 12 1
27 13 4
27 14 4
27 15 1
27 16 2
27 17 3
27 18 5
27 19 5
27 20 4
27 21 2
27 22 5
27 23 2
27 24 3
27 25 3
27 26 2
28 0 4
28 1 1
28 2 2
28 3 1
28 4 3
28 5 5
28 6 3
28 7 3
28 8 1
28 9 4
28 10 3
28 11 3
28 12 1
28 13 1
28 14 4
28 15 4
28 16 1
28 17 1
28 18 3
28 19 3
28 20 2
28 21 4
28 22 2
28 23 4
28 24 3
28 25 3
28 26 4
28 27 5
29 0 2
29 1 4
29 2 3
29 3 3
29 4 1
29 5 4
29 6 1
29 7 4
29 8 4
29 9 2
29 10 2
29 11 5
29 12 4
29 13 1
29 14 1
29 15 5
29 16 3
29 17 1
29 18 2
29 19 5
29 20 3
29 21 3
29 22 4
29 23 1
29 24 3
29 25 1
29 26 1
29 27 2
29 28 3
