65
2 0 2
3 0 9
3 1 3
4 0 2
4 1 9
4 2 2
5 1 4
5 2 7
5 4 3
6 0 7
6 1 4
6 2 9
7 1 8
7 2 10
7 3 8
8 0 5
8 1 10
8 3 1
8 5 2
8 6 6
9 1 2
9 2 1
9 6 3
9 7 6
9 8 8
10 0 5
10 4 3
11 0 9
11 2 8
11 3 5
11 5 10
11 6 3
12 0 6
12 2 10
12 4 3
12 6 3
12 9 4
12 10 5
13 2 8
13 5 9
13 7 7
13 12 7
14 0 7
14 1 9
14 3 1
14 6 3
14 7 1
14 9 3
14 11 4
14 12 7
14 13 9
15 3 3
15 9 8
15 10 5
15 11 8
15 13 8
16 3 1
16 7 7
16 8 1
16 9 5
16 10 1
16 13 2
17 0 9
17 2 9
17 3 3
17 4 9
17 5 8
17 6 8
17 8 4
17 9 2
17 10 3
17 12 6
17 14 7
17 15 7
17 16 5
18 2 3
18 4 6
18 5 10
18 7 7
18 9 7
18 12 8
18 13 7
18 14 1
19 0 7
19 1 4
19 2 9
19 5 10
19 6 10
19 11 3
19 13 8
19 16 7
20 1 5
20 6 1
20 7 10
20 9 3
20 10 2
20 12 4
20 13 1
20 15 8
21 2 1
21 3 10
21 7 2
21 10 10
21 12 2
21 15 9
21 17 1
21 18 9
22 0 5
22 2 10
22 6 5
22 9 6
22 11 7
22 15 10
23 1 9
23 2 7
23 6 5
23 7 6
23 9 8
23 14 5
23 15 4
23 17 3
23 21 10
24 0 8
24 1 5
24 2 9
24 3 2
24 5 6
24 6 5
24 7 2
24 9 5
24 10 10
24 11 5
24 13 5
24 14 4
24 16 9
24 17 4
24 21 2
24 23 10
25 1 3
25 2 2
25 3 7
25 5 7
25 7 10
25 8 4
25 11 7
25 14 5
25 17 1
25 18 2
25 20 8
25 21 2
25 23 2
25 24 4
26 4 10
26 6 9
26 8 6
26 9 4
26 10 6
26 11 9
26 13 10
26 16 8
26 20 8
26 21 3
26 22 2
26 23 1
26 24 9
26 25 7
27 5 1
27 8 3
27 9 7
27 11 2
27 12 8
27 13 7
27 15 2
27 17 4
27 18 7
27 19 9
27 20 4
27 23 9
27 24 3
27 25 8
28 0 2
28 2 1
28 3 7
28 6 1
28 7 1
28 9 5
28 13 1
28 15 9
28 16 6
28 17 10
28 21 5
28 22 2
28 23 5
28 24 9
28 25 9
28 26 7
29 0 10
29 1 7
29 4 3
29 6 4
29 7 10
29 8 9
29 9 7
29 14 7
29 15 10
29 16 8
29 18 7
29 19 3
29 21 4
29 23 3
29 25 3
29 26 4
30 1 5
30 2 10
30 3 3
30 4 3
30 6 2
30 12 8
30 14 3
30 15 4
30 16 1
30 18 6
30 19 9
30 20 6
30 22 9
30 26 3
30 27 2
30 28 2
30 29 6
31 1 8
31 3 7
31 5 3
31 8 9
31 10 8
31 13 1
31 14 8
31 15 1
31 17 5
31 19 5
31 21 3
31 23 5
31 26 5
31 28 9
31 29 9
32 0 5
32 1 1
32 2 8
32 5 5
32 6 6
32 7 7
32 13 1
32 15 6
32 16 5
32 18 5
32 20 5
32 21 1
32 24 8
32 25 7
32 27 1
32 29 2
32 30 6
32 31 5
33 0 9
33 2 6
33 3 6
33 5 4
33 6 8
33 7 6
33 8 2
33 9 3
33 10 7
33 11 5
33 12 1
33 16 8
33 22 3
33 24 2
33 26 1
33 28 1
33 30 5
33 31 1
33 32 6
34 1 9
34 4 6
34 5 6
34 6 3
34 7 10
34 8 7
34 10 1
34 13 8
34 15 7
34 18 1
34 20 6
34 22 8
34 23 7
34 24 7
34 25 3
34 27 5
34 28 10
34 33 3
35 3 2
35 4 4
35 5 4
35 6 4
35 9 7
35 12 9
35 17 10
35 18 9
35 21 1
35 25 9
35 29 1
35 30 1
35 31 5
35 33 1
36 1 3
36 2 7
36 3 6
36 4 5
36 5 1
36 9 5
36 10 8
36 12 5
36 16 4
36 17 8
36 18 9
36 19 5
36 21 6
36 22 9
36 23 8
36 25 5
36 26 5
36 29 3
36 31 3
37 0 5
37 2 9
37 7 4
37 12 5
37 13 9
37 14 5
37 17 1
37 18 8
37 19 3
37 21 6
37 23 1
37 24 3
37 28 3
37 31 2
37 32 4
37 33 6
37 34 10
37 35 10
37 36 9
38 1 1
38 2 6
38 3 2
38 4 3
38 7 5
38 8 5
38 9 3
38 10 9
38 11 8
38 18 2
38 19 1
38 22 10
38 24 6
38 25 3
38 28 7
38 29 4
38 30 1
38 32 4
38 35 4
38 36 7
39 0 6
39 1 9
39 6 1
39 9 2
39 10 5
39 13 6
39 14 1
39 21 8
39 25 8
39 28 10
39 33 6
39 35 1
39 36 6
39 37 7
40 1 2
40 2 2
40 4 5
40 6 4
40 8 6
40 9 6
40 10 5
40 24 3
40 26 8
40 28 3
40 29 4
40 30 10
40 33 6
40 34 6
40 36 5
40 39 6
41 0 10
41 1 3
41 2 7
41 3 3
41 4 3
41 5 1
41 8 7
41 10 10
41 14 5
41 17 1
41 19 5
41 21 3
41 22 7
41 25 8
41 26 8
41 28 5
41 29 1
41 30 2
41 32 10
41 33 6
41 37 5
41 39 9
41 40 6
42 1 4
42 2 4
42 3 7
42 6 7
42 8 2
42 9 4
42 10 8
42 11 1
42 13 10
42 16 4
42 21 4
42 22 8
42 24 7
42 27 10
42 28 9
42 29 6
42 30 1
42 32 6
42 35 3
42 36 4
42 37 2
42 40 4
42 41 8
43 1 10
43 2 1
43 4 8
43 5 9
43 6 2
43 7 7
43 8 10
43 10 10
43 11 1
43 14 9
43 16 9
43 19 8
43 22 8
43 23 9
43 24 7
43 25 4
43 29 4
43 30 3
43 32 1
43 34 7
43 35 4
43 36 5
43 41 2
43 42 6
44 1 4
44 2 8
44 5 5
44 8 1
44 9 7
44 11 3
44 15 2
44 17 4
44 19 2
44 24 4
44 25 1
44 27 8
44 31 7
44 34 6
44 37 8
44 40 10
44 41 3
44 42 10
44 43 10
45 0 5
45 3 7
45 4 10
45 6 6
45 7 10
45 8 4
45 9 6
45 14 4
45 16 3
45 17 4
45 20 5
45 21 4
45 23 8
45 24 10
45 25 2
45 29 3
45 30 5
45 31 2
45 34 5
45 35 1
45 36 9
45 37 8
45 38 8
45 39 2
45 40 1
45 42 6
45 43 4
45 44 10
46 3 1
46 4 7
46 7 4
46 8 8
46 9 9
46 11 6
46 18 7
46 21 6
46 22 9
46 28 10
46 30 10
46 31 7
46 32 2
46 33 6
46 34 1
46 35 1
46 36 7
46 42 7
47 0 1
47 1 10
47 2 9
47 4 9
47 6 5
47 7 9
47 8 2
47 10 3
47 11 7
47 12 9
47 13 10
47 14 10
47 15 6
47 18 1
47 19 6
47 22 5
47 24 1
47 25 5
47 28 7
47 29 7
47 32 1
47 35 2
47 36 6
47 37 10
47 38 2
47 39 4
47 40 6
47 44 5
47 46 7
48 1 5
48 3 5
48 4 6
48 7 2
48 8 8
48 10 3
48 13 5
48 15 6
48 16 7
48 17 9
48 18 5
48 20 7
48 21 3
48 22 4
48 26 3
48 27 8
48 31 1
48 33 2
48 40 7
48 45 10
48 46 5
48 47 6
49 1 4
49 2 10
49 4 6
49 6 5
49 7 8
49 8 10
49 9 1
49 12 9
49 15 5
49 16 9
49 18 4
49 19 1
49 20 6
49 21 6
49 22 8
49 23 1
49 25 6
49 26 1
49 27 7
49 29 4
49 30 3
49 34 8
49 36 4
49 39 6
49 40 2
49 41 7
49 43 9
49 45 5
49 46 9
49 48 5
50 2 2
50 4 9
50 5 8
50 7 4
50 8 1
50 9 6
50 11 4
50 12 10
50 15 10
50 18 7
50 20 6
50 21 10
50 22 5
50 23 10
50 27 10
50 28 2
50 31 1
50 33 10
50 35 9
50 36 7
50 37 4
50 38 1
50 39 6
50 40 7
50 42 2
50 47 2
50 48 2
51 0 7
51 1 4
51 2 8
51 3 7
51 5 9
51 6 2
51 7 10
51 8 6
51 9 3
51 12 5
51 13 3
51 15 1
51 17 4
51 19 5
51 23 4
51 26 7
51 27 5
51 28 3
51 29 9
51 32 8
51 33 8
51 36 7
51 39 1
51 42 7
51 44 8
51 45 4
51 46 8
51 47 9
51 48 2
51 50 3
52 0 5
52 1 7
52 2 4
52 5 1
52 7 8
52 11 9
52 12 9
52 15 7
52 16 4
52 17 7
52 18 9
52 19 1
52 20 6
52 22 8
52 23 8
52 24 9
52 25 8
52 27 4
52 33 4
52 34 8
52 35 10
52 36 9
52 39 5
52 40 5
52 42 6
52 43 2
52 44 9
52 46 3
52 47 6
52 50 4
53 0 5
53 1 5
53 3 2
53 4 4
53 5 2
53 7 4
53 8 6
53 9 2
53 10 1
53 11 9
53 14 8
53 15 2
53 16 3
53 18 5
53 20 2
53 23 2
53 24 6
53 26 5
53 29 4
53 31 7
53 32 7
53 33 6
53 34 6
53 36 10
53 37 8
53 38 9
53 40 9
53 41 7
53 43 2
53 44 8
53 45 7
53 47 9
53 50 2
53 51 8
53 52 3
54 0 4
54 1 8
54 4 7
54 5 4
54 6 9
54 7 1
54 11 1
54 12 4
54 14 2
54 15 2
54 16 7
54 17 10
54 18 4
54 19 3
54 20 1
54 22 5
54 23 1
54 25 6
54 26 3
54 27 5
54 29 3
54 30 7
54 31 4
54 32 2
54 44 9
54 45 9
54 48 6
54 52 1
54 53 3
55 5 1
55 7 7
55 8 1
55 9 1
55 10 2
55 11 5
55 12 8
55 13 5
55 14 2
55 15 3
55 16 3
55 17 4
55 20 4
55 21 6
55 28 1
55 29 6
55 30 8
55 31 7
55 32 8
55 34 10
55 35 4
55 36 7
55 37 2
55 39 6
55 41 6
55 42 6
55 43 6
55 44 6
55 46 4
55 47 6
55 49 3
55 50 2
55 54 6
56 0 9
56 2 4
56 6 1
56 7 10
56 8 4
56 11 6
56 12 8
56 13 4
56 19 7
56 22 4
56 23 7
56 24 8
56 25 7
56 27 9
56 30 3
56 31 1
56 37 10
56 39 1
56 41 1
56 42 1
56 45 1
56 49 4
56 50 1
56 53 9
56 55 9
57 1 7
57 2 9
57 5 7
57 7 4
57 12 10
57 13 8
57 14 6
57 15 7
57 16 3
57 17 6
57 18 8
57 20 5
57 23 5
57 28 9
57 29 6
57 30 6
57 32 3
57 33 6
57 34 3
57 35 5
57 37 3
57 38 2
57 43 1
57 46 10
57 47 3
57 48 1
57 50 3
57 51 4
57 55 6
57 56 8
58 1 2
58 2 8
58 3 8
58 4 8
58 6 10
58 7 7
58 8 6
58 10 3
58 12 2
58 14 4
58 17 1
58 19 5
58 20 3
58 21 6
58 23 10
58 24 3
58 26 5
58 27 1
58 28 3
58 34 7
58 36 6
58 37 2
58 38 2
58 40 6
58 42 7
58 44 6
58 46 4
58 50 2
58 55 4
58 57 1
59 0 6
59 1 6
59 2 7
59 4 5
59 5 5
59 6 6
59 7 7
59 8 7
59 9 10
59 12 2
59 15 1
59 19 1
59 20 4
59 21 10
59 24 7
59 26 2
59 29 3
59 32 8
59 37 5
59 39 2
59 40 9
59 41 9
59 42 7
59 44 10
59 46 6
59 49 3
59 50 9
59 53 6
59 54 5
59 55 5
59 56 2
60 0 8
60 1 2
60 3 2
60 4 6
60 5 10
60 6 5
60 8 3
60 10 3
60 15 3
60 16 6
60 17 6
60 18 8
60 19 10
60 21 7
60 25 7
60 27 5
60 28 7
60 34 3
60 35 7
60 36 4
60 37 5
60 38 5
60 41 6
60 42 5
60 43 1
60 44 7
60 46 8
60 49 2
60 53 2
60 54 2
60 56 10
60 57 5
60 59 6
61 0 8
61 1 5
61 2 8
61 3 2
61 6 9
61 8 2
61 10 9
61 12 9
61 13 7
61 19 2
61 22 5
61 23 4
61 25 9
61 27 8
61 28 9
61 29 7
61 30 4
61 31 5
61 34 6
61 38 5
61 39 1
61 42 10
61 44 1
61 45 8
61 46 5
61 47 8
61 50 7
61 51 8
61 52 6
61 53 2
61 54 2
61 55 2
61 58 2
61 59 2
62 0 1
62 2 6
62 3 1
62 4 1
62 6 8
62 7 10
62 9 1
62 13 1
62 14 5
62 17 3
62 19 1
62 22 1
62 24 6
62 26 8
62 27 8
62 32 6
62 35 8
62 36 5
62 37 9
62 40 7
62 41 7
62 42 5
62 44 2
62 45 2
62 47 1
62 50 7
62 51 1
62 53 5
62 54 2
62 57 6
62 61 10
63 1 2
63 2 9
63 3 6
63 6 3
63 7 5
63 8 4
63 9 6
63 10 2
63 11 9
63 13 7
63 14 4
63 15 4
63 16 1
63 17 3
63 18 8
63 27 10
63 29 10
63 30 2
63 31 2
63 33 6
63 34 2
63 35 6
63 38 1
63 39 9
63 40 7
63 43 5
63 45 5
63 46 6
63 47 2
63 48 10
63 49 8
63 52 7
63 55 5
63 57 5
63 58 1
63 61 10
63 62 3
64 0 9
64 5 8
64 6 8
64 7 4
64 8 8
64 11 2
64 14 9
64 19 2
64 20 8
64 23 8
64 28 6
64 30 5
64 31 6
64 32 7
64 34 5
64 37 8
64 40 2
64 42 2
64 43 3
64 44 2
64 45 2
64 48 3
64 49 1
64 55 5
64 56 4
64 58 8
64 59 4
