25
2 0 11
2 1 7
4 0 12
4 1 19
4 2 22
6 0 42
6 1 39
6 2 14
6 5 33
7 0 27
7 3 44
7 6 6
8 0 36
8 3 39
8 5 41
8 6 11
9 0 25
9 2 26
9 3 4
9 5 19
9 7 40
9 8 10
10 1 43
10 3 16
10 5 24
10 6 24
10 7 36
10 9 49
11 1 45
11 2 44
11 3 39
11 6 29
12 0 22
12 6 12
12 9 15
12 11 45
13 1 3
13 4 2
13 5 11
13 6 12
13 8 50
13 10 37
13 11 29
13 12 17
14 1 19
14 2 12
14 5 29
14 6 2
14 8 12
14 9 7
14 13 1
15 3 27
15 5 19
15 6 32
15 9 7
15 10 24
15 13 23
16 1 11
16 3 2
16 5 41
16 6 6
16 8 2
16 9 37
16 12 10
16 14 46
17 2 11
17 5 25
17 11 16
17 14 44
17 15 20
18 0 32
18 1 20
18 3 10
18 4 47
18 7 38
18 8 15
18 11 12
18 12 34
18 13 41
18 15 45
18 16 13
18 17 19
19 1 17
19 3 19
19 5 40
19 6 3
19 7 14
19 10 46
19 12 28
19 13 46
19 14 33
19 16 28
19 18 40
20 0 40
20 1 8
20 3 4
20 6 28
20 10 41
20 11 48
20 12 14
21 0 13
21 4 47
21 7 39
21 9 16
21 11 10
21 12 32
21 13 24
21 15 15
21 16 21
21 18 22
21 20 22
22 0 8
22 1 41
22 2 8
22 5 18
22 10 35
22 12 48
22 16 15
22 18 49
22 21 33
23 0 45
23 4 28
23 6 32
23 9 25
23 13 10
23 14 21
23 15 21
23 17 20
23 22 46
24 0 49
24 1 10
24 3 29
24 8 25
24 9 47
24 13 27
24 14 37
24 15 24
24 16 14
24 17 23
24 18 15
24 20 37
