50
1 0 98
2 0 18
4 0 57
4 1 64
4 2 51
4 3 62
5 2 11
5 3 85
5 4 20
6 1 67
6 2 70
7 1 92
7 2 63
8 0 74
8 2 20
8 6 28
8 7 93
9 1 100
9 3 89
9 4 48
9 5 11
10 0 89
10 5 13
10 6 98
10 9 9
11 2 95
11 3 53
11 4 1
11 5 27
11 6 50
11 7 72
11 10 46
12 1 48
12 2 37
12 3 10
12 5 72
12 6 5
12 9 93
12 11 79
13 0 55
13 1 59
13 2 65
13 4 69
13 5 81
13 6 53
13 7 65
13 11 31
13 12 42
14 1 81
14 2 69
14 4 29
14 5 43
14 7 55
14 12 37
15 2 24
15 3 49
15 6 83
15 7 35
15 9 7
15 10 2
15 11 77
15 12 58
16 0 97
16 1 78
16 3 57
16 4 97
16 8 64
16 12 7
16 13 79
16 14 51
17 2 88
17 3 94
17 4 92
17 5 15
17 7 10
17 8 72
17 10 92
17 11 49
17 12 85
17 14 34
17 16 27
18 0 33
18 1 48
18 2 95
18 4 47
18 5 68
18 6 71
18 9 13
18 11 85
18 14 2
18 15 55
18 16 53
18 17 64
19 1 91
19 5 53
19 7 59
19 10 57
19 13 36
19 14 15
19 17 65
20 1 74
20 5 66
20 6 19
20 7 51
20 8 16
20 11 85
20 12 81
20 14 10
20 16 59
21 0 46
21 5 48
21 7 93
21 9 55
21 10 32
21 11 67
21 12 12
21 13 48
21 16 35
22 0 93
22 1 4
22 3 68
22 4 46
22 5 54
22 6 20
22 8 9
22 9 36
22 10 46
22 11 37
22 13 77
22 15 71
22 17 23
22 18 88
22 19 35
23 0 53
23 2 38
23 3 82
23 8 100
23 9 52
23 10 29
23 13 10
23 14 70
23 15 1
23 16 5
23 17 63
23 20 2
24 0 81
24 3 76
24 5 32
24 12 8
24 13 12
24 15 27
24 16 77
24 18 72
25 1 94
25 3 88
25 6 42
25 8 51
25 9 63
25 10 54
25 11 15
25 14 91
25 18 41
25 24 98
26 1 74
26 2 36
26 3 48
26 4 43
26 7 28
26 8 83
26 10 72
26 11 17
26 12 99
26 14 53
26 16 48
26 17 16
26 18 76
26 21 10
26 22 99
26 23 95
26 25 73
27 1 4
27 4 92
27 5 99
27 6 49
27 7 81
27 9 65
27 11 23
27 13 85
27 16 40
27 17 14
27 19 80
27 21 82
27 22 59
27 24 20
27 25 45
27 26 83
28 0 86
28 5 21
28 7 71
28 10 69
28 14 21
28 18 27
28 19 84
28 21 67
28 24 71
28 26 18
28 27 60
29 2 100
29 5 65
29 7 22
29 12 2
29 14 37
29 16 95
29 19 97
29 22 60
29 24 34
29 27 52
29 28 64
30 0 19
30 1 40
30 2 51
30 3 17
30 4 33
30 8 17
30 9 75
30 10 76
30 12 6
30 15 4
30 16 20
30 17 42
30 19 44
30 21 80
30 23 43
30 25 51
30 27 43
30 28 46
31 2 39
31 3 6
31 4 59
31 6 1
31 7 16
31 11 76
31 12 45
31 14 28
31 15 81
31 16 57
31 17 50
31 18 11
31 19 12
31 23 79
31 24 81
31 26 97
31 27 64
31 29 88
31 30 68
32 1 98
32 2 69
32 4 26
32 6 28
32 7 74
32 9 37
32 11 11
32 13 39
32 14 85
32 15 100
32 17 96
32 19 46
32 20 26
32 21 51
32 23 82
32 24 93
33 1 11
33 3 43
33 4 24
33 5 53
33 6 75
33 7 95
33 9 81
33 10 98
33 12 69
33 14 42
33 17 75
33 19 18
33 21 25
33 23 38
33 25 61
33 26 16
33 30 71
33 32 88
34 3 78
34 9 88
34 10 69
34 13 2
34 15 6
34 16 15
34 17 17
34 18 24
34 27 16
34 28 13
34 32 78
34 33 100
35 0 69
35 1 52
35 3 62
35 6 79
35 7 49
35 9 49
35 10 51
35 16 29
35 21 27
35 22 28
35 23 41
35 24 78
35 25 73
35 28 26
35 30 66
35 31 63
35 34 85
36 1 74
36 6 45
36 7 39
36 8 74
36 10 50
36 13 74
36 19 59
36 20 100
36 22 75
36 24 18
36 26 61
36 27 46
36 29 7
36 30 13
36 31 79
36 34 82
36 35 16
37 0 82
37 1 22
37 2 84
37 3 6
37 4 28
37 8 45
37 9 97
37 15 1
37 16 3
37 17 70
37 20 49
37 21 1
37 27 22
37 28 73
37 29 45
37 30 40
37 32 14
37 34 22
37 35 20
38 2 21
38 4 44
38 5 24
38 6 93
38 7 75
38 10 61
38 11 5
38 14 45
38 17 65
38 18 19
38 19 49
38 20 79
38 26 57
38 29 88
38 30 67
38 33 83
38 35 47
38 36 22
38 37 62
39 0 89
39 3 47
39 8 35
39 9 68
39 10 96
39 11 60
39 14 3
39 15 84
39 16 63
39 17 85
39 19 64
39 21 52
39 22 3
39 25 88
39 27 26
39 28 94
39 29 13
39 32 60
40 1 48
40 8 23
40 10 62
40 11 43
40 13 14
40 15 84
40 23 5
40 24 78
40 25 57
40 26 63
40 29 68
40 30 56
40 32 60
40 34 65
40 37 55
41 1 26
41 4 47
41 5 12
41 6 10
41 7 39
41 8 58
41 9 95
41 10 24
41 12 62
41 17 100
41 22 32
41 23 97
41 25 44
41 28 39
41 30 14
41 34 66
41 35 3
41 37 11
41 38 97
41 40 63
42 0 51
42 7 87
42 10 100
42 13 66
42 14 98
42 15 2
42 24 17
42 29 90
42 30 4
42 33 70
42 35 97
42 38 43
43 1 99
43 2 62
43 3 75
43 4 1
43 5 34
43 7 1
43 8 31
43 10 79
43 11 63
43 14 60
43 16 52
43 18 43
43 21 28
43 22 77
43 23 18
43 26 6
43 27 46
43 28 68
43 30 59
43 32 47
43 33 28
43 39 57
43 41 65
44 0 46
44 2 72
44 6 2
44 7 24
44 8 8
44 10 47
44 11 54
44 13 11
44 15 38
44 17 93
44 20 70
44 22 33
44 24 40
44 27 86
44 30 9
44 32 66
44 33 5
44 35 76
44 37 16
44 38 44
44 39 87
44 40 48
45 0 58
45 1 9
45 5 79
45 8 31
45 9 25
45 14 49
45 15 29
45 16 82
45 18 50
45 21 4
45 23 100
45 24 28
45 25 63
45 26 55
45 27 52
45 30 79
45 31 17
45 32 53
45 33 48
45 34 43
45 37 67
45 39 5
45 41 80
45 42 78
45 43 33
46 0 66
46 1 65
46 2 66
46 5 22
46 6 53
46 7 39
46 10 89
46 11 44
46 12 96
46 13 54
46 14 70
46 18 67
46 19 90
46 21 37
46 22 18
46 25 70
46 27 46
46 30 5
46 31 73
46 33 14
46 34 90
46 36 8
46 38 6
46 39 89
46 41 27
46 42 99
46 44 94
46 45 34
47 0 2
47 2 23
47 4 35
47 5 77
47 9 35
47 10 88
47 12 14
47 14 26
47 15 27
47 18 51
47 21 23
47 25 5
47 26 83
47 32 31
47 38 74
47 39 8
47 42 65
48 1 73
48 8 1
48 10 24
48 11 77
48 14 9
48 16 56
48 19 8
48 22 95
48 23 8
48 24 37
48 25 63
48 27 31
48 31 47
48 33 68
48 36 18
48 38 91
48 39 57
48 41 9
48 42 69
48 43 56
48 44 71
48 45 86
48 47 10
49 3 32
49 5 29
49 8 93
49 11 41
49 13 21
49 15 4
49 18 61
49 21 86
49 27 99
49 35 94
49 39 21
49 43 73
49 46 77
49 47 65
49 48 23
