40
1 0 33
2 0 36
2 1 31
3 0 40
3 1 60
3 2 93
4 0 20
4 3 78
5 0 41
5 1 63
5 2 23
5 3 87
5 4 56
6 0 42
6 1 50
7 1 21
7 3 82
7 6 9
8 2 31
8 3 14
8 6 5
8 7 74
9 1 22
9 2 28
9 4 34
9 6 95
9 8 34
10 4 26
10 5 73
10 8 15
10 9 73
11 2 73
11 3 86
11 5 56
11 6 6
11 7 31
12 3 81
12 4 5
12 5 19
12 8 42
12 11 22
13 2 34
13 3 33
13 5 98
13 8 52
13 10 83
13 11 65
14 1 9
14 2 38
14 5 47
14 6 88
14 7 55
14 8 90
14 10 43
14 11 99
14 13 7
15 0 26
15 1 61
15 2 33
15 4 38
15 5 66
15 7 83
15 9 86
15 10 30
15 11 30
15 12 93
15 13 50
15 14 19
16 0 40
16 4 20
16 5 42
16 7 96
16 8 59
16 9 81
16 10 22
17 0 57
17 2 71
17 3 70
17 4 4
17 9 55
17 11 10
17 13 4
17 14 78
18 0 8
18 2 45
18 4 50
18 5 21
18 6 1
18 7 83
18 8 39
18 10 61
18 13 63
18 14 70
18 15 2
18 16 60
18 17 56
19 0 55
19 1 2
19 4 5
19 5 46
19 10 55
19 11 23
19 17 42
19 18 4
20 0 10
20 1 28
20 5 94
20 6 20
20 10 36
20 11 96
20 13 4
20 14 91
20 16 23
20 17 65
20 18 6
20 19 60
21 0 70
21 1 98
21 3 24
21 9 36
21 10 52
21 11 71
21 12 100
21 13 25
21 14 95
21 16 81
21 19 28
21 20 8
22 1 78
22 4 41
22 7 95
22 8 99
22 9 80
22 13 21
22 14 70
22 20 25
22 21 94
23 1 32
23 3 55
23 4 44
23 8 30
23 9 48
23 12 92
23 14 53
23 16 73
23 17 91
23 19 45
24 0 92
24 1 28
24 2 75
24 5 8
24 8 87
24 9 64
24 12 67
24 13 24
24 14 22
24 16 31
24 17 6
24 18 54
24 23 3
25 0 93
25 2 37
25 3 53
25 6 93
25 8 54
25 11 78
25 12 50
25 16 56
25 18 29
25 20 77
25 22 27
25 24 77
26 10 47
26 11 64
26 12 61
26 13 72
26 15 49
26 17 12
26 19 97
26 25 9
27 0 10
27 1 36
27 2 85
27 6 3
27 9 60
27 10 27
27 13 22
27 14 96
27 16 44
27 19 31
27 21 23
27 23 58
27 24 30
27 25 69
27 26 5
28 2 53
28 8 33
28 12 7
28 17 91
28 21 25
28 22 4
28 24 11
28 25 79
28 27 73
29 1 37
29 2 48
29 4 30
29 5 94
29 6 35
29 7 2
29 8 4
29 9 97
29 10 30
29 11 96
29 12 84
29 15 23
29 16 27
29 17 80
29 21 74
29 25 34
29 26 72
29 28 21
30 2 24
30 3 69
30 6 24
30 8 19
30 9 63
30 13 41
30 18 42
30 19 69
30 21 51
30 22 68
30 23 14
31 1 40
31 2 52
31 6 8
31 8 56
31 11 77
31 12 56
31 14 64
31 16 9
31 18 34
31 19 3
31 24 68
31 25 32
31 26 94
31 28 7
32 1 62
32 3 41
32 4 31
32 7 50
32 9 39
32 10 87
32 11 29
32 18 48
32 20 6
32 27 80
32 29 29
32 31 80
33 2 58
33 3 30
33 4 33
33 5 34
33 9 12
33 10 19
33 11 97
33 13 85
33 16 98
33 17 32
33 18 36
33 21 5
33 22 7
33 23 19
33 25 63
33 27 12
33 28 27
33 29 56
33 30 19
33 31 26
33 32 2
34 1 17
34 3 91
34 5 57
34 7 71
34 8 90
34 9 86
34 12 78
34 13 50
34 15 40
34 17 92
34 19 10
34 20 87
34 23 3
34 25 54
34 27 73
34 31 71
34 32 9
34 33 71
35 0 89
35 3 36
35 4 12
35 5 33
35 6 95
35 8 50
35 13 83
35 14 71
35 16 23
35 17 96
35 22 63
35 23 3
35 24 81
35 25 8
35 27 50
35 28 41
35 30 51
35 32 90
36 2 67
36 3 100
36 4 69
36 6 71
36 7 13
36 9 67
36 10 22
36 11 42
36 12 32
36 16 60
36 17 11
36 20 87
36 21 12
36 22 57
36 35 11
37 1 87
37 4 43
37 6 28
37 10 76
37 17 26
37 19 59
37 21 97
37 26 55
37 28 5
37 32 44
37 34 9
37 36 99
38 0 8
38 2 73
38 4 32
38 6 14
38 11 11
38 13 2
38 15 20
38 16 60
38 18 39
38 19 32
38 20 76
38 23 63
38 28 70
38 31 66
38 32 67
38 33 73
38 34 74
38 35 40
38 36 80
39 0 30
39 2 94
39 4 20
39 7 94
39 8 91
39 11 49
39 13 31
39 15 54
39 16 70
39 17 35
39 19 13
39 21 99
39 22 53
39 24 98
39 25 4
39 26 98
39 28 98
39 31 15
39 33 84
39 36 66
