60
2 1 27
3 0 22
4 0 20
4 1 55
5 0 79
5 2 16
5 4 70
6 0 37
6 1 46
6 4 36
7 3 2
7 4 91
7 5 82
8 2 66
8 6 93
9 0 21
9 1 35
9 2 87
9 3 43
9 5 27
9 6 69
9 7 45
10 1 19
10 3 9
10 5 52
10 6 46
10 7 22
10 9 3
11 2 19
11 4 65
11 5 69
11 8 94
11 9 88
12 0 18
12 2 50
12 3 16
12 4 69
12 5 99
12 6 81
12 7 59
12 8 92
12 9 77
12 10 77
13 0 75
13 1 57
13 5 64
13 6 62
13 7 55
13 11 22
13 12 62
14 0 5
14 4 59
14 6 64
14 10 28
14 11 40
15 0 41
15 1 82
15 3 2
15 4 98
15 8 12
15 9 58
15 13 57
16 0 55
16 4 2
16 5 24
16 6 56
16 10 22
16 11 98
16 12 92
16 13 99
16 14 83
16 15 89
17 0 78
17 3 57
17 4 98
17 5 28
17 9 85
17 11 75
17 12 37
17 13 98
17 14 26
18 2 78
18 3 70
18 5 56
18 6 56
18 8 88
18 9 24
18 11 43
18 12 80
18 13 14
18 15 27
18 17 94
19 0 48
19 2 8
19 3 83
19 4 96
19 5 78
19 6 43
19 10 83
19 12 84
19 15 5
19 17 53
19 18 32
20 3 15
20 4 68
20 6 62
20 7 83
20 10 94
20 11 45
20 13 33
20 16 85
20 17 5
20 18 68
20 19 88
21 0 77
21 2 28
21 3 58
21 4 55
21 7 98
21 8 38
21 9 47
21 11 80
21 17 52
21 18 31
21 19 29
22 1 40
22 2 78
22 4 45
22 7 69
22 11 28
22 13 52
22 15 25
22 17 87
22 19 39
23 2 59
23 3 53
23 6 80
23 8 4
23 10 28
23 11 47
23 12 64
23 13 22
23 14 15
23 15 95
23 16 59
23 17 56
23 18 67
23 20 41
23 21 63
23 22 68
24 0 55
24 2 43
24 3 14
24 5 59
24 6 12
24 7 5
24 9 36
24 11 47
24 12 17
24 15 25
24 17 99
24 20 22
24 21 88
24 22 59
24 23 46
25 0 92
25 1 48
25 4 65
25 9 65
25 11 32
25 12 62
25 13 73
25 18 60
25 19 32
25 23 49
26 1 11
26 2 81
26 3 75
26 11 20
26 13 34
26 14 2
26 15 23
26 18 2
26 21 21
26 22 69
26 25 91
27 4 68
27 7 10
27 9 51
27 10 88
27 14 38
27 19 91
27 23 78
27 24 42
27 25 61
27 26 32
28 0 81
28 1 28
28 2 33
28 3 56
28 4 18
28 6 52
28 7 54
28 10 85
28 11 83
28 14 98
28 15 89
28 16 68
28 18 9
28 19 41
28 20 39
28 23 55
28 24 89
29 0 52
29 1 15
29 3 19
29 9 19
29 10 94
29 13 31
29 14 22
29 15 4
29 17 20
29 20 5
29 24 68
29 26 79
30 0 49
30 1 100
30 4 38
30 6 51
30 10 84
30 13 60
30 14 72
30 15 40
30 17 29
30 19 47
30 20 46
30 22 37
30 23 63
30 26 33
30 27 90
31 1 65
31 7 39
31 10 47
31 11 87
31 12 45
31 13 44
31 15 16
31 16 45
31 17 87
31 20 44
31 25 49
31 26 43
31 27 86
31 28 82
32 5 38
32 6 40
32 8 30
32 10 38
32 11 97
32 12 74
32 13 8
32 15 58
32 16 41
32 19 15
32 21 78
32 23 73
32 24 17
32 25 87
32 29 39
33 2 63
33 3 41
33 5 9
33 7 50
33 9 77
33 11 3
33 13 12
33 14 12
33 16 1
33 17 19
33 19 67
33 22 50
33 24 97
33 26 81
33 29 76
33 30 17
33 31 15
34 0 1
34 2 4
34 6 70
34 7 90
34 8 11
34 13 6
34 15 14
34 17 43
34 24 89
34 25 49
34 26 41
34 28 37
34 29 69
34 30 60
35 1 19
35 3 9
35 4 82
35 5 100
35 6 47
35 8 22
35 9 16
35 10 49
35 19 66
35 20 21
35 22 15
35 26 97
35 28 12
35 30 83
35 32 40
36 2 21
36 3 54
36 5 78
36 8 40
36 9 26
36 10 40
36 11 67
36 12 83
36 15 85
36 19 20
36 23 21
36 24 75
36 25 44
36 26 99
36 27 91
36 31 6
36 35 81
37 0 13
37 6 61
37 8 51
37 9 60
37 12 23
37 13 76
37 14 58
37 15 70
37 19 65
37 20 26
37 21 67
37 26 5
37 29 92
37 30 62
37 33 79
37 34 41
38 1 65
38 2 77
38 3 51
38 6 25
38 8 55
38 11 69
38 12 18
38 14 21
38 15 100
38 16 32
38 17 5
38 26 33
38 28 49
38 30 50
38 33 88
39 3 44
39 4 86
39 5 12
39 6 57
39 7 31
39 8 26
39 9 80
39 10 3
39 11 8
39 13 70
39 16 72
39 19 67
39 20 33
39 29 4
39 30 66
39 32 4
39 33 43
39 34 88
39 35 54
39 37 53
39 38 33
40 1 78
40 2 56
40 6 3
40 8 84
40 10 68
40 12 77
40 14 16
40 15 13
40 17 17
40 20 46
40 21 52
40 22 74
40 23 85
40 24 24
40 26 57
40 27 72
40 28 11
40 29 6
40 30 69
40 32 81
40 34 94
40 39 20
41 0 12
41 2 14
41 3 77
41 5 96
41 7 45
41 9 50
41 14 99
41 15 26
41 17 26
41 18 66
41 19 66
41 20 45
41 21 19
41 22 63
41 25 95
41 26 90
41 27 61
41 28 22
41 31 36
41 32 17
41 33 24
41 39 89
42 0 60
42 2 2
42 3 1
42 4 26
42 9 58
42 11 19
42 18 17
42 26 70
42 38 6
43 0 43
43 2 37
43 3 50
43 5 7
43 6 23
43 11 66
43 12 21
43 14 51
43 18 62
43 20 64
43 23 82
43 27 21
43 28 57
43 30 80
43 35 1
43 37 80
43 42 68
44 2 30
44 3 68
44 10 85
44 14 46
44 15 6
44 18 9
44 19 96
44 23 50
44 25 75
44 30 70
44 32 10
44 33 18
44 34 99
44 35 96
44 36 53
44 37 49
44 38 75
44 39 4
44 40 43
44 41 27
44 42 4
45 1 72
45 3 50
45 4 33
45 5 25
45 7 14
45 12 58
45 14 86
45 15 29
45 16 31
45 18 47
45 19 78
45 20 43
45 21 38
45 22 26
45 28 8
45 31 96
45 38 44
45 39 63
45 40 19
45 43 36
46 3 67
46 5 20
46 6 40
46 7 42
46 11 15
46 12 78
46 13 64
46 14 100
46 16 33
46 17 64
46 18 8
46 22 84
46 23 50
46 25 42
46 26 76
46 27 98
46 29 32
46 30 93
46 31 53
46 32 24
46 33 90
46 34 44
46 36 92
46 40 25
46 41 96
46 42 25
46 43 12
46 45 10
47 0 95
47 4 87
47 5 26
47 7 20
47 8 18
47 15 18
47 19 72
47 20 30
47 22 70
47 23 81
47 24 14
47 25 34
47 26 3
47 29 11
47 30 18
47 31 48
47 32 87
47 35 12
47 37 82
47 38 59
47 40 33
47 44 87
48 0 94
48 1 26
48 2 68
48 4 89
48 5 54
48 10 71
48 11 72
48 12 67
48 16 31
48 17 46
48 18 47
48 20 31
48 21 95
48 23 97
48 28 6
48 29 46
48 30 11
48 31 5
48 32 56
48 33 2
48 34 31
48 35 75
48 38 50
48 40 2
48 41 61
48 44 47
48 45 88
49 2 59
49 5 51
49 7 23
49 8 73
49 12 75
49 13 49
49 21 56
49 26 89
49 29 53
49 30 51
49 31 46
49 32 93
49 38 61
49 39 96
49 40 39
49 42 2
49 45 21
50 0 30
50 2 49
50 4 92
50 6 9
50 7 64
50 10 71
50 11 46
50 16 88
50 17 30
50 19 54
50 22 8
50 24 97
50 26 65
50 27 60
50 30 37
50 32 8
50 33 31
50 35 7
50 36 40
50 37 3
50 39 49
50 40 24
50 43 16
50 44 29
50 47 46
50 49 46
51 2 13
51 3 54
51 5 38
51 8 59
51 9 44
51 11 22
51 14 46
51 15 77
51 16 40
51 18 4
51 20 3
51 30 25
51 31 11
51 32 25
51 34 38
51 35 77
51 36 11
51 38 90
51 39 45
51 45 18
51 46 80
51 48 25
51 49 100
51 50 37
52 2 13
52 3 91
52 5 83
52 6 8
52 8 63
52 10 80
52 16 78
52 17 38
52 18 85
52 21 48
52 22 93
52 24 52
52 25 100
52 26 19
52 27 20
52 28 35
52 29 77
52 30 74
52 31 34
52 32 88
52 36 14
52 37 83
52 38 99
52 40 62
52 43 9
52 48 90
52 50 18
52 51 24
53 0 79
53 2 37
53 5 2
53 6 20
53 8 52
53 10 44
53 13 39
53 14 64
53 17 94
53 18 29
53 20 93
53 21 5
53 23 89
53 24 91
53 25 76
53 27 79
53 29 19
53 30 73
53 31 45
53 34 2
53 35 5
53 36 60
53 38 68
53 41 31
53 42 27
53 44 91
53 45 3
53 46 44
53 52 88
54 0 18
54 2 12
54 3 47
54 6 49
54 7 21
54 8 45
54 10 26
54 12 30
54 13 43
54 17 31
54 19 65
54 20 35
54 21 16
54 24 34
54 30 12
54 36 59
54 37 90
54 39 61
54 40 12
54 43 97
54 44 40
54 48 30
54 50 21
54 51 31
54 52 27
55 2 97
55 3 16
55 4 29
55 5 64
55 7 54
55 12 88
55 13 69
55 15 58
55 21 20
55 22 1
55 26 38
55 28 4
55 29 74
55 32 17
55 34 28
55 36 59
55 37 38
55 38 44
55 41 1
55 44 83
55 48 85
55 49 34
55 50 66
55 52 22
55 53 21
55 54 16
56 1 43
56 3 37
56 5 93
56 6 14
56 7 84
56 8 62
56 9 48
56 10 18
56 13 17
56 14 67
56 15 17
56 20 41
56 21 48
56 22 26
56 23 52
56 25 2
56 28 14
56 29 13
56 31 28
56 35 97
56 37 20
56 38 39
56 39 38
56 40 1
56 41 80
56 42 21
56 44 3
56 45 2
56 48 13
56 50 12
56 52 54
56 53 48
56 55 45
57 1 55
57 2 36
57 6 89
57 7 46
57 8 76
57 9 6
57 10 7
57 14 56
57 15 99
57 19 68
57 20 18
57 25 41
57 27 82
57 31 86
57 35 68
57 36 47
57 38 79
57 39 2
57 40 42
57 44 22
57 45 2
57 46 30
57 48 31
57 49 36
57 54 10
58 2 32
58 4 15
58 6 40
58 7 86
58 9 52
58 13 87
58 16 9
58 23 70
58 24 53
58 26 1
58 27 8
58 28 86
58 31 26
58 33 59
58 36 45
58 37 63
58 40 91
58 45 3
58 46 13
58 48 58
58 51 43
58 53 82
58 54 63
58 55 11
58 57 93
59 0 31
59 1 86
59 2 72
59 5 3
59 7 25
59 8 80
59 11 99
59 14 75
59 16 69
59 18 59
59 19 12
59 22 79
59 23 6
59 26 15
59 30 64
59 31 54
59 33 30
59 35 11
59 36 77
59 38 50
59 40 18
59 43 3
59 44 1
59 45 77
59 46 65
59 48 7
59 49 59
59 50 39
59 51 14
59 52 70
59 54 53
59 55 11
59 56 20
