55
2 0 53
3 0 7
3 1 27
4 1 56
4 3 51
5 1 15
5 4 3
6 0 55
6 1 92
6 2 52
7 0 16
7 1 46
7 4 11
8 2 5
8 3 54
8 4 57
8 6 38
9 0 70
9 2 9
9 6 34
10 4 46
10 8 52
11 1 34
11 3 86
11 4 12
11 8 47
11 10 90
12 1 40
12 5 15
12 6 50
12 7 70
12 8 5
13 1 75
13 3 8
13 4 67
13 5 15
13 6 77
13 7 5
13 11 51
13 12 98
14 2 41
14 3 37
14 7 28
14 9 91
14 10 35
14 11 59
14 12 99
14 13 17
15 2 80
15 3 13
15 5 22
15 11 9
16 3 7
16 7 94
16 9 1
16 11 84
16 12 71
16 13 97
16 14 71
16 15 79
17 2 50
17 4 61
17 5 16
17 8 54
17 11 79
17 13 6
18 0 81
18 3 82
18 4 81
18 8 62
18 9 23
18 10 92
18 14 43
18 16 73
18 17 17
19 2 3
19 4 21
19 5 28
19 7 7
19 8 91
19 10 77
19 11 5
19 13 99
19 14 53
19 15 37
19 16 6
19 17 60
20 0 8
20 2 70
20 3 49
20 4 11
20 5 28
20 6 92
20 8 34
20 9 80
20 12 77
20 13 15
20 14 32
20 17 29
20 18 26
20 19 84
21 1 73
21 5 77
21 8 20
21 10 33
21 11 64
21 12 35
21 14 13
21 15 75
21 16 91
21 18 62
21 19 65
21 20 93
22 3 1
22 5 90
22 9 34
22 11 14
22 12 8
22 14 66
22 15 9
22 16 48
22 19 42
22 20 49
22 21 56
23 1 80
23 3 28
23 7 75
23 8 61
23 10 25
23 12 61
23 15 12
23 16 38
23 22 38
24 1 35
24 2 5
24 3 23
24 5 94
24 6 100
24 8 46
24 13 80
24 14 86
24 16 19
24 17 9
24 18 91
24 19 4
24 20 62
24 22 16
25 0 65
25 1 52
25 3 66
25 7 46
25 8 25
25 10 50
25 11 19
25 12 65
25 21 2
25 22 42
26 1 98
26 5 67
26 6 52
26 8 30
26 13 61
26 14 52
26 16 40
26 18 81
26 21 53
26 23 100
26 25 57
27 0 50
27 1 18
27 2 58
27 4 31
27 8 66
27 11 12
27 13 36
27 14 8
27 15 96
27 16 12
27 18 98
27 22 87
27 23 52
27 25 96
27 26 25
28 1 84
28 3 92
28 4 20
28 6 79
28 9 13
28 10 63
28 11 100
28 15 86
28 16 14
28 17 87
28 18 38
28 19 34
28 21 79
28 23 16
28 24 92
28 25 9
29 1 4
29 2 3
29 4 34
29 5 82
29 8 39
29 15 60
29 17 66
29 19 19
29 21 69
29 23 52
29 25 98
29 27 5
29 28 94
30 0 50
30 1 12
30 2 14
30 4 13
30 7 55
30 9 30
30 14 81
30 16 2
30 17 62
30 18 26
30 22 59
30 24 19
30 26 97
30 28 2
30 29 51
31 2 72
31 3 9
31 7 90
31 10 34
31 13 13
31 14 89
31 18 23
31 19 86
31 21 76
31 25 6
31 26 83
31 27 33
31 30 76
32 3 93
32 4 85
32 6 56
32 7 50
32 8 48
32 13 9
32 16 1
32 17 7
32 20 50
32 23 41
32 24 13
32 25 63
32 26 91
32 27 2
32 30 50
33 0 97
33 4 69
33 6 66
33 7 44
33 10 22
33 11 11
33 13 19
33 14 43
33 17 58
33 18 16
33 21 21
33 22 13
33 25 84
33 27 73
33 28 51
33 29 36
33 30 72
34 4 73
34 7 73
34 8 22
34 10 77
34 11 66
34 12 38
34 13 12
34 14 62
34 15 23
34 16 40
34 17 80
34 19 26
34 20 87
34 21 5
34 23 88
34 26 1
34 31 92
34 32 6
34 33 13
35 0 35
35 4 21
35 6 22
35 7 45
35 11 13
35 16 39
35 17 43
35 19 3
35 20 7
35 21 51
35 22 47
35 24 13
35 26 27
35 27 94
35 28 10
35 30 20
35 31 87
35 33 71
36 2 10
36 4 44
36 6 67
36 8 79
36 9 7
36 10 44
36 12 22
36 15 66
36 17 93
36 19 66
36 20 90
36 21 93
36 22 24
36 24 14
36 25 59
36 27 86
36 29 93
36 30 85
36 32 14
36 34 89
37 0 80
37 10 58
37 12 59
37 14 98
37 17 81
37 18 66
37 20 50
37 23 54
37 24 71
37 25 85
37 26 35
37 27 100
37 28 15
37 29 81
37 32 52
37 33 71
37 34 80
38 0 97
38 1 74
38 2 75
38 6 76
38 7 17
38 9 68
38 10 81
38 13 29
38 15 95
38 18 74
38 20 32
38 21 78
38 24 69
38 27 15
38 28 26
38 30 34
38 31 4
38 33 6
38 36 19
39 1 49
39 3 56
39 5 64
39 6 57
39 7 41
39 10 10
39 11 7
39 14 34
39 15 23
39 17 46
39 20 90
39 22 26
39 24 34
39 25 36
39 26 69
39 27 87
39 28 27
39 31 6
39 32 44
39 34 65
39 36 33
39 38 58
40 0 15
40 2 81
40 5 94
40 6 39
40 7 62
40 8 31
40 11 65
40 12 45
40 13 13
40 14 50
40 17 20
40 19 6
40 20 80
40 21 31
40 22 62
40 23 74
40 24 10
40 27 23
40 28 13
40 30 77
40 32 35
40 33 11
40 34 86
40 38 91
40 39 29
41 1 15
41 2 61
41 4 67
41 6 73
41 7 61
41 8 46
41 9 71
41 10 41
41 14 77
41 15 77
41 16 80
41 19 70
41 21 54
41 22 18
41 23 95
41 25 72
41 26 91
41 28 97
41 30 81
41 32 20
41 36 17
41 38 80
41 40 62
42 0 48
42 4 16
42 5 65
42 6 10
42 7 78
42 8 73
42 9 24
42 10 60
42 11 53
42 15 4
42 18 6
42 20 83
42 22 67
42 23 22
42 24 78
42 27 59
42 29 21
42 32 24
42 34 42
42 35 16
42 36 55
42 37 42
42 39 55
42 40 12
42 41 60
43 0 87
43 1 19
43 2 86
43 3 37
43 4 96
43 6 100
43 8 51
43 12 64
43 13 23
43 17 71
43 18 38
43 19 58
43 20 41
43 21 69
43 24 67
43 25 27
43 26 76
43 28 36
43 29 97
43 30 81
43 31 48
43 32 41
43 36 89
43 37 60
43 38 3
43 39 58
43 42 62
44 0 83
44 1 100
44 2 99
44 4 60
44 10 78
44 14 82
44 15 31
44 16 64
44 17 41
44 19 1
44 20 43
44 21 1
44 25 16
44 26 87
44 27 70
44 28 20
44 31 67
44 35 90
44 41 40
45 1 95
45 2 29
45 3 32
45 4 45
45 5 91
45 6 82
45 7 95
45 9 44
45 13 72
45 15 14
45 21 79
45 22 20
45 24 84
45 25 44
45 26 10
45 27 45
45 28 58
45 34 91
45 37 51
45 38 4
45 41 21
45 43 30
46 1 68
46 2 34
46 3 14
46 5 70
46 6 98
46 8 32
46 17 7
46 18 19
46 21 94
46 23 82
46 24 37
46 25 65
46 26 79
46 28 37
46 30 63
46 32 80
46 33 57
46 34 63
46 35 77
46 38 33
46 39 100
46 40 45
46 41 42
47 1 69
47 14 30
47 15 37
47 18 91
47 19 83
47 21 29
47 22 27
47 23 84
47 25 59
47 28 51
47 31 52
47 32 84
47 33 70
47 35 25
47 37 59
47 40 2
47 43 27
47 44 31
47 45 53
48 0 69
48 6 31
48 7 4
48 9 17
48 12 99
48 13 40
48 14 11
48 15 47
48 17 26
48 18 23
48 19 20
48 20 88
48 23 56
48 24 91
48 25 2
48 26 88
48 30 47
48 32 8
48 33 21
48 35 51
48 37 99
48 40 58
48 41 53
48 45 31
48 47 43
49 0 79
49 3 32
49 4 61
49 6 29
49 10 9
49 19 81
49 20 67
49 22 87
49 23 87
49 24 75
49 25 88
49 27 96
49 29 75
49 30 5
49 31 71
49 35 97
49 37 58
49 40 93
49 42 1
49 44 35
49 45 6
49 46 77
50 0 19
50 1 36
50 2 95
50 5 87
50 8 75
50 10 93
50 12 100
50 13 24
50 17 64
50 18 61
50 19 85
50 21 92
50 22 32
50 24 61
50 25 20
50 27 72
50 30 33
50 35 74
50 36 13
50 37 23
50 40 80
50 41 26
50 42 26
50 44 13
51 0 49
51 3 26
51 4 89
51 5 88
51 10 43
51 11 100
51 12 44
51 13 23
51 14 58
51 16 37
51 18 36
51 20 33
51 22 53
51 25 16
51 27 97
51 29 68
51 30 42
51 33 11
51 34 93
51 36 32
51 43 82
51 46 67
51 49 64
51 50 57
52 5 55
52 8 12
52 10 29
52 11 76
52 12 18
52 15 71
52 17 66
52 18 43
52 19 51
52 20 97
52 21 29
52 23 20
52 24 97
52 29 65
52 30 80
52 32 96
52 33 29
52 34 44
52 35 59
52 37 30
52 38 22
52 40 20
52 41 28
52 42 66
52 45 46
52 47 20
52 48 65
52 49 53
52 50 50
52 51 43
53 0 3
53 1 97
53 2 7
53 3 47
53 4 75
53 7 58
53 8 70
53 11 66
53 15 54
53 18 29
53 21 95
53 22 46
53 27 88
53 28 6
53 31 61
53 35 11
53 36 79
53 37 38
53 39 38
53 41 34
53 44 42
53 45 87
53 46 73
53 47 99
53 48 4
53 49 90
53 50 95
53 52 91
54 0 82
54 3 30
54 4 59
54 5 67
54 6 96
54 12 16
54 13 96
54 14 66
54 15 41
54 16 7
54 17 15
54 18 54
54 20 57
54 21 31
54 24 50
54 25 32
54 26 29
54 27 83
54 28 84
54 29 81
54 33 31
54 34 72
54 36 60
54 42 3
54 43 69
54 44 84
54 46 48
54 47 60
54 48 12
54 52 50
54 53 66
