70
1 0 62
2 0 98
3 0 63
3 1 83
4 1 22
4 2 100
5 0 97
5 1 4
5 2 13
5 3 26
6 0 39
6 1 34
7 1 99
7 5 49
7 6 42
8 0 34
8 1 45
8 2 90
8 3 55
8 5 47
8 6 7
9 2 68
9 3 7
9 5 53
9 7 45
10 0 67
10 1 81
10 3 100
10 4 61
10 5 59
11 2 11
11 3 46
11 7 100
11 8 4
11 10 88
12 0 90
12 3 70
12 4 66
12 5 32
12 6 97
12 7 36
12 8 52
12 9 73
12 10 10
13 1 3
13 6 57
13 8 36
13 9 93
13 11 50
13 12 50
14 3 10
14 4 98
14 5 15
14 8 65
14 10 71
15 0 96
15 1 97
15 3 64
15 4 12
15 5 97
15 14 97
16 8 24
16 9 5
16 10 9
16 12 40
17 6 38
17 12 37
18 1 46
18 2 38
18 3 75
18 4 95
18 10 78
18 11 85
18 12 58
18 14 49
18 15 92
18 16 51
18 17 25
19 0 27
19 1 4
19 8 75
19 9 22
19 10 75
19 11 17
19 14 76
20 2 58
20 4 37
20 8 30
20 11 14
20 12 34
20 13 36
20 14 32
20 17 83
20 18 97
21 0 55
21 3 43
21 4 29
21 7 83
21 9 43
21 10 76
21 13 24
21 15 86
21 17 79
22 3 3
22 6 3
22 8 14
22 9 9
22 12 75
22 16 9
22 21 50
23 0 17
23 1 35
23 3 78
23 5 72
23 8 31
23 9 24
23 10 91
23 13 99
23 14 2
23 16 91
23 17 5
23 21 25
24 2 66
24 3 21
24 5 91
24 7 73
24 8 54
24 10 1
24 13 90
24 15 79
24 17 94
24 22 97
25 0 72
25 1 81
25 4 77
25 5 47
25 10 32
25 12 74
25 13 12
25 16 60
25 18 73
25 19 58
25 20 83
25 21 69
25 23 43
25 24 18
26 0 49
26 6 6
26 7 11
26 12 99
26 13 10
26 15 100
26 16 60
26 17 87
26 18 97
26 19 87
26 20 50
26 22 31
26 23 80
26 24 92
26 25 49
27 0 76
27 3 15
27 4 22
27 5 2
27 6 3
27 7 65
27 8 91
27 9 10
27 10 88
27 11 64
27 15 93
27 18 31
27 19 36
27 20 64
27 22 37
27 23 35
27 25 80
28 2 76
28 3 79
28 5 69
28 6 81
28 8 56
28 10 2
28 11 15
28 12 97
28 13 51
28 14 51
28 15 77
28 16 85
28 17 21
28 18 49
28 19 44
28 20 100
28 21 87
28 23 24
28 24 3
28 25 5
29 1 18
29 3 43
29 5 8
29 6 43
29 9 65
29 11 11
29 14 27
29 15 21
29 21 58
29 22 97
29 24 28
29 25 38
29 27 22
29 28 25
30 1 92
30 4 70
30 7 86
30 8 44
30 9 76
30 12 71
30 16 98
30 18 4
30 20 63
30 21 49
30 23 7
30 24 8
30 26 4
30 28 42
31 0 8
31 2 61
31 3 73
31 4 25
31 8 16
31 9 65
31 10 59
31 11 83
31 12 24
31 13 91
31 15 7
31 17 99
31 18 52
31 21 49
31 22 90
31 28 44
31 30 53
32 0 39
32 1 74
32 3 95
32 4 42
32 15 60
32 18 46
32 19 21
32 20 61
32 24 10
32 26 100
32 28 29
32 29 39
33 0 93
33 3 19
33 6 83
33 7 70
33 8 38
33 9 3
33 12 5
33 13 43
33 16 5
33 19 22
33 23 41
33 26 28
33 28 72
33 29 99
33 31 77
33 32 7
34 3 99
34 9 56
34 17 94
34 21 7
34 24 75
34 28 21
34 32 83
35 6 33
35 8 41
35 13 95
35 14 23
35 19 49
35 24 91
35 26 81
35 28 69
35 30 12
35 31 37
35 32 66
36 4 81
36 11 57
36 12 56
36 13 59
36 14 90
36 18 26
36 19 76
36 20 43
36 21 38
36 22 6
36 23 19
36 26 55
36 29 16
36 30 13
36 32 44
36 34 89
36 35 9
37 2 53
37 6 61
37 7 92
37 8 18
37 9 89
37 10 29
37 13 46
37 14 30
37 16 98
37 17 17
37 18 43
37 21 60
37 26 92
37 27 92
37 28 95
37 29 88
37 31 70
37 34 3
38 0 37
38 2 68
38 3 39
38 5 31
38 7 3
38 11 7
38 12 81
38 13 42
38 15 44
38 17 23
38 20 43
38 22 9
38 25 70
38 27 1
38 29 57
38 33 29
38 35 34
38 36 60
38 37 87
39 2 45
39 4 49
39 6 61
39 7 23
39 10 53
39 15 76
39 19 84
39 21 2
39 24 92
39 26 90
39 28 58
39 30 91
39 31 61
39 32 67
39 33 7
39 34 48
39 38 55
40 0 31
40 1 51
40 3 98
40 4 66
40 6 34
40 8 50
40 9 5
40 13 9
40 14 79
40 15 64
40 16 28
40 17 100
40 18 50
40 19 91
40 20 9
40 21 33
40 23 34
40 25 13
40 27 20
40 28 82
40 32 100
40 33 85
40 34 59
40 35 86
40 36 31
40 37 50
40 38 94
41 2 19
41 3 12
41 4 7
41 5 77
41 8 8
41 10 85
41 12 31
41 14 52
41 16 62
41 17 93
41 19 35
41 20 3
41 21 6
41 22 21
41 29 83
41 32 72
41 34 95
41 35 27
41 37 9
41 38 97
41 39 85
41 40 29
42 0 37
42 2 41
42 3 100
42 4 28
42 6 78
42 7 19
42 8 92
42 11 70
42 16 42
42 17 82
42 18 68
42 23 6
42 24 58
42 25 73
42 26 55
42 27 64
42 33 27
42 34 57
42 35 92
42 38 82
42 39 91
42 40 68
43 1 10
43 4 62
43 6 15
43 7 36
43 11 1
43 14 66
43 15 34
43 16 10
43 18 67
43 19 37
43 21 44
43 24 83
43 26 48
43 27 38
43 28 92
43 34 64
43 35 42
43 36 50
43 37 96
43 38 84
43 41 88
43 42 91
44 0 21
44 2 39
44 3 71
44 4 17
44 7 39
44 8 46
44 11 35
44 16 60
44 17 57
44 18 2
44 23 19
44 24 17
44 27 5
44 29 17
44 30 20
44 31 42
44 34 21
44 35 68
44 36 92
44 38 31
44 41 7
44 42 88
45 0 54
45 1 31
45 6 42
45 9 63
45 10 96
45 13 80
45 14 56
45 16 51
45 19 75
45 21 12
45 23 53
45 27 70
45 30 54
45 32 77
45 37 2
45 42 19
46 0 85
46 1 12
46 2 68
46 3 43
46 5 5
46 6 26
46 7 75
46 8 30
46 14 51
46 17 58
46 18 86
46 19 77
46 20 49
46 22 4
46 25 81
46 26 77
46 27 54
46 30 48
46 35 60
46 36 63
46 37 75
46 38 59
46 39 90
46 40 93
46 42 52
46 44 8
46 45 72
47 0 62
47 2 72
47 3 87
47 5 92
47 10 40
47 23 57
47 24 66
47 26 47
47 27 72
47 28 75
47 30 85
47 31 31
47 32 86
47 33 18
47 34 64
47 35 34
47 37 64
47 42 37
47 44 94
47 46 2
48 0 90
48 5 16
48 6 50
48 7 74
48 9 71
48 10 8
48 12 68
48 13 88
48 15 3
48 16 48
48 17 70
48 21 54
48 23 20
48 24 2
48 25 66
48 28 72
48 29 54
48 31 76
48 32 60
48 33 46
48 34 100
48 36 44
49 0 48
49 2 20
49 4 95
49 6 10
49 8 24
49 9 68
49 10 81
49 20 65
49 21 25
49 22 25
49 23 23
49 24 18
49 25 97
49 35 5
49 36 98
49 37 89
49 38 8
49 42 35
49 43 81
49 47 7
50 0 42
50 3 43
50 4 96
50 5 58
50 9 56
50 10 95
50 11 22
50 13 52
50 15 98
50 17 20
50 18 16
50 22 28
50 23 35
50 24 54
50 25 38
50 26 21
50 30 51
50 31 45
50 32 49
50 33 53
50 34 59
50 35 94
50 36 86
50 42 41
50 46 95
50 48 50
51 0 4
51 1 60
51 7 84
51 11 77
51 13 43
51 16 93
51 18 41
51 20 60
51 21 46
51 23 40
51 24 61
51 30 77
51 31 96
51 33 91
51 34 97
51 35 68
51 39 12
51 41 73
51 42 67
51 44 81
51 45 41
51 46 56
51 49 78
52 2 41
52 4 89
52 5 87
52 7 24
52 8 6
52 9 48
52 10 47
52 12 2
52 16 7
52 22 54
52 23 96
52 24 13
52 25 74
52 27 55
52 28 57
52 33 87
52 35 27
52 38 55
52 44 40
52 48 74
52 51 35
53 0 7
53 2 60
53 3 60
53 4 74
53 6 16
53 7 64
53 8 20
53 9 83
53 11 77
53 12 25
53 13 34
53 15 55
53 16 99
53 19 29
53 20 49
53 21 72
53 22 20
53 23 17
53 24 83
53 25 32
53 27 16
53 30 54
53 32 1
53 35 22
53 40 57
53 42 86
53 43 98
53 44 60
53 45 15
53 46 87
53 47 42
53 48 51
53 50 59
53 52 4
54 2 85
54 6 21
54 7 21
54 10 27
54 12 59
54 13 35
54 16 5
54 17 71
54 22 47
54 23 73
54 25 15
54 26 91
54 27 81
54 28 51
54 31 34
54 33 98
54 35 9
54 37 28
54 38 5
54 39 59
54 40 93
54 42 14
54 43 79
54 45 66
54 47 99
54 51 48
55 2 49
55 4 2
55 5 78
55 6 4
55 9 28
55 11 27
55 12 85
55 13 75
55 14 80
55 16 66
55 17 5
55 19 97
55 20 35
55 21 67
55 25 18
55 27 37
55 28 52
55 31 14
55 32 89
55 37 92
55 40 14
55 45 91
55 46 91
55 47 4
55 49 70
55 50 49
55 53 54
55 54 3
56 2 32
56 3 36
56 4 61
56 6 86
56 7 29
56 8 15
56 10 22
56 12 23
56 13 37
56 15 57
56 19 17
56 20 18
56 21 68
56 25 58
56 27 51
56 31 25
56 33 12
56 36 30
56 39 100
56 40 23
56 41 85
56 42 18
56 43 30
56 45 77
56 47 58
56 48 57
56 50 13
56 51 6
56 52 94
57 0 78
57 1 83
57 2 46
57 3 57
57 4 69
57 5 64
57 6 32
57 8 90
57 9 95
57 10 66
57 11 79
57 12 26
57 15 11
57 16 17
57 17 48
57 18 61
57 19 2
57 20 18
57 21 62
57 22 32
57 23 47
57 25 9
57 26 32
57 27 10
57 28 36
57 29 43
57 34 38
57 35 35
57 36 50
57 39 76
57 41 8
57 43 57
57 44 41
57 46 82
57 47 86
57 53 73
57 54 61
58 0 50
58 3 32
58 4 7
58 5 17
58 6 72
58 7 65
58 11 56
58 12 67
58 14 99
58 16 85
58 17 2
58 18 49
58 19 76
58 21 55
58 22 28
58 23 12
58 27 97
58 28 61
58 29 76
58 30 89
58 31 28
58 32 76
58 33 70
58 35 89
58 38 51
58 40 10
58 42 91
58 43 48
58 47 14
58 48 26
58 49 46
58 50 97
58 51 64
58 54 18
58 55 26
58 56 21
58 57 81
59 0 32
59 1 55
59 4 31
59 6 31
59 7 35
59 8 73
59 9 60
59 10 34
59 12 99
59 14 6
59 15 5
59 17 39
59 20 10
59 21 43
59 22 17
59 23 22
59 24 52
59 25 67
59 26 54
59 29 98
59 31 44
59 32 92
59 33 35
59 34 92
59 35 71
59 40 13
59 41 8
59 42 97
59 43 68
59 44 65
59 45 98
59 46 89
59 47 90
59 48 73
59 50 20
59 51 61
59 52 24
59 55 94
59 56 1
60 1 5
60 2 40
60 3 25
60 7 100
60 8 98
60 12 58
60 13 71
60 14 37
60 15 38
60 16 87
60 19 58
60 20 86
60 22 11
60 23 79
60 24 63
60 28 24
60 29 87
60 30 58
60 32 25
60 33 75
60 37 86
60 39 18
60 42 3
60 43 90
60 44 37
60 48 47
60 49 29
60 50 79
60 52 10
60 54 47
60 55 67
60 57 77
60 58 61
61 0 87
61 1 11
61 15 80
61 16 47
61 18 7
61 19 75
61 21 71
61 22 100
61 26 91
61 29 80
61 30 79
61 34 63
61 36 94
61 37 30
61 39 3
61 40 31
61 41 98
61 42 17
61 44 34
61 45 71
61 47 14
61 48 53
61 51 37
61 54 90
61 59 86
61 60 67
62 0 11
62 3 6
62 4 43
62 5 12
62 6 45
62 8 17
62 10 48
62 11 31
62 15 16
62 17 41
62 20 22
62 22 91
62 23 63
62 24 99
62 25 34
62 28 5
62 29 27
62 30 28
62 31 77
62 35 41
62 38 43
62 39 85
62 40 16
62 44 98
62 49 38
62 50 86
62 53 92
62 54 1
62 55 39
62 57 98
62 58 69
62 59 69
62 60 35
62 61 100
63 1 88
63 2 67
63 9 88
63 12 18
63 13 23
63 21 21
63 22 57
63 23 5
63 25 77
63 27 67
63 29 6
63 31 62
63 43 55
63 44 47
63 51 95
63 52 34
63 54 84
63 58 32
63 59 90
63 62 31
64 0 86
64 1 38
64 3 80
64 4 86
64 6 37
64 7 41
64 8 74
64 10 81
64 12 17
64 14 39
64 16 40
64 17 26
64 18 58
64 20 94
64 21 16
64 22 79
64 25 32
64 26 85
64 27 64
64 28 61
64 29 36
64 30 84
64 31 97
64 33 20
64 36 66
64 39 20
64 41 46
64 44 45
64 46 75
64 48 38
64 49 14
64 50 96
64 52 86
64 53 21
64 54 43
64 57 31
64 58 76
64 62 33
65 1 29
65 3 32
65 4 22
65 7 38
65 8 82
65 9 49
65 11 5
65 12 8
65 13 95
65 24 74
65 25 47
65 27 71
65 30 14
65 37 77
65 39 89
65 40 38
65 47 6
65 48 6
65 49 89
65 50 75
65 51 94
65 53 39
65 54 67
65 55 19
65 57 15
65 58 57
65 59 79
65 60 27
65 62 43
65 63 55
65 64 28
66 3 31
66 6 92
66 7 63
66 8 10
66 10 90
66 11 94
66 15 39
66 17 23
66 21 82
66 23 81
66 25 11
66 28 36
66 29 95
66 30 24
66 35 13
66 37 43
66 38 27
66 39 91
66 40 64
66 43 4
66 45 84
66 48 26
66 49 13
66 54 9
66 55 83
66 56 96
66 61 1
66 62 69
66 65 56
67 3 8
67 4 91
67 5 82
67 10 37
67 12 41
67 13 32
67 14 52
67 16 60
67 17 99
67 20 37
67 21 83
67 23 55
67 24 30
67 25 41
67 28 33
67 34 10
67 36 76
67 38 81
67 42 88
67 45 87
67 46 38
67 48 80
67 49 33
67 51 93
67 52 15
67 53 64
67 54 41
67 56 45
67 57 8
67 60 18
67 64 2
67 65 6
68 0 96
68 1 27
68 3 93
68 4 85
68 6 91
68 8 51
68 9 12
68 10 83
68 11 67
68 12 85
68 13 89
68 14 98
68 15 4
68 18 24
68 21 92
68 22 53
68 24 42
68 28 93
68 29 37
68 32 29
68 33 63
68 34 14
68 36 25
68 37 63
68 38 41
68 39 21
68 44 35
68 45 95
68 49 18
68 51 21
68 55 14
68 56 55
68 58 65
68 62 38
68 64 79
68 65 60
68 67 46
69 0 73
69 1 68
69 2 72
69 6 55
69 8 76
69 9 29
69 10 3
69 16 13
69 18 55
69 19 30
69 20 15
69 21 43
69 22 98
69 24 72
69 25 7
69 33 75
69 34 88
69 35 2
69 40 9
69 43 56
69 44 45
69 45 80
69 46 7
69 47 84
69 49 91
69 50 52
69 53 89
69 54 71
69 57 68
69 60 19
69 62 99
69 63 70
69 65 14
