70
1 0 94
2 0 82
5 0 70
5 1 38
5 2 32
5 3 23
5 4 19
6 0 74
6 3 55
6 4 43
7 1 5
7 2 56
7 3 11
7 4 14
8 5 81
8 6 45
8 7 9
9 1 13
9 3 12
9 4 62
9 6 37
9 7 60
10 2 63
10 4 99
10 5 30
10 6 18
10 8 31
11 1 10
11 5 10
11 7 31
11 9 34
11 10 43
12 2 19
12 6 86
12 7 26
12 8 81
12 9 5
13 4 97
13 5 100
13 7 87
13 8 46
13 9 91
13 10 67
13 11 94
13 12 16
14 7 20
14 11 79
14 13 91
15 2 51
15 3 69
15 6 19
15 9 89
15 10 89
15 12 79
15 13 70
15 14 8
16 0 97
16 2 98
16 5 40
16 7 50
16 11 1
16 13 48
16 14 65
17 1 1
17 2 26
17 3 65
17 4 81
17 5 21
17 9 92
17 10 14
17 13 5
17 14 95
18 2 84
18 3 90
18 5 91
18 6 89
18 7 67
18 8 27
18 9 54
18 10 18
18 12 68
18 14 31
18 15 57
19 0 9
19 2 8
19 3 10
19 4 54
19 5 98
19 7 21
19 8 61
19 9 83
19 10 31
19 11 72
19 12 79
19 13 60
19 14 13
19 15 45
19 16 65
19 18 87
20 0 51
20 3 97
20 5 75
20 6 12
20 8 88
20 10 33
20 11 60
20 13 12
20 19 34
21 4 40
21 6 46
21 7 88
21 9 52
21 12 26
21 14 76
21 17 7
21 18 84
21 20 38
22 0 89
22 2 67
22 5 47
22 6 28
22 8 95
22 9 33
22 10 53
22 11 53
22 14 9
22 16 83
22 17 27
22 21 93
23 0 53
23 2 45
23 3 74
23 4 79
23 5 100
23 6 60
23 8 66
23 16 78
23 17 97
23 19 95
23 20 81
24 1 53
24 3 24
24 5 45
24 6 1
24 9 50
24 11 5
24 12 66
24 13 24
24 15 60
24 18 36
24 19 46
24 20 7
24 21 38
25 0 47
25 1 82
25 2 48
25 3 87
25 4 53
25 6 94
25 7 52
25 8 25
25 9 64
25 11 68
25 12 26
25 13 88
25 14 13
25 15 38
25 18 55
25 19 28
25 20 13
25 21 77
26 1 10
26 3 90
26 6 75
26 9 84
26 10 99
26 11 17
26 13 54
26 14 15
26 18 38
26 21 100
26 23 20
26 25 69
27 0 22
27 1 9
27 2 7
27 6 98
27 7 8
27 9 14
27 14 70
27 16 12
27 17 58
27 18 8
27 19 42
27 20 79
27 21 31
28 5 15
28 6 10
28 7 36
28 8 42
28 10 7
28 12 69
28 15 67
28 16 70
28 17 51
28 18 20
28 20 72
28 21 59
28 23 5
28 24 30
28 25 66
28 26 79
29 1 44
29 3 64
29 4 59
29 8 64
29 9 1
29 13 7
29 15 70
29 16 42
29 19 14
29 21 66
29 22 74
29 24 98
30 0 3
30 3 100
30 5 45
30 6 38
30 8 72
30 9 33
30 10 95
30 13 79
30 17 100
30 18 66
30 21 27
30 22 52
30 25 40
30 26 73
30 27 85
30 28 21
30 29 98
31 0 50
31 2 50
31 4 82
31 7 46
31 9 60
31 10 88
31 11 13
31 16 54
31 18 94
31 19 34
31 21 55
31 22 47
31 23 78
31 30 88
32 0 62
32 1 24
32 2 56
32 5 26
32 6 8
32 8 30
32 9 59
32 11 33
32 12 94
32 13 78
32 14 12
32 16 95
32 18 21
32 21 27
32 23 66
32 24 4
32 25 57
32 28 90
33 5 36
33 6 12
33 9 56
33 10 34
33 15 60
33 16 72
33 17 28
33 20 55
33 24 26
33 25 90
33 26 81
33 28 55
33 30 46
33 31 80
34 2 60
34 3 10
34 5 12
34 9 47
34 10 35
34 12 41
34 13 64
34 15 94
34 17 76
34 19 63
34 20 69
34 23 27
34 25 84
34 29 80
34 31 75
34 33 64
35 7 67
35 13 89
35 16 17
35 17 97
35 21 63
35 22 4
35 23 71
35 24 21
35 27 75
35 29 2
35 30 19
35 31 92
35 33 100
35 34 60
36 1 6
36 2 47
36 9 96
36 10 5
36 15 72
36 17 48
36 18 30
36 25 9
36 27 84
36 28 45
36 29 53
37 0 29
37 1 55
37 5 44
37 10 55
37 12 19
37 13 78
37 19 74
37 20 9
37 23 33
37 24 54
37 29 51
37 31 25
37 35 23
37 36 8
38 0 42
38 1 19
38 3 81
38 4 92
38 5 63
38 7 82
38 9 21
38 10 74
38 12 24
38 13 44
38 14 47
38 17 88
38 18 73
38 24 4
38 26 48
38 27 48
38 28 56
38 29 7
38 30 64
38 31 11
39 1 14
39 2 12
39 8 43
39 12 82
39 14 56
39 17 61
39 18 43
39 24 79
39 25 37
39 26 2
39 28 77
39 29 11
39 31 55
39 32 39
39 33 1
39 35 23
39 36 70
39 38 16
40 0 83
40 3 2
40 5 82
40 7 97
40 8 89
40 9 35
40 11 57
40 15 5
40 17 9
40 18 4
40 20 20
40 22 88
40 24 91
40 26 36
40 27 58
40 30 45
40 32 88
40 33 20
40 35 11
40 36 62
40 39 4
41 0 40
41 1 79
41 2 35
41 4 73
41 5 16
41 6 12
41 10 3
41 12 19
41 13 49
41 14 66
41 15 40
41 16 15
41 17 64
41 18 31
41 19 84
41 23 39
41 24 45
41 26 83
41 29 100
41 34 79
41 37 30
41 39 73
41 40 18
42 1 44
42 2 15
42 3 9
42 4 42
42 6 31
42 7 17
42 9 48
42 14 23
42 17 46
42 19 86
42 24 9
42 27 12
42 28 75
42 29 30
42 36 91
42 37 40
42 40 9
42 41 72
43 0 1
43 1 14
43 4 69
43 5 39
43 11 62
43 12 15
43 14 2
43 15 23
43 17 94
43 19 12
43 20 66
43 22 47
43 23 7
43 26 77
43 29 1
43 34 30
43 36 63
43 39 92
44 2 47
44 3 58
44 4 85
44 7 9
44 8 80
44 10 64
44 14 4
44 15 22
44 16 85
44 17 50
44 19 4
44 20 18
44 21 47
44 23 50
44 25 55
44 26 76
44 29 26
44 32 73
44 33 81
44 35 35
44 37 16
44 38 91
45 0 60
45 4 7
45 5 7
45 6 58
45 7 37
45 9 97
45 10 88
45 11 17
45 13 71
45 15 57
45 19 28
45 20 96
45 22 12
45 26 13
45 27 53
45 29 99
45 30 52
45 32 18
45 33 9
45 34 44
45 35 86
45 36 65
45 39 11
45 41 45
45 42 73
45 43 47
45 44 12
46 0 14
46 1 18
46 2 65
46 3 66
46 4 27
46 7 42
46 10 41
46 11 97
46 12 92
46 13 25
46 14 73
46 16 11
46 18 52
46 19 30
46 21 72
46 22 59
46 23 83
46 26 76
46 28 99
46 29 37
46 30 45
46 31 18
46 32 91
46 33 70
46 34 100
46 35 30
46 36 92
46 41 8
46 42 82
46 43 55
46 44 39
46 45 42
47 3 71
47 4 77
47 5 45
47 7 93
47 8 33
47 9 38
47 10 72
47 11 73
47 14 34
47 16 48
47 18 73
47 21 90
47 23 69
47 24 15
47 25 91
47 26 66
47 27 32
47 34 49
47 35 90
47 37 11
47 38 13
47 41 42
47 42 77
47 44 57
47 46 26
48 0 16
48 1 45
48 2 77
48 3 21
48 4 9
48 7 77
48 9 55
48 13 58
48 16 65
48 17 80
48 18 39
48 21 30
48 24 48
48 28 12
48 29 93
48 34 16
48 36 61
48 41 71
48 42 21
48 43 15
48 45 60
48 46 64
49 0 83
49 2 35
49 4 85
49 5 79
49 6 100
49 7 20
49 8 22
49 9 29
49 13 59
49 19 21
49 20 92
49 23 1
49 24 29
49 28 31
49 29 88
49 32 14
49 34 78
49 35 28
49 36 31
49 38 75
49 39 53
49 43 11
49 45 75
49 46 19
49 48 28
50 0 85
50 1 34
50 2 83
50 3 80
50 12 61
50 13 62
50 14 34
50 16 11
50 17 14
50 18 37
50 19 95
50 21 8
50 22 66
50 27 97
50 28 24
50 29 99
50 30 43
50 31 61
50 32 92
50 34 44
50 35 49
50 36 89
50 37 61
50 44 7
50 45 35
50 49 3
51 0 76
51 2 51
51 3 93
51 5 64
51 8 6
51 10 73
51 11 78
51 17 90
51 18 41
51 20 41
51 21 99
51 23 36
51 26 78
51 27 71
51 28 24
51 29 91
51 31 21
51 35 68
51 37 31
51 39 98
51 40 73
51 43 94
51 47 11
51 49 51
52 0 9
52 2 98
52 3 69
52 9 60
52 10 99
52 13 71
52 17 68
52 18 14
52 20 34
52 21 93
52 23 97
52 24 79
52 25 42
52 27 39
52 29 14
52 34 87
52 36 60
52 43 10
52 45 11
52 46 13
52 49 62
53 0 32
53 2 62
53 3 66
53 4 40
53 6 36
53 7 99
53 9 1
53 10 47
53 13 55
53 17 73
53 18 88
53 19 66
53 20 53
53 25 13
53 26 75
53 31 39
53 33 41
53 35 64
53 36 26
53 38 78
53 41 75
53 45 86
53 48 96
53 49 65
54 0 40
54 1 26
54 3 48
54 5 8
54 6 76
54 7 78
54 12 71
54 15 58
54 17 56
54 18 75
54 19 69
54 20 100
54 22 78
54 24 5
54 25 66
54 26 52
54 27 30
54 31 64
54 32 6
54 33 24
54 36 67
54 40 2
54 46 65
54 47 4
54 48 54
54 49 14
54 51 18
54 52 70
55 0 52
55 2 100
55 3 90
55 7 13
55 11 98
55 12 64
55 15 8
55 16 10
55 17 91
55 18 33
55 22 23
55 23 48
55 25 74
55 26 2
55 27 9
55 31 80
55 32 48
55 35 99
55 36 26
55 38 82
55 41 9
55 43 80
55 45 24
55 46 56
55 48 80
55 50 53
55 54 45
56 1 21
56 4 6
56 5 48
56 6 29
56 7 22
56 8 23
56 11 49
56 13 16
56 20 21
56 22 10
56 24 35
56 26 71
56 29 21
56 34 64
56 37 11
56 43 8
56 45 77
56 47 45
56 48 17
56 50 95
56 51 65
56 54 82
57 0 75
57 3 29
57 4 92
57 10 12
57 11 14
57 12 26
57 13 44
57 14 66
57 16 56
57 17 29
57 20 85
57 21 84
57 24 91
57 27 96
57 30 73
57 31 24
57 34 23
57 38 46
57 40 31
57 41 11
57 43 96
57 46 24
57 48 87
57 49 22
57 50 83
57 51 39
57 54 92
57 55 88
57 56 56
58 0 38
58 2 30
58 4 49
58 7 47
58 8 14
58 9 97
58 11 4
58 13 6
58 14 70
58 16 72
58 17 41
58 22 10
58 23 51
58 24 68
58 25 95
58 27 49
58 35 14
58 36 21
58 37 17
58 38 43
58 39 46
58 40 33
58 41 71
58 45 17
58 49 20
58 50 61
58 51 76
58 54 28
58 56 84
58 57 80
59 0 81
59 1 89
59 5 51
59 10 26
59 12 90
59 16 4
59 17 79
59 18 13
59 19 62
59 22 56
59 24 83
59 25 63
59 26 81
59 29 30
59 33 79
59 34 96
59 35 25
59 36 2
59 37 50
59 38 17
59 39 38
59 42 63
59 43 46
59 45 51
59 46 63
59 48 76
59 56 53
59 57 53
59 58 25
60 0 95
60 2 51
60 3 82
60 4 63
60 5 4
60 6 33
60 7 84
60 8 4
60 9 82
60 10 24
60 12 36
60 13 64
60 16 34
60 18 33
60 19 18
60 20 35
60 23 69
60 24 55
60 27 78
60 29 9
60 31 52
60 32 23
60 38 16
60 41 81
60 42 29
60 46 62
60 49 72
60 51 61
60 53 44
61 1 20
61 2 91
61 3 12
61 5 79
61 7 18
61 8 57
61 11 12
61 13 10
61 15 9
61 16 33
61 20 23
61 21 44
61 24 69
61 29 30
61 30 90
61 33 62
61 34 29
61 36 8
61 37 71
61 38 10
61 41 23
61 42 5
61 46 16
61 48 34
61 49 26
61 51 3
61 54 26
61 56 100
61 58 43
61 59 10
61 60 52
62 0 63
62 2 5
62 3 94
62 5 95
62 6 59
62 7 33
62 8 71
62 10 51
62 11 10
62 14 43
62 15 77
62 17 3
62 18 95
62 20 72
62 21 71
62 22 59
62 23 23
62 25 60
62 26 67
62 29 36
62 34 44
62 36 24
62 38 2
62 39 47
62 41 68
62 46 7
62 47 35
62 51 87
62 53 9
62 55 66
62 57 83
62 59 19
62 61 69
63 0 15
63 1 7
63 3 9
63 5 42
63 6 21
63 13 45
63 14 33
63 18 96
63 21 34
63 22 29
63 24 9
63 25 15
63 30 9
63 32 6
63 33 37
63 36 69
63 38 66
63 40 51
63 41 17
63 42 26
63 45 54
63 47 40
63 50 58
63 51 89
63 52 75
63 55 42
63 56 25
63 57 21
63 58 37
63 60 57
63 61 77
64 1 36
64 2 85
64 4 1
64 5 24
64 6 83
64 7 64
64 10 100
64 12 9
64 13 6
64 14 50
64 17 54
64 18 79
64 21 3
64 22 7
64 23 87
64 24 57
64 25 5
64 27 33
64 28 68
64 29 47
64 31 75
64 32 85
64 36 45
64 37 20
64 38 37
64 39 67
64 41 46
64 42 45
64 43 5
64 45 63
64 46 98
64 48 30
64 51 62
64 54 88
64 55 8
64 56 56
64 57 31
64 62 6
64 63 53
65 0 66
65 1 2
65 5 26
65 9 42
65 13 14
65 15 25
65 20 51
65 21 30
65 23 40
65 25 73
65 26 18
65 28 94
65 32 31
65 33 6
65 34 37
65 35 65
65 36 3
65 38 33
65 40 42
65 43 3
65 45 34
65 48 62
65 51 81
65 52 100
65 53 41
65 56 58
65 57 43
65 62 21
65 64 22
66 1 89
66 6 55
66 7 75
66 10 38
66 14 96
66 16 10
66 19 11
66 20 42
66 21 84
66 22 26
66 26 86
66 27 98
66 30 18
66 31 37
66 37 31
66 39 13
66 40 52
66 41 32
66 42 28
66 44 27
66 45 45
66 47 73
66 49 15
66 50 6
66 51 31
66 52 30
66 53 56
66 54 96
66 55 59
66 56 44
66 57 15
66 61 81
66 65 22
67 0 21
67 3 96
67 4 30
67 5 24
67 6 49
67 7 6
67 10 85
67 12 21
67 16 54
67 17 29
67 18 55
67 19 3
67 20 13
67 21 90
67 23 26
67 24 86
67 26 32
67 28 90
67 30 66
67 34 55
67 36 47
67 37 88
67 38 10
67 40 17
67 41 9
67 44 33
67 52 43
67 53 84
67 55 58
67 57 50
67 59 38
67 62 1
67 63 71
67 64 35
68 0 44
68 1 20
68 2 53
68 3 45
68 7 14
68 8 52
68 10 55
68 11 80
68 13 18
68 14 30
68 15 23
68 16 55
68 17 62
68 18 68
68 20 23
68 21 100
68 22 66
68 24 87
68 25 96
68 26 7
68 30 26
68 32 70
68 33 48
68 36 90
68 38 55
68 40 61
68 41 68
68 42 63
68 43 10
68 44 57
68 45 47
68 46 48
68 47 98
68 48 23
68 49 7
68 50 62
68 52 100
68 53 23
68 58 13
68 60 97
68 61 51
68 62 90
68 64 1
69 2 53
69 3 96
69 6 20
69 7 45
69 8 96
69 9 68
69 12 3
69 13 34
69 15 67
69 19 95
69 21 50
69 23 99
69 28 76
69 30 98
69 31 65
69 33 60
69 36 31
69 37 53
69 38 11
69 40 33
69 42 57
69 43 35
69 46 25
69 48 82
69 61 79
69 62 61
69 63 42
69 67 76
69 68 18
