45
2 0 14
2 1 8
3 0 16
3 1 2
3 2 14
4 0 6
4 1 3
4 2 40
5 2 9
6 0 4
6 2 13
6 4 24
7 0 26
7 1 26
7 2 31
7 3 18
7 5 23
7 6 17
8 0 45
8 2 3
8 3 48
8 5 24
8 7 42
9 0 20
9 1 7
9 4 10
9 5 4
9 7 2
10 0 10
10 1 2
10 2 22
10 6 11
10 8 4
11 0 25
11 2 6
11 5 20
12 1 21
12 2 12
12 3 49
12 5 24
12 8 7
12 10 28
13 0 47
13 3 32
13 5 15
13 6 14
13 9 4
13 10 15
13 12 46
14 1 10
14 4 15
14 5 31
14 6 36
14 7 50
14 10 34
14 11 40
14 13 46
15 2 29
15 4 47
15 5 1
15 6 46
15 11 7
15 14 42
16 0 19
16 2 32
16 5 24
16 8 46
16 9 26
16 10 5
16 11 35
16 12 6
16 13 17
16 14 5
16 15 5
17 2 12
17 8 2
17 10 29
17 13 20
17 16 37
18 0 17
18 2 12
18 3 34
18 7 10
18 8 4
18 11 15
19 1 12
19 2 47
19 7 43
19 9 26
19 10 10
19 11 29
19 12 40
19 15 44
19 17 37
19 18 45
20 1 48
20 3 47
20 4 24
20 5 36
20 7 35
20 11 10
20 12 37
20 15 47
20 16 49
20 18 29
21 1 31
21 2 26
21 3 22
21 6 39
21 9 26
21 10 43
21 13 17
21 15 45
21 16 40
21 18 47
21 20 37
22 2 38
22 4 27
22 8 20
22 10 49
22 13 8
22 14 14
22 18 48
22 19 43
22 20 45
22 21 23
23 1 19
23 3 43
23 4 19
23 6 25
23 7 34
23 8 8
23 10 11
23 11 16
23 12 48
23 18 49
23 19 31
23 20 14
24 0 36
24 3 10
24 4 29
24 5 15
24 6 12
24 9 13
24 10 3
24 11 43
24 16 12
24 17 36
24 19 33
24 20 35
24 21 23
24 22 46
24 23 19
25 2 34
25 6 38
25 7 28
25 8 37
25 9 22
25 12 22
25 13 50
25 14 43
25 15 1
25 19 3
25 23 3
26 0 43
26 2 17
26 6 37
26 7 47
26 9 9
26 11 10
26 14 17
26 15 42
26 18 46
26 19 11
26 23 5
26 25 24
27 1 33
27 5 7
27 7 38
27 8 46
27 11 24
27 13 36
27 14 45
27 22 1
27 26 28
28 0 3
28 7 23
28 11 48
28 12 24
28 13 30
28 15 42
28 16 49
28 19 47
28 21 6
28 22 35
28 24 23
28 25 36
28 26 46
28 27 22
29 0 27
29 2 32
29 3 17
29 4 41
29 5 28
29 6 42
29 7 39
29 11 8
29 19 32
29 22 45
29 23 32
29 27 14
30 0 30
30 4 40
30 5 23
30 6 49
30 9 7
30 10 9
30 11 39
30 12 8
30 14 40
30 16 27
30 17 1
30 20 28
30 21 15
30 22 47
30 23 44
30 25 19
30 27 14
30 29 23
31 1 23
31 2 24
31 3 22
31 5 45
31 8 14
31 9 49
31 11 15
31 14 28
31 15 7
31 16 38
31 21 49
31 22 44
31 23 3
31 24 6
31 25 2
31 27 24
31 28 27
32 0 13
32 1 35
32 2 21
32 4 25
32 5 8
32 6 44
32 7 4
32 8 35
32 9 36
32 11 33
32 13 6
32 15 43
32 16 36
32 17 4
32 19 22
32 26 7
32 28 50
32 29 33
32 31 49
33 0 32
33 3 4
33 5 26
33 6 22
33 8 13
33 13 18
33 14 20
33 15 34
33 16 21
33 18 45
33 19 40
33 28 22
33 29 47
33 30 41
33 32 15
34 0 21
34 2 5
34 4 1
34 7 26
34 8 49
34 9 36
34 10 26
34 11 44
34 12 39
34 13 34
34 15 43
34 18 42
34 19 16
34 21 47
34 23 39
34 24 20
34 25 50
34 26 27
34 33 31
35 0 30
35 2 19
35 3 23
35 5 5
35 7 13
35 8 1
35 9 46
35 10 21
35 11 21
35 12 43
35 13 10
35 15 15
35 16 14
35 19 33
35 21 5
35 22 25
35 25 48
35 31 34
35 34 25
36 0 50
36 2 2
36 3 2
36 4 5
36 5 28
36 10 24
36 11 35
36 14 37
36 16 22
36 19 46
36 22 35
36 23 43
36 24 22
36 26 48
36 27 41
36 28 36
36 29 27
36 30 21
36 31 17
36 35 44
37 1 41
37 3 49
37 5 25
37 6 24
37 12 34
37 13 47
37 14 21
37 16 4
37 17 30
37 19 26
37 20 49
37 22 16
37 24 50
37 25 47
37 26 37
37 27 16
37 29 37
37 34 49
37 35 26
37 36 20
38 0 36
38 3 37
38 5 32
38 6 19
38 8 3
38 10 15
38 11 8
38 12 41
38 13 49
38 15 11
38 17 33
38 18 31
38 20 49
38 21 2
38 22 43
38 23 16
38 24 17
38 25 11
38 26 9
38 29 41
38 30 29
38 31 4
38 33 47
39 3 38
39 5 43
39 6 37
39 7 41
39 9 14
39 11 34
39 12 7
39 18 39
39 19 24
39 21 29
39 22 4
39 28 34
39 30 47
39 34 2
39 37 19
39 38 32
40 1 6
40 2 23
40 3 34
40 6 29
40 9 7
40 14 49
40 15 27
40 16 8
40 17 21
40 18 4
40 19 12
40 22 21
40 23 9
40 24 10
40 26 13
40 27 27
40 30 19
40 32 44
40 35 33
40 39 18
41 0 5
41 2 28
41 4 11
41 5 23
41 9 38
41 10 4
41 11 10
41 12 18
41 13 13
41 18 15
41 21 17
41 26 43
41 28 25
41 31 29
41 34 45
42 0 23
42 3 4
42 16 4
42 17 40
42 19 35
42 21 28
42 22 8
42 24 46
42 25 39
42 28 12
42 29 15
42 33 34
42 35 22
42 36 14
42 37 16
42 38 50
42 39 18
42 41 21
43 0 44
43 1 50
43 3 18
43 4 26
43 5 22
43 7 38
43 8 2
43 9 7
43 10 6
43 11 39
43 12 20
43 14 45
43 15 9
43 16 26
43 17 41
43 20 38
43 21 1
43 22 2
43 23 24
43 27 49
43 30 27
43 34 46
43 35 39
43 37 15
43 39 3
43 40 47
43 41 36
44 1 44
44 3 14
44 5 30
44 7 42
44 9 48
44 12 45
44 13 7
44 16 5
44 17 36
44 18 3
44 20 30
44 21 6
44 23 49
44 24 34
44 25 15
44 26 47
44 27 3
44 28 8
44 30 35
44 32 38
44 33 21
44 36 22
44 37 33
44 39 24
44 40 48
44 41 43
44 42 26
44 43 16
