25
1 0 42
2 0 26
2 1 42
3 0 21
3 1 29
3 2 10
4 0 32
4 1 10
4 2 13
4 3 12
5 0 42
5 1 11
5 2 29
5 3 41
5 4 27
6 0 48
6 1 21
6 2 6
6 3 20
6 4 28
6 5 30
7 0 40
7 1 1
7 2 12
7 3 27
7 4 49
7 5 31
7 6 35
8 0 30
8 1 38
8 2 3
8 3 26
8 4 3
8 5 23
8 6 46
8 7 36
9 0 42
9 1 12
9 2 27
9 3 32
9 4 19
9 5 29
9 6 37
9 7 18
9 8 22
10 0 43
10 1 43
10 2 6
10 3 35
10 4 2
10 5 23
10 6 11
10 7 15
10 8 13
10 9 29
11 0 34
11 1 41
11 2 29
11 3 26
11 4 35
11 5 11
11 6 24
11 7 33
11 8 4
11 9 1
11 10 39
12 0 23
12 1 45
12 2 19
12 3 49
12 4 48
12 5 4
12 6 47
12 7 9
12 8 18
12 9 28
12 10 46
12 11 11
13 0 16
13 1 30
13 2 21
13 3 36
13 4 14
13 5 48
13 6 4
13 7 44
13 8 40
13 9 11
13 10 24
13 11 24
13 12 44
14 0 30
14 1 12
14 2 25
14 3 26
14 4 33
14 5 12
14 6 46
14 7 9
14 8 6
14 9 31
14 10 1
14 11 39
14 12 32
14 13 38
15 0 6
15 1 26
15 2 46
15 3 44
15 4 23
15 5 29
15 6 46
15 7 12
15 8 38
15 9 24
15 10 47
15 11 13
15 12 33
15 13 30
15 14 28
16 0 37
16 1 3
16 2 15
16 3 9
16 4 45
16 5 6
16 6 27
16 7 10
16 8 21
16 9 16
16 10 47
16 11 21
16 12 18
16 13 45
16 14 37
16 15 46
17 0 21
17 1 32
17 2 43
17 3 35
17 4 24
17 5 35
17 6 23
17 7 43
17 8 49
17 9 4
17 10 20
17 11 44
17 12 30
17 13 40
17 14 15
17 15 24
17 16 23
18 0 49
18 1 36
18 2 2
18 3 39
18 4 18
18 5 7
18 6 33
18 7 26
18 8 44
18 9 34
18 10 2
18 11 33
18 12 27
18 13 19
18 14 14
18 15 5
18 16 24
18 17 43
19 0 37
19 1 9
19 2 50
19 3 39
19 4 40
19 5 31
19 6 8
19 7 39
19 8 22
19 9 49
19 10 3
19 11 21
19 12 14
19 13 7
19 14 35
19 15 19
19 16 9
19 17 33
19 18 22
20 0 13
20 1 14
20 2 26
20 3 18
20 4 14
20 5 48
20 6 39
20 7 33
20 8 48
20 9 16
20 10 26
20 11 18
20 12 33
20 13 47
20 14 28
20 15 41
20 16 15
20 17 13
20 18 7
20 19 32
21 0 45
21 1 35
21 2 23
21 3 9
21 4 32
21 5 10
21 6 37
21 7 40
21 8 29
21 9 11
21 10 22
21 11 9
21 12 10
21 13 5
21 14 18
21 15 39
21 16 26
21 17 7
21 18 3
21 19 7
21 20 18
22 0 11
22 1 44
22 2 20
22 3 2
22 4 30
22 5 15
22 6 21
22 7 31
22 8 10
22 9 23
22 10 26
22 11 14
22 12 22
22 13 8
22 14 16
22 15 38
22 16 38
22 17 32
22 18 24
22 19 38
22 20 50
22 21 1
23 0 19
23 1 31
23 2 18
23 3 45
23 4 42
23 5 48
23 6 4
23 7 42
23 8 24
23 9 48
23 10 12
23 11 38
23 12 21
23 13 14
23 14 43
23 15 1
23 16 13
23 17 4
23 18 21
23 19 16
23 20 38
23 21 36
23 22 35
24 0 5
24 1 21
24 2 25
24 3 13
24 4 28
24 5 44
24 6 13
24 7 40
24 8 12
24 9 13
24 10 15
24 11 43
24 12 38
24 13 14
24 14 43
24 15 8
24 16 18
24 17 9
24 18 29
24 19 1
24 20 46
24 21 23
24 22 1
24 23 5
