20
1 0 6
2 1 9
3 0 10
3 2 2
4 0 1
4 2 6
5 0 3
5 3 8
5 4 10
6 0 10
6 1 3
6 5 1
7 1 2
7 3 2
7 4 10
7 6 9
8 0 7
8 1 1
8 2 2
8 3 1
8 5 2
9 2 6
9 3 10
9 8 9
10 0 9
10 1 4
10 2 3
10 4 3
10 5 10
10 6 7
10 7 3
11 0 9
11 3 6
11 4 9
11 6 8
11 7 9
11 8 2
12 1 10
12 2 10
12 7 10
12 8 6
12 10 8
12 11 4
13 1 1
13 2 3
13 5 3
13 6 3
13 8 7
13 10 8
13 11 2
14 1 5
14 2 8
14 7 8
14 9 8
14 11 8
14 12 2
14 13 8
15 0 8
15 4 8
15 5 1
15 6 2
15 9 4
15 10 9
15 11 7
15 12 5
16 1 3
16 5 4
16 6 7
16 7 1
16 8 9
16 9 6
16 10 7
16 11 9
16 12 3
16 13 4
16 14 1
16 15 8
17 0 7
17 5 6
17 6 4
17 7 4
17 8 5
17 10 10
17 12 5
18 0 9
18 1 7
18 5 4
18 6 4
18 7 10
18 12 4
18 16 2
19 1 7
19 2 10
19 3 4
19 4 3
19 5 4
19 9 8
19 11 3
19 12 9
19 16 3
19 18 2
