50
2 0 50
3 0 30
3 1 20
4 1 4
4 3 27
5 2 34
5 3 35
6 0 1
6 1 21
6 2 22
6 3 10
6 5 46
7 2 7
7 3 12
7 4 13
7 5 21
7 6 21
8 0 21
9 1 31
9 2 34
9 3 8
9 8 14
10 4 2
10 5 5
10 6 7
10 9 43
11 3 7
11 4 12
11 5 19
11 7 41
11 8 41
11 10 50
12 0 18
12 2 2
12 3 50
12 5 2
12 7 22
12 8 12
12 9 49
12 10 45
13 2 35
13 6 14
13 8 29
13 9 20
14 2 24
14 6 10
14 7 35
14 12 46
15 0 17
15 1 21
15 2 6
15 3 5
15 4 15
15 5 21
15 8 30
15 9 48
15 10 26
15 11 20
15 14 9
16 0 38
16 1 33
16 2 48
16 3 3
16 4 28
16 5 15
16 6 23
16 7 46
16 8 11
17 2 9
17 3 15
17 4 5
17 5 32
17 6 38
17 7 24
17 8 27
17 11 16
17 12 24
17 15 26
18 0 33
18 2 15
18 3 45
18 7 11
18 10 18
18 12 47
18 13 20
18 14 2
18 15 40
19 1 16
19 2 9
19 4 6
19 5 5
19 6 36
19 9 48
19 10 49
19 11 28
19 12 7
19 14 43
19 16 41
19 17 2
19 18 24
20 0 12
20 1 34
20 2 17
20 5 37
20 14 2
20 15 9
21 1 16
21 3 6
21 4 38
21 5 33
21 7 45
21 9 30
21 10 35
21 11 30
21 14 27
21 15 15
21 17 2
21 18 31
21 20 10
22 2 13
22 7 37
22 9 20
22 10 38
22 11 25
22 13 6
22 17 10
23 0 21
23 2 5
23 3 40
23 4 41
23 9 18
23 10 23
23 13 32
23 14 16
23 15 28
23 16 27
23 17 15
23 20 14
24 0 21
24 1 42
24 3 28
24 4 30
24 7 1
24 10 28
24 12 25
24 13 1
24 15 13
24 16 34
24 17 22
24 18 28
24 19 36
24 21 44
24 22 14
25 0 23
25 3 17
25 4 13
25 7 39
25 9 25
25 18 31
25 22 46
25 23 7
25 24 33
26 2 44
26 3 33
26 4 8
26 5 9
26 7 17
26 10 8
26 11 13
26 13 30
26 14 41
26 15 11
26 16 41
26 17 31
26 19 20
26 20 48
27 0 47
27 1 31
27 4 28
27 6 33
27 8 2
27 9 46
27 10 42
27 11 12
27 13 28
27 15 32
27 17 8
27 19 45
27 20 8
27 22 14
27 23 14
27 24 7
27 26 10
28 5 17
28 8 23
28 11 4
28 13 13
28 16 40
28 17 30
28 20 38
28 21 46
28 22 41
29 0 23
29 1 18
29 3 41
29 6 26
29 12 10
29 13 17
29 21 42
29 23 2
29 25 49
29 26 7
30 0 21
30 3 39
30 4 44
30 5 1
30 6 41
30 7 15
30 11 24
30 14 14
30 15 5
30 17 36
30 18 36
30 20 36
30 24 18
31 1 33
31 2 18
31 5 49
31 8 45
31 9 15
31 13 44
31 14 19
31 15 26
31 19 40
31 21 37
31 22 28
31 24 38
31 26 16
31 27 46
31 29 26
31 30 6
32 0 19
32 1 12
32 2 42
32 3 37
32 4 49
32 5 47
32 8 43
32 9 23
32 10 27
32 11 8
32 14 21
32 15 11
32 16 20
32 18 22
32 20 14
32 22 39
32 23 43
32 24 7
32 25 41
32 28 50
32 29 34
32 30 9
33 1 1
33 2 12
33 3 36
33 5 45
33 7 35
33 8 7
33 9 40
33 10 14
33 11 17
33 14 42
33 19 19
33 21 5
33 22 49
33 23 36
33 25 25
33 26 7
33 29 50
33 30 36
33 31 11
34 1 10
34 3 31
34 4 27
34 8 21
34 17 5
34 19 12
34 20 21
34 28 18
34 31 15
34 32 43
35 0 5
35 1 13
35 2 1
35 5 37
35 7 38
35 13 24
35 14 27
35 16 18
35 18 14
35 20 21
35 21 6
35 23 18
35 26 41
35 27 44
35 28 3
35 30 47
36 0 50
36 2 31
36 3 24
36 5 24
36 6 25
36 10 21
36 12 28
36 13 45
36 15 38
36 17 48
36 18 27
36 19 20
36 20 8
36 25 46
36 26 36
36 32 26
37 2 8
37 4 3
37 5 42
37 6 50
37 8 47
37 9 13
37 12 10
37 13 27
37 15 16
37 17 40
37 23 39
37 28 42
37 36 24
38 6 4
38 10 30
38 12 46
38 14 32
38 16 39
38 19 23
38 20 6
38 22 23
38 23 9
38 24 46
38 25 6
38 26 20
38 31 28
38 32 25
39 1 19
39 2 3
39 9 5
39 10 2
39 12 39
39 13 2
39 14 14
39 16 12
39 17 6
39 19 14
39 21 38
39 22 48
39 23 3
39 27 18
39 28 4
39 33 46
39 34 44
39 35 35
40 1 32
40 3 27
40 4 14
40 6 11
40 7 33
40 8 50
40 9 26
40 10 20
40 11 16
40 14 22
40 17 9
40 18 36
40 21 42
40 23 40
40 25 21
40 26 44
40 29 19
40 34 32
40 35 33
40 36 2
41 0 14
41 1 6
41 3 20
41 5 43
41 6 25
41 8 37
41 9 8
41 13 23
41 14 27
41 15 28
41 16 44
41 18 16
41 23 46
41 24 10
41 25 43
41 28 46
41 29 27
41 30 31
41 31 26
41 32 29
41 33 7
41 36 17
41 37 17
41 39 38
41 40 29
42 0 29
42 1 5
42 2 21
42 7 17
42 8 16
42 11 12
42 12 6
42 16 32
42 18 8
42 20 37
42 21 3
42 22 21
42 24 50
42 25 5
42 28 28
42 29 30
42 32 7
42 34 16
42 35 5
42 38 2
42 40 43
43 3 19
43 5 3
43 11 17
43 12 48
43 13 14
43 14 49
43 15 27
43 18 38
43 19 28
43 20 29
43 21 50
43 22 29
43 25 31
43 27 38
43 29 34
43 30 38
43 33 3
43 40 1
44 3 26
44 5 30
44 6 15
44 7 48
44 8 43
44 11 18
44 13 34
44 14 21
44 15 24
44 17 42
44 18 16
44 22 27
44 23 44
44 28 27
44 31 43
44 34 23
44 35 13
44 36 6
44 38 37
44 40 26
44 41 19
45 2 7
45 6 12
45 11 27
45 13 27
45 14 2
45 15 13
45 16 47
45 17 43
45 18 6
45 21 37
45 24 46
45 26 26
45 27 26
45 28 47
45 29 12
45 30 46
45 32 43
45 34 30
45 35 28
45 36 26
45 37 24
45 40 5
45 44 11
46 0 44
46 3 36
46 4 18
46 5 12
46 6 35
46 9 14
46 15 19
46 16 40
46 19 9
46 20 33
46 21 39
46 22 30
46 23 26
46 24 38
46 29 36
46 30 26
46 34 2
46 35 36
46 36 23
46 37 3
46 40 14
46 42 17
46 44 15
46 45 34
47 0 18
47 2 46
47 6 30
47 7 28
47 8 6
47 11 8
47 16 13
47 20 40
47 26 31
47 27 29
47 30 49
47 31 50
47 37 16
47 41 36
47 44 8
48 0 40
48 1 30
48 3 19
48 5 50
48 7 47
48 8 2
48 9 42
48 10 31
48 11 34
48 12 22
48 14 17
48 15 17
48 20 31
48 24 38
48 25 46
48 28 22
48 29 39
48 30 25
48 31 30
48 33 47
48 34 25
48 36 41
48 37 31
48 38 27
48 40 30
48 42 37
48 43 28
48 44 46
48 46 45
48 47 21
49 1 24
49 2 31
49 3 42
49 4 47
49 5 15
49 7 47
49 8 34
49 9 4
49 10 10
49 12 48
49 14 8
49 15 16
49 16 11
49 18 16
49 19 27
49 27 24
49 29 48
49 31 11
49 33 34
49 34 34
49 36 35
49 38 50
49 39 20
49 40 11
49 41 21
49 43 5
49 44 6
49 47 5
