75
1 0 59
2 0 18
2 1 11
3 0 16
3 1 38
3 2 23
4 0 59
4 1 42
4 2 11
4 3 31
5 0 62
5 1 48
5 2 42
5 3 27
5 4 74
6 0 69
6 1 30
6 2 25
6 3 47
6 4 100
6 5 13
7 0 40
7 1 66
7 2 25
7 3 65
7 4 67
7 5 58
7 6 17
8 0 15
8 1 61
8 2 82
8 3 56
8 4 1
8 5 37
8 6 59
8 7 44
9 0 38
9 1 25
9 2 98
9 3 14
9 4 57
9 5 41
9 6 30
9 7 67
9 8 56
10 0 75
10 1 55
10 2 81
10 3 64
10 4 99
10 5 62
10 6 80
10 7 2
10 8 35
10 9 79
11 0 51
11 1 100
11 2 60
11 3 61
11 4 46
11 5 9
11 6 23
11 7 28
11 8 23
11 9 4
11 10 90
12 0 5
12 1 89
12 2 73
12 3 73
12 4 24
12 5 63
12 6 41
12 7 79
12 8 3
12 9 77
12 10 76
12 11 98
13 0 4
13 1 66
13 2 59
13 3 25
13 4 19
13 5 34
13 6 37
13 7 58
13 8 68
13 9 84
13 10 82
13 11 47
13 12 88
14 0 50
14 1 19
14 2 71
14 3 42
14 4 73
14 5 4
14 6 63
14 7 97
14 8 14
14 9 64
14 10 26
14 11 28
14 12 86
14 13 24
15 0 96
15 1 65
15 2 46
15 3 90
15 4 48
15 5 82
15 6 93
15 7 64
15 8 56
15 9 87
15 10 53
15 11 3
15 12 53
15 13 77
15 14 49
16 0 46
16 1 41
16 2 67
16 3 83
16 4 85
16 5 60
16 6 87
16 7 85
16 8 44
16 9 15
16 10 24
16 11 5
16 12 91
16 13 2
16 14 58
16 15 49
17 0 96
17 1 10
17 2 92
17 3 84
17 4 20
17 5 75
17 6 9
17 7 70
17 8 93
17 9 1
17 10 78
17 11 87
17 12 100
17 13 1
17 14 9
17 15 72
17 16 19
18 0 3
18 1 25
18 2 76
18 3 40
18 4 29
18 5 90
18 6 9
18 7 85
18 8 46
18 9 30
18 10 39
18 11 3
18 12 39
18 13 28
18 14 55
18 15 99
18 16 68
18 17 69
19 0 8
19 1 41
19 2 94
19 3 75
19 4 6
19 5 33
19 6 91
19 7 72
19 8 8
19 9 59
19 10 91
19 11 47
19 12 48
19 13 35
19 14 9
19 15 9
19 16 99
19 17 28
19 18 60
20 0 61
20 1 31
20 2 23
20 3 60
20 4 30
20 5 51
20 6 37
20 7 66
20 8 41
20 9 8
20 10 36
20 11 15
20 12 5
20 13 7
20 14 92
20 15 50
20 16 62
20 17 79
20 18 69
20 19 46
21 0 22
21 1 77
21 2 52
21 3 82
21 4 64
21 5 8
21 6 48
21 7 14
21 8 97
21 9 27
21 10 15
21 11 51
21 12 7
21 13 39
21 14 5
21 15 33
21 16 25
21 17 96
21 18 34
21 19 64
21 20 98
22 0 81
22 1 94
22 2 57
22 3 50
22 4 9
22 5 95
22 6 83
22 7 56
22 8 2
22 9 91
22 10 39
22 11 80
22 12 11
22 13 15
22 14 70
22 15 43
22 16 83
22 17 52
22 18 18
22 19 14
22 20 6
22 21 5
23 0 78
23 1 46
23 2 85
23 3 47
23 4 79
23 5 17
23 6 18
23 7 52
23 8 37
23 9 18
23 10 80
23 11 51
23 12 29
23 13 10
23 14 45
23 15 68
23 16 95
23 17 62
23 18 86
23 19 15
23 20 62
23 21 5
23 22 47
24 0 59
24 1 55
24 2 93
24 3 69
24 4 92
24 5 32
24 6 49
24 7 21
24 8 60
24 9 58
24 10 26
24 11 57
24 12 44
24 13 10
24 14 27
24 15 13
24 16 84
24 17 70
24 18 49
24 19 11
24 20 98
24 21 61
24 22 63
24 23 18
25 0 43
25 1 15
25 2 23
25 3 9
25 4 97
25 5 95
25 6 81
25 7 7
25 8 88
25 9 4
25 10 59
25 11 97
25 12 84
25 13 44
25 14 72
25 15 56
25 16 13
25 17 22
25 18 38
25 19 39
25 20 90
25 21 11
25 22 8
25 23 97
25 24 73
26 0 4
26 1 92
26 2 41
26 3 55
26 4 39
26 5 72
26 6 63
26 7 81
26 8 63
26 9 31
26 10 80
26 11 48
26 12 65
26 13 36
26 14 67
26 15 13
26 16 18
26 17 45
26 18 92
26 19 28
26 20 83
26 21 46
26 22 67
26 23 80
26 24 74
26 25 30
27 0 79
27 1 93
27 2 96
27 3 62
27 4 70
27 5 27
27 6 93
27 7 5
27 8 71
27 9 81
27 10 77
27 11 4
27 12 19
27 13 87
27 14 18
27 15 49
27 16 2
27 17 52
27 18 17
27 19 51
27 20 17
27 21 67
27 22 98
27 23 24
27 24 42
27 25 23
27 26 87
28 0 46
28 1 40
28 2 83
28 3 59
28 4 30
28 5 55
28 6 91
28 7 81
28 8 57
28 9 81
28 10 34
28 11 74
28 12 30
28 13 96
28 14 94
28 15 77
28 16 46
28 17 89
28 18 27
28 19 83
28 20 18
28 21 42
28 22 77
28 23 77
28 24 81
28 25 33
28 26 23
28 27 9
29 0 56
29 1 67
29 2 85
29 3 65
29 4 71
29 5 62
29 6 60
29 7 29
29 8 51
29 9 39
29 10 63
29 11 46
29 12 40
29 13 97
29 14 82
29 15 34
29 16 1
29 17 73
29 18 87
29 19 100
29 20 15
29 21 10
29 22 39
29 23 51
29 24 81
29 25 96
29 26 96
29 27 21
29 28 69
30 0 37
30 1 10
30 2 49
30 3 5
30 4 78
30 5 62
30 6 68
30 7 64
30 8 85
30 9 83
30 10 6
30 11 16
30 12 65
30 13 52
30 14 100
30 15 52
30 16 64
30 17 68
30 18 71
30 19 62
30 20 84
30 21 40
30 22 25
30 23 82
30 24 15
30 25 57
30 26 67
30 27 94
30 28 52
30 29 99
31 0 35
31 1 62
31 2 68
31 3 24
31 4 9
31 5 50
31 6 46
31 7 46
31 8 50
31 9 25
31 10 92
31 11 73
31 12 54
31 13 70
31 14 92
31 15 76
31 16 50
31 17 47
31 18 77
31 19 17
31 20 63
31 21 85
31 22 7
31 23 40
31 24 23
31 25 79
31 26 1
31 27 19
31 28 1
31 29 42
31 30 56
32 0 10
32 1 85
32 2 24
32 3 41
32 4 49
32 5 45
32 6 6
32 7 69
32 8 95
32 9 34
32 10 25
32 11 61
32 12 13
32 13 37
32 14 92
32 15 72
32 16 45
32 17 64
32 18 7
32 19 41
32 20 99
32 21 33
32 22 80
32 23 76
32 24 93
32 25 13
32 26 23
32 27 96
32 28 85
32 29 5
32 30 56
32 31 81
33 0 3
33 1 83
33 2 56
33 3 20
33 4 69
33 5 40
33 6 35
33 7 35
33 8 45
33 9 82
33 10 27
33 11 32
33 12 71
33 13 89
33 14 17
33 15 13
33 16 73
33 17 36
33 18 55
33 19 42
33 20 44
33 21 15
33 22 17
33 23 50
33 24 42
33 25 37
33 26 24
33 27 18
33 28 54
33 29 85
33 30 28
33 31 89
33 32 16
34 0 49
34 1 9
34 2 78
34 3 87
34 4 68
34 5 68
34 6 90
34 7 24
34 8 54
34 9 96
34 10 73
34 11 8
34 12 79
34 13 50
34 14 48
34 15 2
34 16 55
34 17 72
34 18 9
34 19 54
34 20 18
34 21 37
34 22 77
34 23 81
34 24 18
34 25 7
34 26 51
34 27 80
34 28 65
34 29 26
34 30 99
34 31 68
34 32 79
34 33 98
35 0 64
35 1 36
35 2 66
35 3 11
35 4 100
35 5 71
35 6 79
35 7 17
35 8 44
35 9 96
35 10 76
35 11 76
35 12 97
35 13 8
35 14 66
35 15 13
35 16 78
35 17 23
35 18 94
35 19 70
35 20 59
35 21 71
35 22 31
35 23 21
35 24 100
35 25 85
35 26 50
35 27 11
35 28 49
35 29 75
35 30 11
35 31 22
35 32 72
35 33 98
35 34 91
36 0 70
36 1 22
36 2 49
36 3 18
36 4 11
36 5 66
36 6 36
36 7 14
36 8 83
36 9 36
36 10 23
36 11 40
36 12 24
36 13 65
36 14 51
36 15 100
36 16 49
36 17 21
36 18 58
36 19 66
36 20 63
36 21 64
36 22 75
36 23 96
36 24 51
36 25 67
36 26 64
36 27 90
36 28 75
36 29 2
36 30 21
36 31 93
36 32 60
36 33 64
36 34 63
36 35 32
37 0 50
37 1 82
37 2 69
37 3 60
37 4 75
37 5 59
37 6 50
37 7 37
37 8 55
37 9 21
37 10 60
37 11 69
37 12 28
37 13 74
37 14 85
37 15 93
37 16 84
37 17 98
37 18 57
37 19 72
37 20 37
37 21 33
37 22 89
37 23 32
37 24 68
37 25 27
37 26 29
37 27 78
37 28 27
37 29 54
37 30 75
37 31 44
37 32 74
37 33 25
37 34 99
37 35 78
37 36 85
38 0 47
38 1 75
38 2 72
38 3 74
38 4 8
38 5 9
38 6 70
38 7 94
38 8 79
38 9 10
38 10 30
38 11 15
38 12 81
38 13 57
38 14 26
38 15 1
38 16 45
38 17 49
38 18 92
38 19 35
38 20 61
38 21 44
38 22 70
38 23 56
38 24 6
38 25 17
38 26 6
38 27 3
38 28 85
38 29 99
38 30 94
38 31 95
38 32 33
38 33 86
38 34 82
38 35 91
38 36 57
38 37 9
39 0 77
39 1 88
39 2 17
39 3 19
39 4 8
39 5 72
39 6 79
39 7 28
39 8 55
39 9 27
39 10 85
39 11 100
39 12 31
39 13 59
39 14 21
39 15 97
39 16 85
39 17 93
39 18 83
39 19 9
39 20 67
39 21 56
39 22 72
39 23 34
39 24 62
39 25 48
39 26 65
39 27 87
39 28 91
39 29 62
39 30 39
39 31 40
39 32 34
39 33 13
39 34 51
39 35 46
39 36 35
39 37 80
39 38 13
40 0 75
40 1 63
40 2 72
40 3 85
40 4 74
40 5 75
40 6 79
40 7 94
40 8 47
40 9 87
40 10 57
40 11 64
40 12 77
40 13 37
40 14 67
40 15 84
40 16 76
40 17 32
40 18 67
40 19 75
40 20 15
40 21 72
40 22 15
40 23 25
40 24 68
40 25 22
40 26 59
40 27 94
40 28 85
40 29 61
40 30 84
40 31 23
40 32 63
40 33 34
40 34 77
40 35 92
40 36 92
40 37 89
40 38 11
40 39 6
41 0 92
41 1 61
41 2 58
41 3 11
41 4 63
41 5 51
41 6 98
41 7 70
41 8 13
41 9 11
41 10 66
41 11 43
41 12 55
41 13 20
41 14 60
41 15 59
41 16 56
41 17 19
41 18 9
41 19 72
41 20 7
41 21 48
41 22 68
41 23 35
41 24 37
41 25 93
41 26 85
41 27 35
41 28 80
41 29 38
41 30 63
41 31 82
41 32 91
41 33 75
41 34 10
41 35 33
41 36 44
41 37 37
41 38 57
41 39 97
41 40 75
42 0 34
42 1 70
42 2 60
42 3 54
42 4 11
42 5 3
42 6 15
42 7 84
42 8 73
42 9 62
42 10 92
42 11 74
42 12 32
42 13 67
42 14 24
42 15 36
42 16 74
42 17 57
42 18 89
42 19 86
42 20 50
42 21 47
42 22 15
42 23 74
42 24 46
42 25 49
42 26 52
42 27 48
42 28 80
42 29 9
42 30 18
42 31 41
42 32 25
42 33 29
42 34 1
42 35 40
42 36 70
42 37 69
42 38 71
42 39 63
42 40 64
42 41 45
43 0 8
43 1 59
43 2 90
43 3 85
43 4 84
43 5 9
43 6 83
43 7 85
43 8 39
43 9 96
43 10 89
43 11 1
43 12 31
43 13 61
43 14 8
43 15 47
43 16 67
43 17 69
43 18 89
43 19 1
43 20 32
43 21 57
43 22 64
43 23 34
43 24 83
43 25 34
43 26 39
43 27 10
43 28 68
43 29 49
43 30 69
43 31 30
43 32 82
43 33 55
43 34 3
43 35 9
43 36 90
43 37 30
43 38 67
43 39 12
43 40 52
43 41 47
43 42 14
44 0 97
44 1 55
44 2 75
44 3 73
44 4 30
44 5 23
44 6 81
44 7 61
44 8 66
44 9 55
44 10 55
44 11 56
44 12 30
44 13 34
44 14 69
44 15 37
44 16 24
44 17 79
44 18 64
44 19 29
44 20 49
44 21 57
44 22 96
44 23 26
44 24 26
44 25 63
44 26 16
44 27 78
44 28 42
44 29 35
44 30 44
44 31 49
44 32 63
44 33 74
44 34 62
44 35 2
44 36 90
44 37 74
44 38 57
44 39 49
44 40 49
44 41 83
44 42 64
44 43 92
45 0 37
45 1 58
45 2 3
45 3 32
45 4 72
45 5 75
45 6 3
45 7 13
45 8 10
45 9 16
45 10 73
45 11 50
45 12 40
45 13 41
45 14 40
45 15 37
45 16 62
45 17 5
45 18 77
45 19 46
45 20 95
45 21 7
45 22 100
45 23 65
45 24 4
45 25 50
45 26 81
45 27 25
45 28 15
45 29 60
45 30 29
45 31 15
45 32 61
45 33 3
45 34 34
45 35 2
45 36 89
45 37 89
45 38 59
45 39 88
45 40 11
45 41 52
45 42 43
45 43 71
45 44 84
46 0 37
46 1 45
46 2 2
46 3 51
46 4 55
46 5 35
46 6 50
46 7 74
46 8 69
46 9 22
46 10 14
46 11 46
46 12 23
46 13 66
46 14 47
46 15 69
46 16 37
46 17 25
46 18 89
46 19 10
46 20 21
46 21 20
46 22 2
46 23 6
46 24 82
46 25 31
46 26 77
46 27 58
46 28 30
46 29 52
46 30 51
46 31 37
46 32 12
46 33 65
46 34 35
46 35 1
46 36 17
46 37 21
46 38 69
46 39 81
46 40 33
46 41 24
46 42 39
46 43 9
46 44 69
46 45 69
47 0 26
47 1 69
47 2 48
47 3 71
47 4 62
47 5 12
47 6 41
47 7 91
47 8 31
47 9 59
47 10 7
47 11 45
47 12 34
47 13 81
47 14 56
47 15 48
47 16 89
47 17 42
47 18 36
47 19 38
47 20 62
47 21 30
47 22 28
47 23 70
47 24 33
47 25 14
47 26 1
47 27 89
47 28 44
47 29 11
47 30 39
47 31 7
47 32 87
47 33 46
47 34 67
47 35 51
47 36 33
47 37 30
47 38 27
47 39 65
47 40 96
47 41 11
47 42 81
47 43 66
47 44 99
47 45 46
47 46 40
48 0 95
48 1 80
48 2 18
48 3 53
48 4 18
48 5 43
48 6 99
48 7 99
48 8 63
48 9 66
48 10 3
48 11 67
48 12 95
48 13 3
48 14 21
48 15 20
48 16 70
48 17 41
48 18 12
48 19 76
48 20 22
48 21 15
48 22 76
48 23 50
48 24 64
48 25 78
48 26 61
48 27 42
48 28 16
48 29 75
48 30 73
48 31 65
48 32 91
48 33 89
48 34 79
48 35 52
48 36 98
48 37 39
48 38 24
48 39 77
48 40 42
48 41 49
48 42 22
48 43 82
48 44 34
48 45 33
48 46 67
48 47 5
49 0 42
49 1 45
49 2 84
49 3 34
49 4 37
49 5 6
49 6 26
49 7 51
49 8 30
49 9 98
49 10 66
49 11 20
49 12 87
49 13 84
49 14 54
49 15 48
49 16 81
49 17 10
49 18 46
49 19 27
49 20 18
49 21 72
49 22 99
49 23 12
49 24 28
49 25 84
49 26 12
49 27 22
49 28 30
49 29 55
49 30 55
49 31 53
49 32 11
49 33 71
49 34 94
49 35 38
49 36 57
49 37 46
49 38 41
49 39 4
49 40 40
49 41 81
49 42 51
49 43 1
49 44 60
49 45 38
49 46 64
49 47 9
49 48 77
50 0 32
50 1 65
50 2 44
50 3 87
50 4 97
50 5 2
50 6 21
50 7 33
50 8 62
50 9 90
50 10 50
50 11 50
50 12 64
50 13 83
50 14 60
50 15 89
50 16 70
50 17 7
50 18 90
50 19 65
50 20 94
50 21 76
50 22 87
50 23 22
50 24 25
50 25 31
50 26 95
50 27 18
50 28 3
50 29 78
50 30 36
50 31 68
50 32 10
50 33 24
50 34 9
50 35 94
50 36 63
50 37 20
50 38 57
50 39 80
50 40 28
50 41 68
50 42 85
50 43 21
50 44 89
50 45 60
50 46 23
50 47 23
50 48 38
50 49 36
51 0 66
51 1 85
51 2 81
51 3 100
51 4 45
51 5 71
51 6 63
51 7 19
51 8 97
51 9 64
51 10 65
51 11 90
51 12 50
51 13 41
51 14 25
51 15 66
51 16 31
51 17 27
51 18 80
51 19 58
51 20 72
51 21 15
51 22 46
51 23 68
51 24 68
51 25 49
51 26 63
51 27 16
51 28 3
51 29 15
51 30 84
51 31 56
51 32 76
51 33 97
51 34 87
51 35 8
51 36 52
51 37 65
51 38 32
51 39 48
51 40 56
51 41 33
51 42 96
51 43 24
51 44 70
51 45 91
51 46 51
51 47 4
51 48 90
51 49 85
51 50 85
52 0 56
52 1 84
52 2 25
52 3 64
52 4 36
52 5 22
52 6 29
52 7 87
52 8 24
52 9 95
52 10 37
52 11 90
52 12 24
52 13 32
52 14 50
52 15 99
52 16 41
52 17 85
52 18 78
52 19 35
52 20 83
52 21 40
52 22 12
52 23 17
52 24 53
52 25 80
52 26 44
52 27 22
52 28 39
52 29 99
52 30 97
52 31 8
52 32 8
52 33 40
52 34 51
52 35 84
52 36 60
52 37 26
52 38 66
52 39 96
52 40 10
52 41 90
52 42 44
52 43 83
52 44 90
52 45 18
52 46 81
52 47 81
52 48 99
52 49 80
52 50 98
52 51 10
53 0 38
53 1 2
53 2 50
53 3 67
53 4 12
53 5 96
53 6 64
53 7 99
53 8 76
53 9 73
53 10 37
53 11 37
53 12 74
53 13 85
53 14 8
53 15 20
53 16 85
53 17 74
53 18 87
53 19 25
53 20 73
53 21 41
53 22 91
53 23 96
53 24 16
53 25 48
53 26 29
53 27 36
53 28 56
53 29 7
53 30 43
53 31 92
53 32 93
53 33 44
53 34 82
53 35 68
53 36 15
53 37 27
53 38 75
53 39 29
53 40 37
53 41 95
53 42 37
53 43 84
53 44 97
53 45 26
53 46 95
53 47 71
53 48 28
53 49 42
53 50 59
53 51 73
53 52 96
54 0 32
54 1 49
54 2 36
54 3 88
54 4 36
54 5 51
54 6 74
54 7 76
54 8 27
54 9 74
54 10 83
54 11 6
54 12 84
54 13 35
54 14 90
54 15 71
54 16 46
54 17 76
54 18 19
54 19 77
54 20 77
54 21 6
54 22 48
54 23 17
54 24 98
54 25 15
54 26 82
54 27 93
54 28 56
54 29 2
54 30 70
54 31 68
54 32 39
54 33 22
54 34 49
54 35 36
54 36 61
54 37 35
54 38 79
54 39 32
54 40 63
54 41 15
54 42 14
54 43 31
54 44 22
54 45 50
54 46 14
54 47 99
54 48 51
54 49 53
54 50 96
54 51 4
54 52 32
54 53 45
55 0 87
55 1 91
55 2 30
55 3 90
55 4 12
55 5 88
55 6 57
55 7 6
55 8 44
55 9 93
55 10 100
55 11 59
55 12 84
55 13 46
55 14 34
55 15 21
55 16 71
55 17 17
55 18 67
55 19 63
55 20 13
55 21 34
55 22 5
55 23 98
55 24 3
55 25 45
55 26 32
55 27 98
55 28 74
55 29 87
55 30 33
55 31 59
55 32 76
55 33 3
55 34 8
55 35 73
55 36 99
55 37 41
55 38 63
55 39 48
55 40 82
55 41 9
55 42 77
55 43 73
55 44 64
55 45 77
55 46 61
55 47 12
55 48 74
55 49 60
55 50 78
55 51 9
55 52 68
55 53 9
55 54 91
56 0 90
56 1 64
56 2 95
56 3 41
56 4 23
56 5 23
56 6 79
56 7 85
56 8 78
56 9 78
56 10 83
56 11 44
56 12 70
56 13 24
56 14 14
56 15 41
56 16 7
56 17 1
56 18 5
56 19 23
56 20 53
56 21 44
56 22 79
56 23 8
56 24 93
56 25 80
56 26 47
56 27 95
56 28 50
56 29 96
56 30 89
56 31 18
56 32 99
56 33 14
56 34 91
56 35 50
56 36 76
56 37 27
56 38 28
56 39 86
56 40 69
56 41 8
56 42 23
56 43 42
56 44 49
56 45 80
56 46 19
56 47 65
56 48 76
56 49 12
56 50 33
56 51 48
56 52 86
56 53 82
56 54 3
56 55 73
57 0 41
57 1 16
57 2 29
57 3 42
57 4 5
57 5 6
57 6 69
57 7 67
57 8 71
57 9 46
57 10 49
57 11 23
57 12 58
57 13 58
57 14 94
57 15 95
57 16 52
57 17 97
57 18 91
57 19 58
57 20 59
57 21 34
57 22 34
57 23 88
57 24 83
57 25 81
57 26 26
57 27 84
57 28 66
57 29 2
57 30 21
57 31 42
57 32 50
57 33 12
57 34 43
57 35 28
57 36 34
57 37 66
57 38 15
57 39 28
57 40 42
57 41 95
57 42 74
57 43 78
57 44 35
57 45 37
57 46 66
57 47 95
57 48 19
57 49 60
57 50 45
57 51 73
57 52 48
57 53 94
57 54 20
57 55 6
57 56 3
58 0 2
58 1 13
58 2 53
58 3 11
58 4 64
58 5 41
58 6 64
58 7 36
58 8 60
58 9 27
58 10 19
58 11 49
58 12 67
58 13 86
58 14 68
58 15 57
58 16 3
58 17 74
58 18 53
58 19 58
58 20 98
58 21 75
58 22 63
58 23 45
58 24 62
58 25 55
58 26 54
58 27 73
58 28 78
58 29 33
58 30 21
58 31 77
58 32 58
58 33 35
58 34 28
58 35 82
58 36 21
58 37 24
58 38 8
58 39 61
58 40 85
58 41 32
58 42 100
58 43 31
58 44 90
58 45 41
58 46 92
58 47 80
58 48 86
58 49 76
58 50 75
58 51 76
58 52 60
58 53 11
58 54 33
58 55 4
58 56 80
58 57 10
59 0 20
59 1 19
59 2 72
59 3 45
59 4 10
59 5 22
59 6 88
59 7 61
59 8 3
59 9 95
59 10 95
59 11 93
59 12 37
59 13 44
59 14 11
59 15 42
59 16 42
59 17 49
59 18 72
59 19 64
59 20 14
59 21 13
59 22 97
59 23 43
59 24 21
59 25 52
59 26 87
59 27 40
59 28 59
59 29 89
59 30 72
59 31 42
59 32 11
59 33 15
59 34 5
59 35 52
59 36 88
59 37 54
59 38 52
59 39 100
59 40 55
59 41 40
59 42 35
59 43 57
59 44 68
59 45 79
59 46 21
59 47 88
59 48 67
59 49 71
59 50 72
59 51 73
59 52 17
59 53 10
59 54 95
59 55 88
59 56 86
59 57 80
59 58 55
60 0 17
60 1 86
60 2 23
60 3 41
60 4 35
60 5 47
60 6 48
60 7 5
60 8 100
60 9 75
60 10 96
60 11 97
60 12 24
60 13 13
60 14 93
60 15 85
60 16 24
60 17 37
60 18 48
60 19 29
60 20 63
60 21 13
60 22 83
60 23 33
60 24 40
60 25 25
60 26 96
60 27 6
60 28 92
60 29 48
60 30 98
60 31 17
60 32 3
60 33 12
60 34 79
60 35 4
60 36 44
60 37 2
60 38 81
60 39 73
60 40 88
60 41 61
60 42 100
60 43 22
60 44 76
60 45 22
60 46 33
60 47 51
60 48 12
60 49 70
60 50 40
60 51 44
60 52 37
60 53 3
60 54 1
60 55 51
60 56 1
60 57 62
60 58 77
60 59 95
61 0 15
61 1 34
61 2 5
61 3 73
61 4 80
61 5 55
61 6 89
61 7 51
61 8 9
61 9 62
61 10 65
61 11 43
61 12 97
61 13 75
61 14 59
61 15 47
61 16 89
61 17 9
61 18 60
61 19 65
61 20 70
61 21 45
61 22 64
61 23 32
61 24 77
61 25 6
61 26 91
61 27 42
61 28 80
61 29 23
61 30 62
61 31 24
61 32 18
61 33 88
61 34 79
61 35 29
61 36 68
61 37 18
61 38 67
61 39 16
61 40 75
61 41 96
61 42 57
61 43 52
61 44 94
61 45 43
61 46 24
61 47 72
61 48 2
61 49 46
61 50 6
61 51 50
61 52 93
61 53 55
61 54 65
61 55 85
61 56 55
61 57 4
61 58 82
61 59 3
61 60 95
62 0 37
62 1 73
62 2 27
62 3 73
62 4 29
62 5 88
62 6 68
62 7 40
62 8 54
62 9 20
62 10 41
62 11 100
62 12 18
62 13 36
62 14 100
62 15 55
62 16 61
62 17 18
62 18 48
62 19 77
62 20 20
62 21 54
62 22 89
62 23 36
62 24 80
62 25 41
62 26 88
62 27 71
62 28 62
62 29 80
62 30 81
62 31 82
62 32 31
62 33 64
62 34 64
62 35 82
62 36 27
62 37 8
62 38 12
62 39 35
62 40 34
62 41 65
62 42 43
62 43 77
62 44 56
62 45 18
62 46 21
62 47 77
62 48 58
62 49 54
62 50 44
62 51 10
62 52 98
62 53 54
62 54 86
62 55 28
62 56 49
62 57 59
62 58 79
62 59 66
62 60 86
62 61 89
63 0 38
63 1 5
63 2 2
63 3 35
63 4 98
63 5 91
63 6 61
63 7 41
63 8 90
63 9 80
63 10 11
63 11 46
63 12 77
63 13 47
63 14 13
63 15 72
63 16 47
63 17 97
63 18 61
63 19 50
63 20 5
63 21 49
63 22 88
63 23 36
63 24 36
63 25 93
63 26 4
63 27 65
63 28 21
63 29 34
63 30 95
63 31 22
63 32 16
63 33 75
63 34 74
63 35 50
63 36 54
63 37 6
63 38 86
63 39 25
63 40 3
63 41 98
63 42 84
63 43 45
63 44 3
63 45 15
63 46 40
63 47 32
63 48 71
63 49 3
63 50 60
63 51 42
63 52 25
63 53 13
63 54 10
63 55 29
63 56 87
63 57 61
63 58 69
63 59 10
63 60 64
63 61 44
63 62 84
64 0 16
64 1 3
64 2 63
64 3 71
64 4 49
64 5 84
64 6 10
64 7 2
64 8 56
64 9 87
64 10 28
64 11 67
64 12 5
64 13 51
64 14 65
64 15 92
64 16 19
64 17 18
64 18 54
64 19 78
64 20 4
64 21 10
64 22 2
64 23 58
64 24 72
64 25 7
64 26 84
64 27 14
64 28 54
64 29 10
64 30 52
64 31 88
64 32 53
64 33 99
64 34 19
64 35 78
64 36 65
64 37 39
64 38 75
64 39 16
64 40 98
64 41 86
64 42 41
64 43 52
64 44 37
64 45 90
64 46 79
64 47 2
64 48 54
64 49 4
64 50 93
64 51 29
64 52 59
64 53 42
64 54 17
64 55 69
64 56 34
64 57 52
64 58 54
64 59 21
64 60 91
64 61 83
64 62 15
64 63 52
65 0 69
65 1 80
65 2 82
65 3 8
65 4 44
65 5 26
65 6 82
65 7 9
65 8 3
65 9 7
65 10 54
65 11 78
65 12 43
65 13 87
65 14 45
65 15 42
65 16 69
65 17 7
65 18 62
65 19 92
65 20 1
65 21 50
65 22 71
65 23 85
65 24 27
65 25 27
65 26 17
65 27 47
65 28 60
65 29 88
65 30 11
65 31 93
65 32 76
65 33 66
65 34 4
65 35 69
65 36 52
65 37 81
65 38 34
65 39 1
65 40 22
65 41 94
65 42 46
65 43 90
65 44 28
65 45 78
65 46 83
65 47 91
65 48 31
65 49 31
65 50 22
65 51 70
65 52 1
65 53 67
65 54 10
65 55 22
65 56 23
65 57 54
65 58 89
65 59 97
65 60 60
65 61 84
65 62 51
65 63 67
65 64 72
66 0 86
66 1 56
66 2 27
66 3 99
66 4 32
66 5 73
66 6 19
66 7 28
66 8 93
66 9 73
66 10 12
66 11 17
66 12 34
66 13 51
66 14 98
66 15 50
66 16 69
66 17 63
66 18 59
66 19 33
66 20 3
66 21 25
66 22 31
66 23 71
66 24 41
66 25 70
66 26 79
66 27 69
66 28 43
66 29 98
66 30 34
66 31 60
66 32 41
66 33 51
66 34 75
66 35 49
66 36 61
66 37 94
66 38 58
66 39 22
66 40 10
66 41 85
66 42 9
66 43 69
66 44 23
66 45 66
66 46 50
66 47 100
66 48 74
66 49 24
66 50 13
66 51 83
66 52 9
66 53 70
66 54 70
66 55 8
66 56 41
66 57 64
66 58 80
66 59 57
66 60 20
66 61 77
66 62 24
66 63 62
66 64 74
66 65 58
67 0 95
67 1 38
67 2 77
67 3 62
67 4 52
67 5 57
67 6 88
67 7 41
67 8 54
67 9 93
67 10 76
67 11 21
67 12 37
67 13 32
67 14 20
67 15 5
67 16 11
67 17 66
67 18 40
67 19 75
67 20 65
67 21 77
67 22 22
67 23 90
67 24 24
67 25 3
67 26 16
67 27 98
67 28 3
67 29 36
67 30 32
67 31 15
67 32 27
67 33 90
67 34 74
67 35 25
67 36 36
67 37 49
67 38 63
67 39 24
67 40 89
67 41 65
67 42 57
67 43 94
67 44 17
67 45 90
67 46 68
67 47 87
67 48 18
67 49 42
67 50 23
67 51 64
67 52 75
67 53 47
67 54 32
67 55 99
67 56 42
67 57 8
67 58 46
67 59 66
67 60 38
67 61 92
67 62 34
67 63 46
67 64 30
67 65 32
67 66 3
68 0 36
68 1 13
68 2 93
68 3 34
68 4 59
68 5 98
68 6 44
68 7 23
68 8 70
68 9 83
68 10 26
68 11 34
68 12 42
68 13 57
68 14 34
68 15 23
68 16 67
68 17 63
68 18 21
68 19 63
68 20 92
68 21 36
68 22 16
68 23 3
68 24 99
68 25 63
68 26 4
68 27 34
68 28 77
68 29 54
68 30 8
68 31 34
68 32 61
68 33 17
68 34 81
68 35 30
68 36 24
68 37 69
68 38 84
68 39 93
68 40 54
68 41 27
68 42 18
68 43 55
68 44 54
68 45 69
68 46 38
68 47 5
68 48 41
68 49 55
68 50 57
68 51 19
68 52 30
68 53 44
68 54 22
68 55 24
68 56 41
68 57 44
68 58 31
68 59 90
68 60 54
68 61 100
68 62 98
68 63 20
68 64 99
68 65 86
68 66 16
68 67 70
69 0 71
69 1 57
69 2 53
69 3 14
69 4 87
69 5 5
69 6 82
69 7 50
69 8 33
69 9 82
69 10 44
69 11 4
69 12 82
69 13 11
69 14 81
69 15 81
69 16 58
69 17 6
69 18 97
69 19 55
69 20 84
69 21 47
69 22 27
69 23 27
69 24 53
69 25 89
69 26 31
69 27 69
69 28 97
69 29 16
69 30 27
69 31 37
69 32 39
69 33 55
69 34 50
69 35 23
69 36 60
69 37 7
69 38 92
69 39 90
69 40 28
69 41 75
69 42 50
69 43 90
69 44 42
69 45 86
69 46 4
69 47 69
69 48 12
69 49 33
69 50 93
69 51 18
69 52 75
69 53 99
69 54 63
69 55 3
69 56 1
69 57 26
69 58 100
69 59 4
69 60 65
69 61 39
69 62 85
69 63 34
69 64 67
69 65 55
69 66 15
69 67 19
69 68 34
70 0 17
70 1 92
70 2 63
70 3 45
70 4 46
70 5 76
70 6 31
70 7 43
70 8 99
70 9 37
70 10 15
70 11 41
70 12 66
70 13 68
70 14 76
70 15 39
70 16 58
70 17 35
70 18 75
70 19 88
70 20 66
70 21 83
70 22 28
70 23 91
70 24 79
70 25 20
70 26 57
70 27 14
70 28 15
70 29 49
70 30 20
70 31 51
70 32 81
70 33 11
70 34 38
70 35 63
70 36 74
70 37 81
70 38 60
70 39 93
70 40 99
70 41 8
70 42 21
70 43 19
70 44 48
70 45 97
70 46 98
70 47 90
70 48 77
70 49 87
70 50 67
70 51 85
70 52 79
70 53 50
70 54 96
70 55 59
70 56 24
70 57 36
70 58 60
70 59 75
70 60 28
70 61 29
70 62 37
70 63 50
70 64 76
70 65 85
70 66 33
70 67 49
70 68 88
70 69 79
71 0 41
71 1 5
71 2 28
71 3 75
71 4 29
71 5 61
71 6 85
71 7 87
71 8 26
71 9 49
71 10 70
71 11 22
71 12 31
71 13 58
71 14 18
71 15 86
71 16 74
71 17 63
71 18 86
71 19 25
71 20 14
71 21 92
71 22 82
71 23 23
71 24 34
71 25 88
71 26 69
71 27 64
71 28 76
71 29 73
71 30 29
71 31 54
71 32 34
71 33 8
71 34 87
71 35 42
71 36 86
71 37 41
71 38 15
71 39 96
71 40 39
71 41 58
71 42 75
71 43 18
71 44 15
71 45 86
71 46 82
71 47 3
71 48 8
71 49 21
71 50 73
71 51 84
71 52 82
71 53 72
71 54 29
71 55 7
71 56 96
71 57 48
71 58 87
71 59 34
71 60 76
71 61 24
71 62 20
71 63 76
71 64 62
71 65 65
71 66 4
71 67 79
71 68 9
71 69 6
71 70 71
72 0 45
72 1 20
72 2 98
72 3 24
72 4 47
72 5 31
72 6 72
72 7 82
72 8 58
72 9 88
72 10 94
72 11 49
72 12 31
72 13 77
72 14 5
72 15 52
72 16 76
72 17 95
72 18 61
72 19 82
72 20 30
72 21 88
72 22 25
72 23 29
72 24 15
72 25 76
72 26 87
72 27 97
72 28 32
72 29 51
72 30 90
72 31 49
72 32 37
72 33 19
72 34 1
72 35 7
72 36 86
72 37 14
72 38 63
72 39 8
72 40 64
72 41 15
72 42 1
72 43 2
72 44 20
72 45 32
72 46 76
72 47 25
72 48 68
72 49 55
72 50 15
72 51 98
72 52 51
72 53 74
72 54 52
72 55 34
72 56 60
72 57 18
72 58 53
72 59 42
72 60 41
72 61 65
72 62 34
72 63 71
72 64 67
72 65 24
72 66 71
72 67 35
72 68 36
72 69 97
72 70 66
72 71 94
73 0 13
73 1 67
73 2 30
73 3 11
73 4 56
73 5 64
73 6 82
73 7 84
73 8 70
73 9 14
73 10 80
73 11 31
73 12 79
73 13 73
73 14 44
73 15 89
73 16 31
73 17 91
73 18 19
73 19 35
73 20 56
73 21 73
73 22 95
73 23 54
73 24 47
73 25 20
73 26 92
73 27 9
73 28 36
73 29 67
73 30 59
73 31 84
73 32 84
73 33 62
73 34 62
73 35 9
73 36 14
73 37 41
73 38 47
73 39 93
73 40 41
73 41 99
73 42 13
73 43 3
73 44 89
73 45 65
73 46 23
73 47 94
73 48 96
73 49 21
73 50 39
73 51 63
73 52 53
73 53 29
73 54 70
73 55 72
73 56 13
73 57 61
73 58 51
73 59 85
73 60 79
73 61 38
73 62 11
73 63 94
73 64 63
73 65 26
73 66 77
73 67 51
73 68 48
73 69 43
73 70 42
73 71 3
73 72 24
74 0 80
74 1 83
74 2 19
74 3 70
74 4 38
74 5 9
74 6 52
74 7 89
74 8 25
74 9 79
74 10 65
74 11 46
74 12 85
74 13 3
74 14 24
74 15 42
74 16 30
74 17 51
74 18 37
74 19 28
74 20 12
74 21 95
74 22 85
74 23 58
74 24 58
74 25 79
74 26 76
74 27 14
74 28 35
74 29 92
74 30 27
74 31 64
74 32 45
74 33 80
74 34 40
74 35 38
74 36 50
74 37 34
74 38 44
74 39 22
74 40 76
74 41 30
74 42 98
74 43 9
74 44 57
74 45 8
74 46 98
74 47 74
74 48 8
74 49 23
74 50 27
74 51 32
74 52 48
74 53 6
74 54 21
74 55 15
74 56 95
74 57 4
74 58 77
74 59 80
74 60 27
74 61 100
74 62 96
74 63 20
74 64 61
74 65 32
74 66 44
74 67 53
74 68 1
74 69 58
74 70 86
74 71 100
74 72 68
74 73 29
