20
1 0 31
2 0 48
2 1 20
3 0 42
3 1 35
3 2 21
4 0 31
4 1 2
4 2 2
4 3 7
5 0 13
5 1 40
5 2 24
5 3 12
5 4 10
6 0 29
6 1 7
6 2 35
6 3 1
6 4 18
6 5 21
7 0 10
7 1 29
7 2 6
7 3 17
7 4 50
7 5 3
7 6 7
8 0 19
8 1 2
8 2 20
8 3 29
8 4 23
8 5 24
8 6 11
8 7 14
9 0 17
9 1 50
9 2 11
9 3 6
9 4 39
9 5 40
9 6 5
9 7 35
9 8 14
10 0 13
10 1 14
10 2 38
10 3 9
10 4 14
10 5 50
10 6 24
10 7 20
10 8 12
10 9 26
11 0 14
11 1 11
11 2 31
11 3 26
11 4 7
11 5 30
11 6 9
11 7 5
11 8 15
11 9 21
11 10 1
12 0 40
12 1 49
12 2 11
12 3 34
12 4 17
12 5 29
12 6 17
12 7 30
12 8 23
12 9 9
12 10 49
12 11 16
13 0 46
13 1 27
13 2 45
13 3 9
13 4 6
13 5 1
13 6 20
13 7 22
13 8 28
13 9 46
13 10 22
13 11 15
13 12 27
14 0 50
14 1 8
14 2 48
14 3 8
14 4 37
14 5 8
14 6 38
14 7 25
14 8 49
14 9 6
14 10 11
14 11 8
14 12 22
14 13 8
15 0 13
15 1 10
15 2 4
15 3 11
15 4 5
15 5 26
15 6 8
15 7 48
15 8 29
15 9 27
15 10 43
15 11 48
15 12 43
15 13 40
15 14 17
16 0 32
16 1 43
16 2 31
16 3 4
16 4 47
16 5 28
16 6 50
16 7 19
16 8 11
16 9 28
16 10 22
16 11 39
16 12 44
16 13 3
16 14 21
16 15 34
17 0 48
17 1 16
17 2 34
17 3 4
17 4 29
17 5 22
17 6 14
17 7 38
17 8 41
17 9 28
17 10 30
17 11 49
17 12 30
17 13 18
17 14 17
17 15 31
17 16 35
18 0 5
18 1 11
18 2 8
18 3 37
18 4 31
18 5 14
18 6 15
18 7 49
18 8 15
18 9 24
18 10 39
18 11 8
18 12 27
18 13 15
18 14 38
18 15 40
18 16 22
18 17 33
19 0 3
19 1 28
19 2 40
19 3 3
19 4 35
19 5 34
19 6 25
19 7 41
19 8 1
19 9 35
19 10 49
19 11 6
19 12 46
19 13 37
19 14 9
19 15 33
19 16 4
19 17 8
19 18 26
