50
1 0 3
2 0 2
2 1 3
3 0 4
3 1 3
3 2 2
4 0 5
4 1 4
4 2 1
4 3 2
5 0 2
5 1 4
5 2 5
5 3 5
5 4 4
6 0 3
6 1 2
6 2 1
6 3 5
6 4 2
6 5 3
7 0 3
7 1 3
7 2 3
7 3 3
7 4 1
7 5 4
7 6 5
8 0 3
8 1 4
8 2 2
8 3 2
8 4 4
8 5 1
8 6 5
8 7 2
9 0 4
9 1 2
9 2 3
9 3 2
9 4 5
9 5 4
9 6 4
9 7 4
9 8 3
10 0 5
10 1 2
10 2 2
10 3 5
10 4 4
10 5 4
10 6 5
10 7 5
10 8 1
10 9 1
11 0 1
11 1 4
11 2 4
11 3 3
11 4 5
11 5 4
11 6 5
11 7 3
11 8 4
11 9 3
11 10 2
12 0 2
12 1 3
12 2 2
12 3 5
12 4 2
12 5 4
12 6 4
12 7 2
12 8 4
12 9 5
12 10 4
12 11 1
13 0 3
13 1 1
13 2 2
13 3 5
13 4 5
13 5 5
13 6 2
13 7 4
13 8 2
13 9 5
13 10 4
13 11 1
13 12 3
14 0 3
14 1 4
14 2 4
14 3 4
14 4 5
14 5 5
14 6 4
14 7 2
14 8 3
14 9 4
14 10 1
14 11 1
14 12 2
14 13 2
15 0 1
15 1 3
15 2 1
15 3 2
15 4 5
15 5 5
15 6 3
15 7 4
15 8 3
15 9 3
15 10 4
15 11 3
15 12 3
15 13 4
15 14 5
16 0 1
16 1 1
16 2 1
16 3 4
16 4 1
16 5 4
16 6 2
16 7 5
16 8 4
16 9 3
16 10 5
16 11 5
16 12 2
16 13 2
16 14 4
16 15 5
17 0 1
17 1 3
17 2 4
17 3 4
17 4 5
17 5 5
17 6 3
17 7 1
17 8 4
17 9 5
17 10 1
17 11 2
17 12 4
17 13 2
17 14 4
17 15 1
17 16 4
18 0 5
18 1 2
18 2 3
18 3 4
18 4 4
18 5 1
18 6 3
18 7 5
18 8 1
18 9 1
18 10 5
18 11 2
18 12 2
18 13 2
18 14 1
18 15 4
18 16 3
18 17 3
19 0 4
19 1 3
19 2 4
19 3 4
19 4 2
19 5 4
19 6 3
19 7 5
19 8 5
19 9 3
19 10 2
19 11 3
19 12 5
19 13 1
19 14 1
19 15 4
19 16 3
19 17 3
19 18 3
20 0 4
20 1 1
20 2 1
20 3 1
20 4 1
20 5 2
20 6 4
20 7 5
20 8 1
20 9 5
20 10 2
20 11 2
20 12 2
20 13 4
20 14 2
20 15 5
20 16 4
20 17 5
20 18 4
20 19 5
21 0 2
21 1 2
21 2 1
21 3 4
21 4 5
21 5 4
21 6 5
21 7 2
21 8 3
21 9 5
21 10 5
21 11 5
21 12 4
21 13 5
21 14 1
21 15 1
21 16 3
21 17 3
21 18 2
21 19 1
21 20 1
22 0 4
22 1 1
22 2 3
22 3 3
22 4 3
22 5 3
22 6 5
22 7 1
22 8 3
22 9 2
22 10 4
22 11 3
22 12 3
22 13 1
22 14 5
22 15 3
22 16 3
22 17 5
22 18 4
22 19 4
22 20 5
22 21 3
23 0 4
23 1 4
23 2 1
23 3 4
23 4 3
23 5 2
23 6 3
23 7 2
23 8 4
23 9 2
23 10 3
23 11 3
23 12 5
23 13 2
23 14 4
23 15 1
23 16 4
23 17 2
23 18 4
23 19 2
23 20 3
23 21 4
23 22 3
24 0 5
24 1 4
24 2 1
24 3 4
24 4 1
24 5 5
24 6 2
24 7 5
24 8 2
24 9 1
24 10 4
24 11 4
24 12 4
24 13 4
24 14 4
24 15 1
24 16 4
24 17 3
24 18 5
24 19 3
24 20 5
24 21 2
24 22 2
24 23 3
25 0 1
25 1 3
25 2 2
25 3 3
25 4 3
25 5 2
25 6 2
25 7 4
25 8 3
25 9 1
25 10 1
25 11 1
25 12 3
25 13 4
25 14 1
25 15 5
25 16 1
25 17 5
25 18 3
25 19 1
25 20 1
25 21 4
25 22 1
25 23 1
25 24 3
26 0 1
26 1 4
26 2 3
26 3 4
26 4 2
26 5 4
26 6 3
26 7 5
26 8 2
26 9 5
26 10 2
26 11 1
26 12 5
26 13 3
26 14 3
26 15 3
26 16 2
26 17 1
26 18 3
26 19 5
26 20 2
26 21 1
26 22 5
26 23 2
26 24 1
26 25 4
27 0 4
27 1 5
27 2 5
27 3 5
27 4 2
27 5 3
27 6 1
27 7 2
27 8 3
27 9 2
27 10 5
27 11 2
27 12 2
27 13 5
27 14 2
27 15 1
27 16 2
27 17 1
27 18 3
27 19 1
27 20 2
27 21 5
27 22 4
27 23 1
27 24 5
27 25 4
27 26 4
28 0 3
28 1 5
28 2 2
28 3 5
28 4 4
28 5 5
28 6 2
28 7 3
28 8 5
28 9 1
28 10 1
28 11 3
28 12 2
28 13 2
28 14 3
28 15 1
28 16 1
28 17 5
28 18 4
28 19 5
28 20 5
28 21 3
28 22 1
28 23 4
28 24 1
28 25 3
28 26 2
28 27 3
29 0 1
29 1 2
29 2 3
29 3 5
29 4 4
29 5 3
29 6 3
29 7 2
29 8 4
29 9 3
29 10 4
29 11 4
29 12 5
29 13 2
29 14 4
29 15 2
29 16 1
29 17 5
29 18 5
29 19 3
29 20 5
29 21 5
29 22 4
29 23 3
29 24 5
29 25 2
29 26 2
29 27 2
29 28 4
30 0 3
30 1 5
30 2 1
30 3 2
30 4 4
30 5 2
30 6 3
30 7 5
30 8 2
30 9 4
30 10 1
30 11 2
30 12 4
30 13 1
30 14 2
30 15 1
30 16 4
30 17 1
30 18 1
30 19 4
30 20 4
30 21 5
30 22 4
30 23 4
30 24 1
30 25 1
30 26 4
30 27 1
30 28 4
30 29 5
31 0 3
31 1 1
31 2 2
31 3 4
31 4 2
31 5 2
31 6 4
31 7 2
31 8 4
31 9 2
31 10 3
31 11 3
31 12 5
31 13 4
31 14 5
31 15 4
31 16 2
31 17 2
31 18 3
31 19 5
31 20 3
31 21 3
31 22 5
31 23 2
31 24 5
31 25 3
31 26 2
31 27 2
31 28 5
31 29 5
31 30 1
32 0 4
32 1 4
32 2 1
32 3 3
32 4 4
32 5 4
32 6 1
32 7 4
32 8 3
32 9 2
32 10 1
32 11 3
32 12 1
32 13 5
32 14 5
32 15 3
32 16 2
32 17 5
32 18 4
32 19 5
32 20 2
32 21 3
32 22 5
32 23 4
32 24 5
32 25 5
32 26 3
32 27 2
32 28 5
32 29 2
32 30 3
32 31 5
33 0 5
33 1 4
33 2 5
33 3 4
33 4 3
33 5 5
33 6 2
33 7 4
33 8 2
33 9 4
33 10 2
33 11 3
33 12 2
33 13 5
33 14 1
33 15 4
33 16 5
33 17 1
33 18 3
33 19 4
33 20 3
33 21 2
33 22 4
33 23 2
33 24 2
33 25 4
33 26 1
33 27 2
33 28 4
33 29 1
33 30 5
33 31 5
33 32 5
34 0 1
34 1 5
34 2 3
34 3 4
34 4 4
34 5 1
34 6 4
34 7 1
34 8 2
34 9 5
34 10 4
34 11 4
34 12 5
34 13 5
34 14 5
34 15 4
34 16 2
34 17 4
34 18 1
34 19 5
34 20 1
34 21 3
34 22 2
34 23 5
34 24 2
34 25 2
34 26 5
34 27 2
34 28 1
34 29 2
34 30 5
34 31 2
34 32 3
34 33 4
35 0 5
35 1 1
35 2 1
35 3 2
35 4 1
35 5 3
35 6 2
35 7 2
35 8 5
35 9 5
35 10 5
35 11 4
35 12 2
35 13 2
35 14 2
35 15 3
35 16 4
35 17 1
35 18 1
35 19 5
35 20 1
35 21 3
35 22 4
35 23 2
35 24 3
35 25 1
35 26 2
35 27 2
35 28 1
35 29 1
35 30 1
35 31 5
35 32 3
35 33 3
35 34 5
36 0 1
36 1 5
36 2 1
36 3 3
36 4 4
36 5 3
36 6 5
36 7 1
36 8 2
36 9 2
36 10 5
36 11 1
36 12 2
36 13 5
36 14 3
36 15 1
36 16 1
36 17 4
36 18 4
36 19 4
36 20 1
36 21 4
36 22 1
36 23 5
36 24 2
36 25 5
36 26 3
36 27 5
36 28 1
36 29 1
36 30 1
36 31 5
36 32 1
36 33 2
36 34 4
36 35 1
37 0 1
37 1 5
37 2 3
37 3 1
37 4 2
37 5 3
37 6 2
37 7 1
37 8 2
37 9 2
37 10 2
37 11 2
37 12 5
37 13 3
37 14 1
37 15 5
37 16 3
37 17 5
37 18 4
37 19 3
37 20 2
37 21 1
37 22 2
37 23 1
37 24 5
37 25 2
37 26 4
37 27 5
37 28 2
37 29 2
37 30 4
37 31 3
37 32 2
37 33 2
37 34 1
37 35 4
37 36 3
38 0 4
38 1 2
38 2 2
38 3 2
38 4 4
38 5 5
38 6 5
38 7 4
38 8 2
38 9 2
38 10 4
38 11 1
38 12 4
38 13 3
38 14 5
38 15 3
38 16 3
38 17 3
38 18 4
38 19 3
38 20 5
38 21 2
38 22 2
38 23 3
38 24 4
38 25 4
38 26 2
38 27 5
38 28 4
38 29 5
38 30 2
38 31 4
38 32 1
38 33 5
38 34 2
38 35 1
38 36 4
38 37 2
39 0 1
39 1 4
39 2 1
39 3 1
39 4 1
39 5 1
39 6 5
39 7 2
39 8 3
39 9 5
39 10 3
39 11 5
39 12 1
39 13 4
39 14 5
39 15 4
39 16 4
39 17 2
39 18 3
39 19 1
39 20 3
39 21 1
39 22 2
39 23 5
39 24 2
39 25 2
39 26 2
39 27 5
39 28 2
39 29 2
39 30 1
39 31 2
39 32 1
39 33 1
39 34 5
39 35 3
39 36 3
39 37 5
39 38 1
40 0 1
40 1 5
40 2 2
40 3 2
40 4 2
40 5 3
40 6 1
40 7 2
40 8 2
40 9 5
40 10 2
40 11 5
40 12 5
40 13 1
40 14 2
40 15 2
40 16 2
40 17 5
40 18 4
40 19 3
40 20 3
40 21 5
40 22 2
40 23 5
40 24 3
40 25 3
40 26 1
40 27 3
40 28 4
40 29 2
40 30 2
40 31 5
40 32 5
40 33 1
40 34 5
40 35 5
40 36 3
40 37 5
40 38 5
40 39 4
41 0 2
41 1 5
41 2 1
41 3 5
41 4 5
41 5 2
41 6 3
41 7 2
41 8 1
41 9 2
41 10 4
41 11 1
41 12 1
41 13 2
41 14 5
41 15 4
41 16 1
41 17 1
41 18 1
41 19 5
41 20 3
41 21 1
41 22 2
41 23 4
41 24 1
41 25 3
41 26 1
41 27 1
41 28 5
41 29 5
41 30 2
41 31 1
41 32 2
41 33 4
41 34 2
41 35 3
41 36 4
41 37 3
41 38 5
41 39 3
41 40 4
42 0 5
42 1 4
42 2 3
42 3 5
42 4 1
42 5 1
42 6 2
42 7 4
42 8 4
42 9 4
42 10 1
42 11 1
42 12 2
42 13 5
42 14 4
42 15 4
42 16 3
42 17 2
42 18 5
42 19 2
42 20 3
42 21 1
42 22 4
42 23 2
42 24 1
42 25 4
42 26 3
42 27 1
42 28 3
42 29 1
42 30 3
42 31 5
42 32 5
42 33 4
42 34 3
42 35 1
42 36 2
42 37 1
42 38 5
42 39 1
42 40 3
42 41 3
43 0 2
43 1 4
43 2 1
43 3 3
43 4 2
43 5 4
43 6 1
43 7 2
43 8 2
43 9 5
43 10 1
43 11 3
43 12 3
43 13 4
43 14 4
43 15 2
43 16 1
43 17 4
43 18 4
43 19 4
43 20 1
43 21 5
43 22 4
43 23 3
43 24 1
43 25 3
43 26 5
43 27 4
43 28 3
43 29 5
43 30 2
43 31 4
43 32 2
43 33 5
43 34 1
43 35 5
43 36 4
43 37 5
43 38 2
43 39 2
43 40 3
43 41 2
43 42 1
44 0 2
44 1 4
44 2 2
44 3 5
44 4 1
44 5 1
44 6 1
44 7 5
44 8 1
44 9 2
44 10 2
44 11 2
44 12 1
44 13 3
44 14 2
44 15 2
44 16 5
44 17 1
44 18 3
44 19 4
44 20 4
44 21 1
44 22 1
44 23 1
44 24 2
44 25 4
44 26 5
44 27 2
44 28 1
44 29 3
44 30 2
44 31 1
44 32 4
44 33 5
44 34 4
44 35 1
44 36 5
44 37 2
44 38 5
44 39 5
44 40 5
44 41 3
44 42 1
44 43 3
45 0 4
45 1 1
45 2 2
45 3 2
45 4 5
45 5 1
45 6 2
45 7 2
45 8 5
45 9 3
45 10 2
45 11 4
45 12 2
45 13 5
45 14 3
45 15 4
45 16 3
45 17 2
45 18 5
45 19 3
45 20 5
45 21 5
45 22 5
45 23 3
45 24 3
45 25 1
45 26 2
45 27 1
45 28 4
45 29 3
45 30 4
45 31 5
45 32 1
45 33 5
45 34 4
45 35 2
45 36 4
45 37 4
45 38 2
45 39 3
45 40 1
45 41 1
45 42 3
45 43 4
45 44 3
46 0 3
46 1 4
46 2 5
46 3 5
46 4 5
46 5 3
46 6 4
46 7 3
46 8 2
46 9 5
46 10 1
46 11 3
46 12 4
46 13 1
46 14 5
46 15 1
46 16 5
46 17 4
46 18 3
46 19 1
46 20 1
46 21 2
46 22 1
46 23 4
46 24 4
46 25 4
46 26 1
46 27 1
46 28 1
46 29 2
46 30 2
46 31 1
46 32 5
46 33 1
46 34 4
46 35 1
46 36 2
46 37 4
46 38 3
46 39 3
46 40 5
46 41 3
46 42 3
46 43 1
46 44 4
46 45 1
47 0 4
47 1 2
47 2 2
47 3 3
47 4 3
47 5 1
47 6 1
47 7 4
47 8 4
47 9 5
47 10 5
47 11 2
47 12 3
47 13 3
47 14 2
47 15 2
47 16 5
47 17 2
47 18 2
47 19 2
47 20 1
47 21 1
47 22 4
47 23 3
47 24 1
47 25 1
47 26 2
47 27 5
47 28 2
47 29 1
47 30 2
47 31 2
47 32 4
47 33 1
47 34 4
47 35 2
47 36 1
47 37 2
47 38 2
47 39 4
47 40 2
47 41 1
47 42 4
47 43 5
47 44 1
47 45 3
47 46 5
48 0 2
48 1 3
48 2 1
48 3 5
48 4 3
48 5 1
48 6 2
48 7 4
48 8 3
48 9 3
48 10 4
48 11 5
48 12 3
48 13 1
48 14 3
48 15 3
48 16 4
48 17 2
48 18 5
48 19 2
48 20 3
48 21 1
48 22 1
48 23 2
48 24 3
48 25 3
48 26 4
48 27 2
48 28 3
48 29 4
48 30 2
48 31 4
48 32 2
48 33 1
48 34 4
48 35 4
48 36 3
48 37 4
48 38 4
48 39 1
48 40 1
48 41 2
48 42 2
48 43 1
48 44 1
48 45 1
48 46 5
48 47 3
49 0 3
49 1 2
49 2 5
49 3 1
49 4 1
49 5 5
49 6 5
49 7 5
49 8 4
49 9 2
49 10 4
49 11 3
49 12 2
49 13 5
49 14 3
49 15 5
49 16 4
49 17 4
49 18 5
49 19 4
49 20 5
49 21 5
49 22 3
49 23 1
49 24 3
49 25 1
49 26 3
49 27 2
49 28 1
49 29 5
49 30 2
49 31 4
49 32 2
49 33 1
49 34 2
49 35 1
49 36 3
49 37 5
49 38 4
49 39 2
49 40 5
49 41 2
49 42 5
49 43 1
49 44 1
49 45 2
49 46 5
49 47 5
49 48 1
