70
2 1 47
3 0 39
3 1 49
5 2 32
5 4 49
6 1 49
6 2 42
6 5 10
7 2 19
7 3 19
7 5 22
8 1 5
8 3 50
8 5 30
8 6 29
9 2 30
9 3 17
9 4 3
9 7 41
10 2 12
10 3 9
10 4 15
10 5 27
10 6 38
10 9 23
11 0 11
11 1 47
11 3 19
11 4 31
11 5 37
11 8 23
11 9 48
11 10 14
12 1 49
12 2 21
12 7 29
12 8 20
12 9 49
12 10 47
13 2 44
13 5 49
13 6 17
13 7 41
13 8 41
13 9 41
13 10 9
13 11 3
14 2 20
14 6 32
14 7 1
14 8 5
14 10 50
14 13 7
15 1 19
15 3 10
15 4 9
15 5 37
15 6 42
15 9 14
15 11 49
15 12 8
15 14 48
16 2 29
16 4 4
16 8 40
16 10 10
16 11 25
16 12 18
16 13 17
17 0 39
17 1 35
17 2 6
17 4 18
17 9 40
17 10 26
17 13 48
17 14 26
17 15 30
18 0 30
18 1 35
18 4 29
18 5 30
18 6 14
18 9 10
18 14 30
18 15 27
18 16 26
19 0 6
19 1 2
19 4 28
19 5 37
19 7 18
19 8 24
19 11 32
19 14 1
19 16 19
19 17 16
20 0 40
20 3 19
20 4 27
20 6 31
20 7 7
20 12 6
20 13 19
21 4 23
21 5 19
21 9 43
21 13 6
21 15 18
21 19 5
21 20 14
22 3 28
22 9 7
22 10 46
22 11 20
22 12 40
22 14 20
22 17 19
22 20 10
23 0 27
23 2 26
23 3 50
23 4 6
23 5 25
23 6 24
23 7 21
23 8 50
23 10 4
23 12 35
23 13 35
23 14 50
23 15 12
23 19 14
23 20 11
23 21 35
23 22 39
24 2 5
24 4 7
24 6 28
24 11 40
24 12 22
24 15 12
24 18 9
24 19 8
24 20 19
24 21 44
24 23 3
25 0 18
25 1 30
25 5 25
25 6 24
25 9 25
25 10 13
25 11 12
25 14 48
25 18 16
25 19 50
25 20 20
25 21 44
25 23 44
25 24 42
26 0 14
26 1 17
26 4 33
26 5 7
26 7 32
26 8 49
26 14 48
26 17 24
26 20 38
26 21 39
26 23 3
26 24 22
27 0 29
27 1 21
27 5 31
27 8 15
27 13 26
27 15 41
27 16 12
27 18 20
27 20 14
27 21 33
27 23 32
27 24 40
27 26 12
28 0 28
28 1 1
28 2 26
28 4 42
28 7 7
28 9 2
28 11 47
28 12 38
28 15 19
28 16 16
28 22 12
28 25 21
28 26 44
29 0 4
29 3 23
29 5 3
29 7 37
29 9 26
29 10 45
29 11 15
29 12 21
29 13 37
29 18 17
29 19 9
29 20 22
29 22 47
29 25 37
29 26 24
29 27 15
29 28 13
30 0 3
30 3 30
30 6 36
30 9 41
30 10 15
30 11 35
30 16 26
30 17 18
30 20 7
30 22 13
30 23 15
30 25 25
30 27 13
30 28 37
31 2 14
31 3 10
31 4 32
31 6 3
31 7 13
31 8 30
31 10 31
31 12 32
31 15 37
31 17 23
31 19 50
31 20 46
31 21 28
31 23 25
31 24 41
31 25 47
31 26 27
31 27 18
32 0 8
32 2 31
32 5 14
32 8 49
32 9 35
32 12 3
32 13 9
32 14 1
32 15 31
32 19 42
32 20 17
32 22 39
32 23 36
32 25 22
32 27 2
32 30 29
33 3 34
33 4 46
33 5 22
33 7 3
33 8 27
33 9 40
33 10 24
33 14 3
33 15 32
33 17 34
33 19 19
33 27 44
33 31 21
34 2 28
34 8 36
34 9 25
34 10 18
34 11 50
34 13 47
34 15 5
34 16 6
34 17 43
34 18 10
34 20 6
34 21 39
34 22 26
34 24 42
34 25 46
34 26 40
34 27 4
34 31 9
34 32 1
34 33 23
35 1 45
35 4 21
35 6 47
35 8 12
35 9 11
35 11 37
35 12 24
35 13 43
35 15 21
35 17 22
35 18 38
35 22 24
35 25 22
35 30 39
35 33 11
35 34 22
36 0 44
36 2 10
36 7 20
36 9 18
36 10 17
36 11 22
36 14 5
36 15 40
36 16 42
36 19 49
36 20 37
36 25 1
36 26 50
36 27 21
36 29 8
36 30 49
36 31 28
36 32 15
37 0 16
37 2 6
37 4 11
37 6 30
37 10 26
37 11 25
37 13 22
37 15 11
37 16 14
37 17 48
37 18 12
37 19 16
37 21 43
37 22 42
37 24 16
37 25 44
37 26 22
37 28 25
37 30 33
37 35 6
38 0 31
38 2 38
38 6 30
38 7 24
38 9 10
38 11 35
38 15 34
38 18 26
38 20 48
38 21 35
38 25 49
38 26 27
38 27 47
38 28 42
38 31 12
38 32 17
38 33 22
38 35 35
38 36 47
38 37 48
39 0 48
39 3 19
39 4 6
39 5 1
39 8 11
39 10 6
39 11 36
39 13 47
39 15 41
39 16 10
39 17 37
39 21 1
39 22 18
39 23 2
39 27 7
39 28 19
39 29 10
39 32 19
39 33 36
39 34 49
39 36 33
39 37 17
39 38 10
40 0 20
40 3 47
40 5 8
40 6 41
40 8 39
40 9 31
40 11 15
40 16 17
40 17 47
40 18 43
40 19 32
40 20 22
40 23 47
40 24 29
40 27 50
40 31 37
40 32 49
40 34 27
40 35 3
40 37 5
40 38 25
40 39 34
41 1 38
41 2 13
41 3 14
41 5 31
41 6 31
41 9 40
41 11 49
41 12 31
41 13 30
41 14 15
41 16 5
41 17 34
41 18 9
41 21 14
41 22 8
41 23 1
41 24 5
41 25 2
41 28 15
41 29 35
41 30 14
41 32 4
41 35 2
41 37 19
41 39 33
42 1 7
42 2 29
42 4 27
42 7 2
42 9 35
42 10 49
42 12 28
42 13 21
42 14 6
42 16 45
42 17 23
42 21 33
42 32 18
42 34 44
42 38 4
42 39 4
42 40 8
43 6 10
43 8 48
43 9 9
43 10 46
43 11 23
43 12 19
43 13 20
43 18 47
43 19 32
43 20 24
43 23 46
43 28 8
43 29 8
43 30 28
43 31 28
43 32 15
43 33 15
43 34 2
43 38 35
43 42 45
44 0 39
44 2 49
44 4 13
44 6 34
44 7 41
44 10 23
44 11 40
44 13 28
44 15 4
44 16 40
44 20 12
44 21 6
44 25 16
44 26 13
44 27 11
44 28 36
44 29 44
44 31 9
44 33 15
44 34 7
44 35 1
44 36 24
44 40 24
44 41 23
44 42 19
45 0 50
45 3 36
45 4 2
45 7 14
45 10 47
45 11 4
45 12 43
45 13 16
45 15 39
45 19 33
45 21 40
45 25 38
45 26 28
45 28 29
45 29 19
45 32 25
45 36 46
45 37 47
45 41 39
45 42 28
45 43 38
46 1 39
46 4 20
46 5 18
46 6 3
46 7 34
46 8 22
46 9 37
46 10 44
46 16 15
46 18 6
46 21 17
46 27 19
46 30 41
46 34 36
46 35 30
46 36 49
46 37 50
46 38 13
46 41 4
46 44 18
47 2 7
47 3 26
47 9 10
47 13 37
47 14 21
47 15 3
47 18 44
47 20 45
47 22 24
47 23 50
47 24 38
47 30 37
47 31 4
47 32 19
47 33 50
47 34 19
47 39 1
47 43 25
47 45 1
48 1 25
48 2 40
48 7 11
48 8 28
48 9 40
48 11 2
48 12 33
48 20 7
48 22 49
48 25 29
48 27 40
48 29 5
48 31 8
48 32 35
48 33 28
48 34 49
48 35 25
48 38 17
48 42 32
48 44 47
48 46 41
49 1 10
49 2 33
49 3 30
49 6 17
49 10 47
49 11 16
49 13 25
49 17 8
49 20 42
49 21 43
49 24 44
49 28 48
49 29 28
49 30 32
49 31 19
49 32 38
49 40 22
49 41 17
49 44 33
49 45 43
49 46 15
49 47 25
50 3 43
50 4 3
50 8 8
50 9 8
50 10 30
50 11 16
50 12 11
50 14 44
50 15 48
50 17 49
50 18 13
50 19 47
50 22 26
50 25 3
50 26 36
50 27 14
50 31 39
50 32 41
50 35 21
50 37 22
50 38 13
50 43 1
50 44 26
50 45 16
50 46 50
50 47 17
50 48 7
50 49 26
51 0 39
51 4 26
51 6 26
51 9 46
51 10 48
51 14 9
51 16 42
51 18 28
51 19 3
51 22 17
51 23 42
51 24 29
51 26 10
51 31 46
51 33 48
51 34 47
51 37 39
51 38 30
51 41 3
51 42 27
51 44 26
51 47 35
51 48 49
51 49 5
51 50 45
52 1 34
52 3 49
52 4 40
52 7 20
52 8 32
52 11 36
52 14 26
52 15 7
52 16 43
52 19 26
52 21 37
52 22 33
52 25 10
52 28 11
52 31 24
52 34 44
52 36 30
52 40 30
52 45 25
52 46 45
52 48 31
52 49 50
52 50 33
53 5 14
53 12 46
53 13 12
53 14 11
53 15 15
53 18 49
53 19 47
53 23 25
53 24 20
53 25 1
53 26 16
53 28 49
53 29 40
53 30 7
53 32 41
53 33 41
53 35 4
53 38 37
53 43 32
53 44 21
53 46 41
53 47 22
53 50 38
53 52 14
54 0 12
54 1 36
54 5 14
54 8 2
54 9 25
54 11 25
54 12 49
54 14 29
54 15 35
54 16 10
54 17 30
54 18 49
54 26 50
54 27 42
54 30 40
54 31 37
54 33 33
54 38 29
54 39 20
54 40 17
54 41 23
54 42 33
54 48 17
54 50 30
54 51 28
54 53 40
55 3 7
55 5 13
55 6 35
55 7 12
55 8 47
55 9 45
55 10 46
55 11 26
55 13 11
55 14 35
55 15 32
55 16 41
55 17 11
55 19 9
55 20 37
55 21 7
55 22 4
55 23 3
55 24 10
55 25 2
55 26 30
55 28 23
55 29 42
55 31 46
55 33 25
55 35 35
55 36 3
55 37 15
55 38 45
55 39 20
55 40 38
55 41 11
55 42 48
55 43 48
55 45 39
55 46 26
55 49 39
55 51 7
55 53 47
55 54 37
56 0 17
56 2 50
56 3 49
56 5 36
56 6 19
56 8 46
56 11 28
56 13 16
56 15 44
56 17 21
56 18 26
56 19 20
56 20 40
56 21 36
56 27 17
56 28 9
56 29 3
56 30 12
56 32 20
56 33 38
56 40 10
56 44 4
56 45 9
56 47 33
56 48 26
56 49 22
56 50 20
56 52 18
57 0 44
57 2 50
57 4 9
57 5 19
57 6 45
57 7 46
57 13 1
57 16 12
57 17 50
57 19 20
57 20 38
57 22 26
57 29 18
57 30 15
57 33 25
57 34 48
57 36 11
57 37 10
57 42 44
57 44 23
57 49 38
57 50 45
57 51 35
57 52 31
57 56 23
58 0 46
58 2 18
58 4 46
58 7 17
58 8 27
58 18 26
58 19 20
58 20 7
58 26 39
58 27 13
58 29 26
58 31 32
58 34 44
58 35 49
58 37 50
58 39 41
58 40 31
58 43 18
58 45 42
58 47 41
58 48 46
58 49 20
58 51 2
58 54 40
58 55 41
58 56 5
59 4 10
59 5 42
59 6 47
59 7 44
59 10 22
59 11 42
59 12 45
59 13 9
59 14 32
59 15 43
59 16 29
59 17 24
59 21 24
59 26 25
59 28 24
59 37 14
59 38 11
59 39 29
59 42 4
59 47 40
59 49 44
59 51 8
59 53 46
59 54 18
59 57 29
60 0 15
60 1 15
60 2 34
60 3 6
60 4 39
60 7 37
60 8 48
60 11 40
60 14 16
60 16 46
60 17 8
60 18 11
60 19 15
60 20 5
60 22 9
60 23 15
60 24 40
60 25 46
60 27 27
60 28 38
60 30 24
60 32 10
60 34 9
60 42 34
60 44 17
60 46 24
60 49 44
60 51 39
60 52 36
60 56 20
60 57 17
60 58 2
61 0 6
61 8 21
61 9 10
61 22 34
61 24 13
61 26 10
61 32 11
61 33 48
61 34 6
61 35 4
61 38 19
61 39 49
61 42 6
61 43 8
61 44 1
61 45 36
61 46 22
61 47 49
61 48 30
61 49 41
61 53 33
61 54 10
61 55 25
61 60 47
62 0 13
62 2 23
62 3 21
62 5 28
62 6 42
62 8 30
62 10 11
62 12 19
62 13 10
62 15 14
62 16 8
62 18 4
62 19 15
62 21 27
62 23 44
62 27 21
62 30 5
62 32 45
62 36 43
62 42 24
62 45 7
62 46 36
62 47 11
62 49 15
62 51 30
62 53 49
62 55 35
62 60 25
63 1 25
63 2 30
63 3 14
63 4 30
63 5 43
63 6 40
63 7 1
63 10 45
63 11 45
63 12 10
63 13 31
63 15 18
63 20 4
63 23 45
63 25 50
63 27 32
63 28 7
63 29 34
63 30 26
63 34 20
63 37 35
63 38 48
63 40 31
63 42 19
63 43 12
63 45 41
63 46 40
63 49 22
63 52 25
63 54 46
63 55 22
63 56 21
63 57 17
63 58 34
63 61 9
63 62 34
64 2 15
64 3 38
64 5 5
64 6 1
64 8 30
64 13 17
64 14 34
64 15 45
64 16 43
64 17 12
64 22 6
64 23 32
64 25 43
64 26 35
64 28 45
64 34 33
64 36 9
64 37 1
64 39 35
64 40 23
64 41 15
64 44 23
64 46 26
64 49 1
64 50 41
64 54 39
64 55 40
64 56 36
64 63 14
65 6 5
65 9 18
65 14 26
65 17 2
65 18 48
65 20 36
65 25 27
65 28 28
65 29 9
65 30 13
65 31 46
65 32 38
65 37 35
65 38 49
65 39 22
65 40 36
65 41 47
65 42 2
65 45 41
65 46 37
65 47 25
65 48 19
65 49 13
65 53 29
65 54 32
65 58 46
65 61 6
65 63 32
66 1 37
66 2 41
66 4 33
66 5 38
66 6 42
66 9 36
66 11 33
66 12 9
66 13 8
66 15 20
66 16 35
66 18 6
66 22 32
66 23 28
66 25 37
66 26 35
66 27 14
66 28 4
66 29 46
66 32 24
66 36 5
66 41 33
66 43 26
66 44 47
66 45 34
66 46 8
66 48 16
66 50 12
66 52 36
66 53 8
66 54 13
66 55 25
66 56 20
66 59 6
66 64 14
67 1 11
67 2 47
67 3 33
67 5 50
67 6 35
67 7 13
67 8 35
67 10 14
67 11 32
67 12 39
67 14 23
67 16 7
67 17 15
67 19 39
67 22 19
67 23 11
67 24 30
67 25 3
67 27 25
67 30 27
67 33 45
67 34 1
67 35 30
67 36 1
67 37 16
67 38 32
67 40 5
67 41 8
67 43 41
67 47 2
67 48 4
67 49 5
67 51 5
67 52 6
67 53 33
67 54 26
67 55 38
67 57 23
67 58 3
67 64 38
67 65 49
67 66 15
68 0 35
68 3 15
68 7 5
68 10 45
68 11 14
68 12 25
68 14 19
68 15 31
68 16 32
68 20 47
68 21 21
68 24 2
68 25 44
68 28 7
68 29 3
68 30 36
68 40 31
68 41 49
68 42 32
68 43 14
68 46 36
68 49 50
68 52 12
68 53 4
68 54 19
68 55 31
68 57 14
68 59 25
68 60 20
68 61 47
68 65 4
69 3 16
69 5 30
69 7 6
69 9 44
69 16 5
69 19 40
69 20 21
69 21 27
69 23 32
69 25 8
69 27 1
69 28 10
69 29 15
69 30 13
69 31 5
69 32 21
69 33 34
69 34 23
69 36 50
69 38 47
69 40 37
69 41 40
69 43 48
69 45 41
69 46 19
69 48 49
69 50 41
69 52 15
69 53 33
69 56 37
69 58 3
69 59 48
69 61 18
69 65 6
69 66 26
69 68 38
