55
1 0 40
2 0 68
2 1 62
3 0 41
3 2 57
4 2 84
5 0 35
5 3 37
5 4 7
6 1 77
6 2 41
6 3 83
7 1 81
7 3 19
7 4 96
7 6 80
8 1 62
8 3 79
8 4 27
8 6 75
8 7 75
9 4 49
9 5 97
9 6 30
9 7 97
9 8 51
10 2 78
10 6 56
10 7 55
10 8 4
11 0 64
11 4 41
11 5 69
11 6 97
11 7 30
11 8 56
11 9 34
11 10 84
12 0 93
12 1 84
12 2 90
12 3 24
12 7 36
12 9 61
13 0 30
13 3 5
13 5 86
13 7 15
13 8 20
13 10 68
13 11 82
14 3 50
14 4 11
14 5 16
14 6 46
14 7 58
14 10 44
14 12 69
14 13 60
15 1 43
15 9 25
15 11 35
15 13 97
16 0 11
16 1 94
16 3 53
16 7 62
16 8 40
16 10 2
16 12 88
16 14 3
17 0 49
17 1 76
17 3 24
17 4 60
17 5 71
17 10 57
17 12 31
17 13 6
17 15 61
18 0 72
18 2 92
18 3 62
18 5 21
18 7 41
18 11 31
18 12 51
18 14 23
18 15 78
19 0 86
19 2 35
19 3 31
19 4 73
19 5 67
19 8 12
19 9 56
19 10 63
19 11 60
19 12 28
19 13 3
19 14 77
19 17 23
19 18 5
20 0 62
20 3 25
20 4 19
20 7 76
20 8 28
20 9 80
20 11 40
20 12 19
20 13 100
20 14 95
20 15 91
21 3 67
21 5 92
21 6 99
21 7 22
21 10 99
21 12 92
21 13 11
21 14 68
22 0 13
22 2 37
22 5 75
22 7 41
22 8 30
22 9 14
22 14 65
22 16 5
22 17 7
23 0 52
23 9 12
23 10 78
23 15 18
23 17 29
23 18 57
23 19 81
23 21 14
23 22 92
24 1 18
24 4 69
24 5 51
24 7 58
24 8 1
24 9 60
24 11 5
24 12 18
24 15 69
24 16 60
24 18 71
24 22 85
24 23 100
25 2 67
25 3 36
25 7 87
25 12 20
25 18 69
25 19 95
26 3 79
26 4 38
26 7 16
26 8 37
26 9 8
26 10 57
26 12 72
26 13 86
26 15 50
26 17 3
26 22 4
26 24 6
26 25 88
27 1 66
27 3 6
27 4 30
27 5 14
27 8 43
27 18 89
27 20 24
27 24 14
27 25 60
27 26 98
28 1 28
28 5 99
28 6 73
28 7 47
28 8 29
28 10 53
28 11 86
28 12 57
28 14 47
28 15 42
28 17 51
28 18 30
28 19 55
28 20 73
28 26 97
28 27 52
29 2 12
29 3 2
29 4 100
29 8 69
29 9 13
29 10 25
29 11 87
29 13 90
29 16 51
29 17 12
29 18 96
29 20 59
29 21 66
29 22 83
29 23 91
29 25 52
29 26 33
30 0 32
30 2 70
30 3 55
30 6 24
30 8 25
30 9 100
30 10 43
30 11 48
30 12 19
30 16 67
30 17 55
30 18 17
30 19 14
30 26 25
30 28 100
30 29 89
31 0 51
31 1 25
31 2 38
31 4 27
31 5 65
31 6 41
31 9 50
31 10 13
31 13 17
31 14 61
31 18 76
31 20 34
31 21 26
31 22 9
31 23 48
31 25 3
31 26 88
31 27 85
32 1 5
32 3 72
32 4 51
32 5 92
32 7 72
32 8 98
32 10 5
32 11 25
32 13 95
32 16 74
32 18 72
32 19 31
32 20 73
32 22 100
32 25 31
32 27 87
32 29 86
32 31 6
33 2 23
33 3 9
33 5 91
33 7 61
33 11 32
33 12 60
33 13 40
33 15 90
33 19 39
33 20 51
33 21 47
33 22 92
33 24 93
33 25 48
33 28 77
33 31 5
34 1 45
34 2 22
34 4 51
34 8 56
34 9 85
34 12 33
34 13 28
34 14 6
34 15 6
34 16 3
34 17 72
34 20 25
34 21 54
34 23 17
34 26 69
34 27 84
34 30 88
34 31 7
34 32 21
34 33 28
35 0 71
35 1 39
35 2 23
35 3 51
35 7 86
35 10 66
35 13 77
35 14 54
35 15 23
35 16 93
35 19 50
35 20 16
35 22 97
35 23 50
35 26 63
35 31 31
35 33 26
35 34 80
36 0 67
36 1 82
36 4 28
36 10 40
36 11 62
36 12 76
36 19 13
36 20 89
36 22 70
36 24 14
36 29 100
36 32 4
36 33 7
36 34 3
37 0 97
37 3 62
37 5 71
37 6 18
37 7 85
37 8 71
37 9 96
37 10 74
37 12 100
37 14 84
37 16 44
37 17 41
37 19 33
37 21 56
37 22 96
37 23 22
37 24 42
37 25 36
37 28 95
37 29 49
37 31 73
37 32 75
37 33 16
37 34 86
37 36 26
38 2 14
38 7 2
38 8 21
38 12 83
38 17 32
38 18 72
38 20 59
38 22 37
38 25 19
38 26 27
38 28 31
38 29 26
38 30 21
38 33 88
38 35 77
38 36 99
38 37 41
39 1 8
39 5 22
39 6 32
39 8 22
39 13 73
39 14 21
39 17 86
39 18 5
39 21 84
39 23 36
39 25 52
39 29 7
39 38 23
40 0 65
40 1 35
40 2 19
40 3 5
40 4 47
40 6 20
40 11 89
40 13 79
40 19 21
40 21 36
40 22 26
40 23 28
40 25 27
40 26 36
40 28 25
40 31 55
40 36 39
40 38 13
41 0 77
41 1 73
41 3 25
41 5 50
41 7 29
41 8 90
41 12 45
41 16 95
41 17 84
41 21 34
41 24 51
41 25 93
41 30 19
41 32 73
41 34 46
41 35 82
41 36 73
41 37 79
41 38 50
41 39 8
41 40 28
42 0 22
42 2 98
42 3 60
42 6 90
42 7 66
42 8 50
42 9 81
42 12 56
42 13 6
42 14 3
42 17 66
42 21 66
42 22 42
42 23 68
42 24 26
42 27 71
42 28 59
42 29 25
42 30 26
42 36 68
42 40 73
42 41 67
43 2 51
43 5 58
43 6 80
43 12 46
43 13 17
43 14 5
43 15 85
43 17 38
43 18 77
43 20 89
43 21 81
43 24 91
43 28 90
43 29 29
43 31 34
43 32 27
43 33 88
43 34 26
43 39 81
43 42 66
44 2 72
44 3 5
44 4 76
44 5 29
44 8 74
44 12 77
44 13 54
44 17 30
44 22 75
44 27 75
44 36 11
44 41 74
44 42 51
44 43 4
45 0 90
45 2 46
45 3 36
45 5 5
45 6 42
45 7 54
45 8 38
45 9 79
45 10 24
45 13 38
45 17 36
45 20 50
45 23 8
45 24 82
45 25 13
45 26 70
45 31 98
45 34 76
45 35 30
45 37 96
45 38 43
45 39 33
46 1 5
46 3 100
46 4 3
46 5 19
46 9 51
46 10 87
46 13 23
46 15 80
46 18 91
46 23 21
46 24 44
46 26 99
46 33 94
46 36 20
46 38 57
46 40 17
46 41 54
46 42 72
46 43 14
46 45 91
47 0 21
47 4 67
47 7 65
47 8 6
47 9 87
47 10 85
47 12 90
47 13 13
47 15 84
47 17 38
47 19 38
47 20 56
47 22 29
47 23 83
47 24 62
47 25 74
47 27 5
47 28 23
47 31 89
47 32 50
47 33 75
47 35 4
47 37 40
47 38 52
47 39 23
47 42 26
47 43 28
47 44 51
47 45 87
48 2 18
48 5 10
48 8 67
48 9 58
48 12 24
48 13 63
48 14 2
48 18 62
48 19 46
48 22 17
48 24 37
48 25 57
48 26 28
48 29 83
48 30 19
48 32 43
48 33 65
48 34 79
48 37 79
48 38 49
48 41 37
48 42 73
48 43 42
49 1 57
49 3 14
49 4 28
49 9 93
49 10 34
49 12 1
49 13 95
49 14 22
49 15 52
49 16 78
49 20 77
49 22 43
49 23 2
49 26 16
49 27 48
49 28 67
49 29 68
49 32 80
49 33 13
49 36 54
49 38 46
49 40 96
49 41 59
49 42 84
49 43 80
49 44 32
49 45 55
49 47 35
49 48 68
50 0 27
50 5 58
50 8 29
50 9 95
50 11 56
50 12 47
50 13 31
50 15 4
50 17 13
50 18 9
50 19 52
50 20 71
50 24 30
50 26 3
50 29 18
50 30 98
50 32 28
50 34 36
50 35 13
50 38 80
50 39 85
50 40 88
50 42 9
50 43 15
50 45 45
50 47 94
50 49 29
51 0 22
51 1 84
51 2 73
51 3 88
51 7 27
51 8 71
51 9 37
51 11 91
51 12 11
51 14 100
51 21 65
51 22 96
51 23 7
51 27 62
51 28 59
51 36 47
51 38 74
51 39 51
51 42 14
51 43 91
51 46 6
51 47 89
51 48 70
51 49 3
51 50 45
52 0 61
52 5 68
52 7 40
52 8 80
52 9 12
52 11 84
52 12 1
52 15 88
52 17 63
52 18 30
52 23 13
52 26 31
52 27 19
52 30 94
52 31 51
52 32 8
52 33 49
52 35 3
52 36 100
52 40 68
52 42 9
52 43 43
52 46 42
53 0 23
53 1 72
53 3 6
53 4 99
53 5 60
53 7 48
53 12 51
53 13 51
53 14 23
53 15 35
53 16 39
53 17 32
53 18 27
53 19 58
53 25 77
53 29 50
53 30 41
53 31 7
53 32 93
53 33 68
53 36 23
53 38 42
53 39 80
53 40 92
53 45 37
53 47 88
53 48 83
53 49 51
53 51 25
54 1 80
54 3 16
54 7 90
54 8 20
54 9 20
54 12 75
54 14 35
54 15 64
54 17 35
54 18 97
54 20 30
54 22 62
54 23 43
54 28 77
54 29 6
54 33 68
54 34 65
54 38 74
54 43 63
54 44 76
54 45 40
54 48 64
54 52 34
