20
3 1 29
3 2 33
5 1 41
5 3 29
5 4 32
7 0 3
7 4 37
7 6 17
8 0 17
8 2 10
8 4 37
8 7 38
9 0 3
9 2 12
9 3 9
9 6 34
9 8 39
10 0 45
10 2 38
10 3 15
10 4 34
10 5 1
10 6 37
10 7 3
11 1 24
11 6 8
11 7 18
11 8 7
11 9 16
11 10 9
12 0 39
12 2 35
12 3 15
12 6 5
12 9 25
12 10 25
12 11 24
13 1 26
13 5 47
13 7 20
13 11 3
13 12 36
14 1 35
14 3 24
14 4 18
14 8 30
14 9 28
14 10 26
14 11 3
14 12 33
15 0 26
15 1 41
15 4 41
15 5 28
15 10 20
15 11 30
15 13 9
16 0 41
16 4 39
16 6 47
16 9 10
16 11 33
16 12 15
16 15 25
17 0 6
17 1 34
17 2 42
17 3 6
17 4 1
17 6 1
17 9 37
17 11 18
17 12 45
17 13 7
17 16 34
18 0 25
18 1 41
18 2 21
18 3 7
18 4 49
18 5 3
18 6 39
18 11 48
18 12 39
18 14 27
19 0 40
19 1 44
19 2 36
19 3 19
19 4 44
19 11 48
