25
2 0 70
2 1 49
3 0 41
5 0 92
5 1 78
5 2 85
5 3 42
5 4 72
6 3 16
7 0 94
7 2 90
8 1 47
8 2 32
8 4 62
8 6 51
9 1 59
9 2 48
9 6 41
9 7 53
10 1 19
10 2 70
10 3 92
10 4 36
10 6 94
10 8 48
10 9 55
11 0 9
11 3 66
12 0 67
12 1 79
12 4 81
12 5 36
12 10 82
12 11 90
13 0 32
13 4 18
13 6 18
13 7 7
13 8 39
13 10 23
13 11 53
13 12 38
14 0 19
14 1 73
14 2 67
14 4 91
14 5 2
14 6 93
14 8 90
14 10 54
14 11 21
15 1 89
15 5 6
15 6 84
15 9 36
15 10 79
15 11 17
15 12 81
15 13 28
15 14 27
16 1 12
16 2 26
16 4 2
16 6 50
16 10 39
16 12 18
16 13 35
16 14 40
17 1 56
17 2 82
17 4 61
17 7 80
17 8 87
17 10 8
17 12 1
17 16 19
18 2 100
18 3 13
18 5 86
18 8 8
18 9 74
18 14 76
18 15 2
18 16 37
18 17 92
19 0 61
19 2 94
19 3 15
19 6 98
19 15 47
19 16 17
19 17 100
20 4 26
20 6 18
20 8 61
20 9 98
20 10 46
20 12 19
20 13 86
20 15 50
20 16 16
20 18 58
21 0 38
21 4 36
21 6 28
21 7 83
21 8 73
21 9 2
21 10 44
21 11 73
21 12 78
21 14 45
21 16 99
21 17 30
21 18 48
21 20 16
22 0 20
22 1 41
22 2 86
22 3 3
22 5 31
22 6 41
22 11 20
22 13 17
22 17 79
22 18 100
22 19 75
22 20 23
23 0 9
23 2 87
23 4 60
23 8 60
23 13 60
23 14 23
23 17 81
23 18 11
23 21 14
24 1 25
24 5 58
24 6 63
24 7 96
24 8 7
24 9 97
24 12 72
24 14 85
24 16 38
24 20 8
24 23 41
