15
1 0 14
2 0 63
2 1 67
3 0 97
3 1 1
3 2 45
4 0 71
4 1 91
4 2 35
4 3 93
5 0 64
5 1 84
5 2 84
5 3 24
5 4 97
6 0 15
6 1 45
6 2 33
6 3 14
6 4 44
6 5 73
7 0 20
7 1 64
7 2 61
7 3 41
7 4 35
7 5 55
7 6 48
8 0 20
8 1 32
8 2 34
8 3 15
8 4 88
8 5 7
8 6 43
8 7 73
9 0 8
9 1 45
9 2 51
9 3 15
9 4 33
9 5 22
9 6 10
9 7 27
9 8 30
10 0 19
10 1 43
10 2 37
10 3 22
10 4 53
10 5 80
10 6 73
10 7 2
10 8 33
10 9 9
11 0 6
11 1 61
11 2 86
11 3 88
11 4 79
11 5 36
11 6 27
11 7 45
11 8 62
11 9 70
11 10 55
12 0 66
12 1 70
12 2 38
12 3 98
12 4 43
12 5 49
12 6 86
12 7 58
12 8 29
12 9 12
12 10 77
12 11 98
13 0 31
13 1 66
13 2 57
13 3 2
13 4 25
13 5 88
13 6 71
13 7 83
13 8 91
13 9 24
13 10 92
13 11 20
13 12 88
14 0 15
14 1 52
14 2 65
14 3 18
14 4 84
14 5 89
14 6 20
14 7 56
14 8 44
14 9 38
14 10 15
14 11 49
14 12 91
14 13 31
