20
1 0 3
2 0 10
2 1 8
3 0 9
3 1 3
3 2 4
4 0 7
4 1 4
4 2 9
4 3 4
5 0 4
5 1 4
5 2 5
5 3 6
5 4 2
6 0 7
6 1 5
6 2 6
6 3 3
6 4 3
6 5 2
7 0 3
7 1 6
7 2 10
7 3 6
7 4 1
7 5 6
7 6 6
8 0 3
8 1 7
8 2 5
8 3 2
8 4 9
8 5 2
8 6 9
8 7 4
9 0 7
9 1 1
9 2 3
9 3 1
9 4 10
9 5 7
9 6 10
9 7 6
9 8 6
10 0 7
10 1 6
10 2 3
10 3 6
10 4 6
10 5 1
10 6 8
10 7 5
10 8 9
10 9 6
11 0 4
11 1 9
11 2 6
11 3 1
11 4 8
11 5 7
11 6 7
11 7 9
11 8 8
11 9 2
11 10 4
12 0 7
12 1 1
12 2 2
12 3 5
12 4 6
12 5 4
12 6 3
12 7 3
12 8 8
12 9 4
12 10 5
12 11 4
13 0 8
13 1 5
13 2 2
13 3 8
13 4 7
13 5 9
13 6 9
13 7 1
13 8 3
13 9 8
13 10 6
13 11 10
13 12 1
14 0 6
14 1 3
14 2 4
14 3 10
14 4 2
14 5 9
14 6 6
14 7 1
14 8 6
14 9 5
14 10 3
14 11 8
14 12 8
14 13 9
15 0 1
15 1 2
15 2 6
15 3 1
15 4 7
15 5 4
15 6 5
15 7 10
15 8 9
15 9 1
15 10 2
15 11 6
15 12 1
15 13 8
15 14 8
16 0 5
16 1 9
16 2 8
16 3 1
16 4 7
16 5 9
16 6 3
16 7 2
16 8 2
16 9 4
16 10 2
16 11 6
16 12 4
16 13 2
16 14 5
16 15 9
17 0 10
17 1 6
17 2 3
17 3 8
17 4 10
17 5 6
17 6 5
17 7 9
17 8 2
17 9 10
17 10 3
17 11 3
17 12 4
17 13 4
17 14 10
17 15 9
17 16 2
18 0 9
18 1 10
18 2 9
18 3 10
18 4 10
18 5 9
18 6 5
18 7 10
18 8 6
18 9 8
18 10 7
18 11 10
18 12 2
18 13 10
18 14 5
18 15 4
18 16 2
18 17 7
19 0 6
19 1 9
19 2 5
19 3 6
19 4 3
19 5 4
19 6 9
19 7 10
19 8 5
19 9 5
19 10 10
19 11 1
19 12 1
19 13 3
19 14 6
19 15 10
19 16 10
19 17 6
19 18 2
