65
3 1 14
4 2 38
4 3 32
5 2 36
5 3 14
5 4 30
6 0 29
6 2 2
6 4 32
7 3 1
7 6 31
8 0 50
8 2 39
9 2 11
9 3 11
9 4 39
10 0 36
10 6 13
10 8 36
10 9 6
11 2 31
11 7 15
11 9 25
11 10 33
12 2 49
12 5 22
12 6 20
12 7 38
12 8 44
12 9 30
13 2 49
13 3 48
13 8 47
13 10 44
14 0 39
14 3 26
14 5 16
14 7 43
15 1 27
15 2 26
15 3 50
15 4 47
15 6 45
15 8 31
15 9 14
15 10 22
15 11 30
15 14 2
16 0 26
16 1 36
16 3 45
16 5 25
16 7 30
16 8 43
16 9 15
16 10 46
16 14 18
17 0 16
17 1 4
17 3 49
17 5 10
17 7 10
17 9 30
17 10 16
17 11 50
17 12 21
17 13 10
17 16 33
18 1 38
18 4 34
18 5 28
18 6 16
18 8 48
18 11 47
18 12 37
18 14 46
19 0 46
19 1 43
19 3 36
19 7 13
19 13 37
19 14 10
19 15 46
19 16 22
19 18 33
20 2 42
20 4 10
20 7 35
20 8 2
20 11 33
20 16 35
20 17 50
20 18 27
21 2 36
21 3 6
21 6 10
21 7 33
21 8 40
21 15 11
21 16 38
21 17 33
21 19 26
21 20 45
22 0 6
22 1 9
22 4 20
22 6 44
22 11 14
22 13 15
22 14 48
22 18 44
22 20 2
23 0 22
23 1 23
23 2 14
23 4 8
23 5 36
23 6 5
23 9 15
23 10 32
23 11 31
23 19 39
23 22 10
24 0 30
24 7 21
24 10 48
24 14 26
24 17 45
24 19 44
24 20 43
24 22 36
24 23 2
25 2 24
25 3 31
25 5 4
25 6 21
25 9 2
25 12 23
25 13 3
25 14 16
25 16 37
25 17 40
25 18 31
25 20 1
25 22 22
26 1 7
26 2 17
26 4 7
26 8 19
26 9 24
26 10 30
26 12 2
26 14 18
26 18 44
26 19 34
26 21 31
26 22 15
26 23 27
27 4 35
27 6 13
27 7 18
27 9 34
27 11 26
27 18 27
27 21 34
27 22 24
27 23 24
27 24 9
27 25 10
27 26 43
28 3 33
28 6 43
28 7 30
28 13 5
28 14 4
28 16 6
28 19 15
28 22 36
29 2 5
29 3 43
29 4 28
29 5 45
29 6 3
29 7 13
29 10 11
29 15 7
29 16 19
29 17 2
29 18 25
29 19 15
29 20 33
29 21 43
29 22 9
29 28 49
30 0 32
30 3 14
30 4 40
30 6 37
30 9 22
30 10 43
30 18 6
30 19 31
30 22 4
30 23 42
30 24 32
30 26 8
30 27 28
30 28 29
30 29 27
31 1 15
31 2 10
31 3 21
31 5 12
31 6 20
31 7 40
31 10 37
31 11 41
31 12 20
31 13 30
31 14 25
31 17 38
31 18 32
31 19 6
31 20 22
31 21 34
31 25 43
31 26 3
31 27 34
31 28 5
31 30 2
32 0 42
32 1 41
32 5 20
32 7 14
32 8 39
32 10 21
32 11 4
32 14 28
32 17 20
32 20 37
32 21 17
32 22 23
32 23 25
32 24 20
32 30 50
32 31 27
33 1 15
33 11 42
33 15 44
33 16 5
33 20 18
33 21 47
33 22 42
33 23 7
33 24 10
33 27 13
33 28 20
33 32 43
34 0 32
34 1 10
34 3 48
34 5 28
34 7 50
34 10 35
34 12 41
34 13 16
34 16 39
34 17 39
34 20 31
34 23 38
34 26 45
34 30 8
34 31 27
34 33 8
35 1 2
35 2 37
35 3 12
35 4 21
35 6 4
35 9 2
35 10 4
35 12 24
35 13 45
35 15 1
35 16 11
35 18 34
35 19 2
35 20 2
35 25 4
35 30 49
35 31 19
35 32 1
35 34 5
36 1 4
36 2 10
36 5 28
36 6 44
36 8 9
36 9 13
36 10 3
36 11 33
36 12 7
36 15 34
36 20 47
36 22 4
36 25 29
36 29 19
36 31 28
36 33 12
37 2 8
37 4 43
37 7 25
37 9 5
37 12 47
37 13 26
37 15 12
37 16 27
37 17 9
37 20 6
37 21 8
37 22 35
37 23 23
37 24 49
37 26 19
37 31 18
37 32 44
38 0 19
38 1 3
38 3 32
38 7 33
38 8 30
38 11 3
38 13 18
38 14 32
38 15 14
38 17 45
38 22 17
38 33 34
38 34 44
38 35 5
38 36 24
38 37 33
39 0 40
39 1 14
39 2 34
39 4 15
39 6 26
39 7 26
39 9 21
39 13 45
39 16 33
39 17 5
39 20 33
39 21 24
39 24 8
39 25 12
39 29 49
39 33 1
39 34 32
39 35 26
39 36 19
39 37 2
39 38 20
40 0 27
40 1 44
40 2 41
40 3 25
40 4 14
40 7 40
40 8 15
40 9 7
40 10 38
40 11 28
40 14 5
40 17 34
40 19 18
40 20 39
40 21 32
40 23 8
40 24 4
40 26 45
40 27 4
40 28 29
40 29 39
40 33 40
40 36 13
40 37 47
40 38 1
40 39 29
41 0 4
41 1 32
41 3 45
41 7 45
41 8 18
41 10 26
41 13 18
41 14 30
41 15 42
41 16 24
41 17 8
41 19 18
41 21 49
41 22 34
41 23 12
41 24 4
41 28 37
41 29 3
41 30 44
41 32 26
41 33 33
41 34 11
41 35 28
41 36 30
41 40 23
42 0 12
42 3 1
42 4 5
42 9 31
42 11 21
42 12 6
42 13 4
42 15 36
42 18 18
42 21 47
42 23 25
42 24 6
42 25 26
42 26 31
42 27 34
42 28 3
42 31 39
42 32 26
42 33 4
42 34 28
42 35 41
42 37 2
43 1 21
43 3 36
43 4 2
43 5 9
43 6 29
43 7 8
43 9 48
43 10 20
43 12 36
43 13 36
43 15 30
43 16 25
43 17 42
43 20 5
43 23 40
43 26 2
43 27 46
43 28 6
43 32 18
43 33 6
43 35 44
43 39 32
43 42 36
44 1 17
44 3 24
44 4 44
44 6 4
44 8 8
44 9 44
44 11 47
44 14 1
44 20 33
44 21 11
44 23 31
44 25 29
44 28 39
44 31 33
44 32 11
44 34 25
44 39 16
44 40 27
44 42 7
45 0 21
45 3 5
45 5 49
45 6 25
45 9 10
45 10 47
45 11 2
45 15 13
45 17 15
45 19 5
45 20 45
45 22 37
45 23 45
45 26 43
45 28 1
45 29 46
45 30 45
45 33 21
45 38 11
45 39 14
45 41 23
46 0 5
46 2 41
46 4 21
46 5 33
46 6 11
46 8 47
46 9 17
46 16 29
46 17 8
46 19 48
46 20 45
46 21 38
46 25 1
46 28 10
46 30 40
46 33 40
46 36 47
46 37 14
46 39 45
46 40 44
46 41 40
46 43 2
46 44 49
46 45 18
47 0 3
47 2 39
47 5 22
47 7 30
47 9 24
47 11 36
47 12 50
47 15 6
47 16 16
47 22 9
47 24 13
47 27 14
47 29 21
47 30 31
47 31 39
47 32 37
47 33 27
47 35 3
47 38 37
47 40 35
47 41 10
47 42 17
47 44 46
48 0 10
48 2 12
48 3 26
48 4 26
48 5 46
48 7 33
48 8 48
48 9 38
48 10 42
48 11 4
48 16 36
48 17 3
48 21 45
48 26 32
48 27 15
48 28 42
48 29 23
48 33 28
48 35 1
48 37 37
48 38 4
48 39 13
48 41 37
48 42 43
48 43 29
48 44 3
48 46 50
49 4 10
49 5 16
49 6 3
49 7 24
49 8 40
49 9 33
49 14 44
49 15 24
49 16 30
49 20 27
49 21 2
49 22 16
49 24 37
49 25 31
49 27 1
49 28 34
49 29 5
49 30 29
49 33 32
49 34 42
49 35 47
49 36 43
49 37 36
49 42 28
49 43 20
49 44 31
49 45 21
49 48 29
50 0 33
50 1 6
50 3 29
50 5 15
50 8 33
50 9 22
50 10 18
50 13 22
50 15 12
50 17 36
50 18 47
50 19 16
50 20 46
50 23 43
50 26 46
50 27 30
50 28 27
50 30 5
50 31 40
50 32 35
50 35 10
50 38 28
50 39 32
50 41 21
50 45 38
50 46 40
50 48 3
51 1 12
51 3 20
51 6 33
51 7 44
51 8 28
51 9 1
51 11 48
51 14 40
51 15 25
51 16 2
51 17 12
51 18 45
51 19 28
51 21 20
51 22 9
51 23 2
51 24 5
51 26 12
51 27 49
51 28 40
51 29 21
51 30 17
51 32 44
51 33 26
51 34 17
51 35 43
51 36 46
51 39 6
51 40 24
51 45 36
51 46 18
51 47 40
52 3 26
52 4 9
52 5 28
52 12 39
52 17 1
52 19 21
52 23 8
52 24 8
52 26 49
52 27 22
52 29 49
52 30 24
52 31 26
52 33 26
52 34 50
52 39 28
52 40 41
52 43 26
52 44 26
52 45 13
52 48 46
52 51 11
53 1 39
53 2 16
53 3 30
53 6 11
53 7 24
53 8 5
53 10 13
53 11 31
53 12 27
53 14 34
53 17 15
53 19 39
53 28 47
53 29 20
53 30 49
53 31 33
53 33 30
53 34 16
53 37 34
53 38 47
53 40 5
53 41 31
53 43 14
53 44 25
53 45 32
53 48 28
53 49 50
53 51 26
54 0 42
54 2 29
54 3 39
54 4 39
54 7 14
54 10 39
54 11 46
54 15 46
54 16 23
54 18 24
54 21 47
54 22 26
54 24 19
54 25 9
54 26 3
54 27 26
54 28 49
54 30 39
54 35 14
54 38 10
54 39 40
54 41 31
54 42 39
54 43 12
54 44 23
54 45 2
54 47 30
54 48 35
54 49 14
54 50 41
54 51 7
54 52 10
55 0 17
55 2 11
55 4 50
55 7 6
55 13 24
55 14 29
55 16 47
55 22 15
55 26 27
55 27 9
55 28 6
55 30 16
55 32 44
55 34 13
55 38 23
55 41 35
55 43 14
55 44 15
55 46 13
56 0 24
56 1 33
56 2 36
56 3 17
56 7 11
56 8 50
56 9 1
56 12 7
56 13 49
56 15 47
56 21 50
56 22 18
56 23 19
56 24 43
56 26 39
56 27 31
56 29 44
56 33 3
56 34 41
56 36 27
56 41 30
56 42 22
56 48 3
56 49 38
56 51 40
56 53 24
56 54 31
56 55 19
57 1 41
57 2 3
57 3 23
57 5 7
57 6 35
57 8 43
57 9 11
57 14 31
57 15 36
57 16 11
57 17 2
57 18 37
57 19 19
57 23 46
57 25 33
57 26 8
57 28 5
57 30 7
57 32 50
57 35 21
57 37 10
57 39 29
57 40 30
57 42 1
57 44 23
57 45 42
57 46 11
57 47 12
57 49 28
57 50 48
57 51 24
57 52 26
57 54 34
57 55 39
58 0 49
58 2 50
58 6 14
58 7 6
58 8 18
58 12 44
58 14 25
58 15 21
58 16 33
58 19 45
58 20 50
58 23 3
58 27 22
58 29 26
58 30 24
58 32 10
58 33 10
58 35 21
58 38 2
58 39 17
58 44 45
58 50 7
58 51 46
58 57 6
59 1 37
59 7 1
59 9 39
59 13 35
59 17 39
59 19 50
59 24 25
59 25 49
59 26 28
59 27 13
59 30 8
59 32 40
59 33 18
59 34 19
59 38 9
59 39 47
59 40 46
59 41 37
59 43 21
59 45 37
59 48 41
59 50 19
59 51 35
59 58 19
60 0 11
60 1 49
60 2 29
60 12 17
60 13 37
60 14 25
60 15 16
60 16 16
60 17 2
60 21 9
60 22 36
60 29 9
60 30 23
60 33 36
60 35 35
60 36 16
60 41 11
60 42 38
60 43 14
60 45 3
60 48 27
60 49 13
60 51 48
60 52 25
60 57 30
60 59 40
61 0 43
61 1 19
61 4 22
61 5 49
61 10 18
61 12 43
61 13 1
61 18 23
61 19 21
61 22 13
61 23 38
61 24 31
61 25 44
61 30 1
61 31 4
61 33 21
61 34 24
61 35 38
61 36 8
61 39 5
61 40 8
61 41 11
61 42 4
61 47 10
61 48 4
61 49 50
61 50 49
61 54 50
61 57 30
61 58 36
61 59 27
61 60 46
62 0 16
62 2 50
62 3 23
62 4 50
62 5 49
62 9 38
62 10 23
62 11 41
62 12 6
62 13 21
62 15 22
62 16 37
62 17 23
62 18 21
62 26 7
62 27 34
62 29 35
62 32 3
62 33 42
62 34 34
62 35 14
62 37 9
62 38 28
62 41 20
62 42 8
62 43 8
62 44 47
62 45 29
62 47 14
62 48 2
62 50 3
62 53 22
62 54 39
62 55 2
62 57 47
62 58 11
62 59 11
62 60 41
62 61 35
63 3 9
63 5 15
63 6 22
63 7 21
63 8 40
63 12 43
63 13 31
63 14 13
63 15 31
63 16 32
63 22 1
63 24 5
63 25 18
63 26 41
63 27 28
63 28 2
63 29 36
63 30 40
63 32 18
63 34 2
63 37 32
63 38 26
63 39 27
63 43 29
63 44 34
63 45 43
63 46 9
63 47 28
63 49 16
63 50 14
63 51 6
63 53 20
63 54 50
63 55 11
63 56 22
63 57 7
63 59 19
63 60 24
63 61 35
64 1 26
64 3 34
64 4 3
64 11 42
64 12 48
64 14 41
64 15 6
64 17 35
64 21 36
64 22 2
64 26 37
64 27 4
64 29 14
64 34 39
64 37 5
64 38 10
64 40 3
64 46 47
64 47 18
64 48 8
64 49 22
64 50 22
64 51 30
64 55 32
64 56 38
64 58 4
64 59 4
64 61 34
