55
1 0 11
3 0 19
4 2 27
5 0 30
5 1 34
5 2 12
5 4 22
6 0 34
6 1 27
6 3 19
6 4 20
7 1 47
7 3 17
7 5 3
7 6 13
8 1 15
8 3 38
8 4 39
8 6 10
8 7 24
9 1 16
9 2 8
9 3 12
9 4 46
9 6 40
9 8 48
10 0 28
10 2 46
10 5 13
10 6 35
10 7 19
11 0 26
11 2 36
11 3 36
11 4 40
11 9 24
12 1 22
12 3 25
12 5 43
12 9 26
12 10 40
12 11 35
13 0 24
13 1 8
13 2 2
13 6 4
13 10 6
13 11 25
13 12 17
14 1 20
14 2 41
14 3 48
14 4 21
14 6 8
14 7 17
14 9 19
14 11 45
14 13 18
15 4 20
15 5 31
15 7 31
15 9 48
15 10 38
15 13 41
15 14 27
16 1 44
16 3 4
16 4 45
16 5 20
16 6 4
16 8 19
16 9 25
16 10 49
16 11 30
16 13 2
16 14 32
17 0 22
17 1 28
17 2 2
17 3 21
17 4 4
17 5 16
17 6 18
17 12 46
17 14 26
17 15 14
18 1 46
18 2 2
18 3 28
18 4 2
18 8 24
18 9 31
18 10 42
19 0 20
19 1 31
19 2 9
19 7 30
19 9 10
19 11 18
19 12 10
19 13 22
19 16 25
19 17 13
19 18 9
20 0 26
20 4 1
20 5 50
20 6 21
20 9 16
20 10 19
20 12 21
20 14 43
20 15 34
20 17 22
21 3 27
21 5 29
21 6 15
21 10 38
21 11 40
21 12 41
21 15 21
21 18 3
21 19 3
21 20 30
22 3 37
22 5 30
22 8 14
22 11 24
22 12 24
22 14 37
22 15 38
22 19 2
22 20 30
22 21 43
23 2 23
23 4 46
23 7 13
23 9 6
23 11 20
23 12 19
23 13 9
23 15 38
23 17 15
23 20 39
23 22 5
24 1 8
24 2 26
24 8 44
24 13 41
24 14 34
24 15 20
24 16 27
24 17 22
24 21 14
24 22 3
24 23 1
25 1 42
25 3 50
25 4 4
25 5 30
25 6 23
25 7 5
25 8 13
25 13 16
25 14 4
25 15 41
25 16 27
25 20 6
25 21 13
25 22 33
25 23 22
25 24 28
26 0 21
26 1 33
26 3 7
26 5 50
26 8 12
26 9 50
26 10 17
26 13 24
26 14 11
26 15 14
26 17 24
26 18 32
26 21 2
27 0 13
27 1 5
27 3 13
27 6 14
27 8 46
27 11 46
27 12 27
27 15 19
27 16 6
27 17 3
27 23 8
27 25 28
27 26 46
28 0 48
28 3 2
28 8 45
28 10 15
28 15 9
28 16 24
28 17 28
28 18 26
28 20 31
28 21 15
28 22 20
28 23 31
28 24 2
28 26 35
28 27 38
29 0 3
29 2 22
29 3 19
29 4 22
29 5 39
29 6 11
29 7 36
29 9 14
29 10 24
29 11 9
29 13 17
29 17 9
29 18 18
29 19 47
29 20 41
29 21 23
29 22 36
29 23 49
30 1 3
30 2 4
30 4 7
30 6 3
30 10 2
30 11 37
30 12 14
30 13 28
30 16 8
30 18 35
30 19 20
30 22 26
30 23 31
30 24 24
30 25 8
30 26 14
30 27 50
31 3 25
31 5 15
31 7 33
31 8 9
31 9 6
31 14 24
31 18 16
31 20 33
31 22 5
31 26 22
31 27 49
31 30 20
32 0 40
32 6 49
32 9 33
32 10 49
32 13 24
32 15 46
32 16 8
32 20 33
32 22 7
32 24 27
32 25 30
32 27 1
32 28 35
32 29 16
32 30 31
33 6 6
33 7 39
33 8 11
33 9 4
33 10 33
33 15 15
33 17 8
33 18 44
33 21 37
33 22 12
33 24 41
33 28 16
33 29 46
33 30 50
33 31 40
33 32 13
34 0 30
34 1 23
34 2 8
34 3 23
34 6 42
34 7 9
34 9 25
34 11 28
34 12 10
34 13 12
34 14 2
34 15 1
34 16 16
34 17 44
34 18 17
34 19 16
34 20 1
34 21 27
34 24 12
34 25 6
34 26 10
34 27 30
34 30 35
34 31 44
34 33 7
35 1 44
35 3 11
35 4 33
35 5 21
35 6 19
35 7 35
35 8 35
35 9 34
35 12 6
35 13 23
35 14 5
35 15 41
35 16 38
35 18 6
35 19 49
35 20 43
35 27 30
35 28 26
35 32 10
35 34 36
36 0 9
36 1 28
36 2 4
36 6 22
36 9 21
36 12 23
36 14 19
36 16 6
36 17 9
36 25 34
36 26 43
36 28 27
36 29 26
36 34 11
36 35 4
37 1 5
37 5 1
37 6 11
37 7 42
37 8 43
37 10 2
37 11 30
37 12 41
37 14 41
37 17 15
37 18 33
37 19 3
37 20 36
37 23 1
37 27 6
37 28 15
37 29 43
37 30 6
37 33 4
37 34 10
38 1 28
38 2 38
38 7 31
38 10 46
38 11 41
38 12 21
38 13 18
38 14 31
38 15 36
38 17 38
38 20 38
38 23 15
38 24 31
38 27 21
38 29 13
38 32 1
38 34 45
38 35 10
38 37 22
39 4 50
39 5 45
39 7 9
39 8 50
39 9 18
39 10 30
39 11 1
39 12 5
39 13 19
39 14 49
39 15 43
39 18 20
39 19 17
39 20 4
39 21 50
39 22 21
39 23 19
39 24 21
39 27 36
39 29 20
39 32 5
39 33 44
39 34 15
39 36 6
40 0 24
40 1 14
40 6 8
40 9 20
40 12 1
40 13 45
40 14 42
40 16 41
40 18 36
40 24 34
40 25 23
40 29 49
40 30 4
40 32 9
40 33 26
40 34 34
40 35 29
40 39 28
41 0 20
41 2 46
41 4 11
41 7 22
41 8 47
41 10 6
41 12 19
41 14 2
41 17 38
41 19 32
41 21 26
41 22 26
41 25 15
41 27 4
41 29 40
41 30 14
41 31 34
41 33 28
41 35 29
41 38 49
41 39 3
41 40 40
42 3 15
42 5 10
42 6 10
42 13 27
42 20 44
42 22 26
42 23 7
42 27 5
42 29 30
42 30 36
42 31 24
42 33 20
42 36 39
42 38 28
42 39 5
43 1 29
43 4 16
43 5 33
43 8 44
43 10 45
43 15 41
43 21 48
43 24 27
43 27 16
43 28 1
43 29 2
43 30 12
43 32 2
43 33 4
43 34 29
43 35 41
43 37 35
43 38 17
43 40 48
43 41 45
44 0 31
44 1 40
44 2 43
44 4 38
44 5 11
44 7 22
44 10 46
44 13 43
44 22 37
44 23 41
44 28 43
44 30 27
44 32 40
44 33 27
44 34 8
44 36 44
44 38 48
44 39 39
44 40 14
44 41 7
45 0 11
45 1 17
45 2 30
45 3 6
45 6 2
45 7 21
45 9 27
45 11 18
45 12 37
45 19 18
45 20 18
45 26 1
45 27 19
45 30 20
45 31 14
45 33 47
45 34 48
45 35 16
45 36 10
45 38 28
46 3 23
46 6 36
46 8 42
46 11 50
46 13 14
46 14 43
46 23 29
46 25 26
46 27 47
46 28 9
46 29 2
46 30 17
46 31 23
46 33 9
46 34 22
46 35 41
46 37 13
46 38 26
46 39 33
46 41 23
46 43 29
46 44 27
46 45 44
47 0 6
47 1 3
47 7 6
47 9 8
47 12 24
47 13 17
47 14 6
47 15 33
47 16 1
47 17 17
47 19 49
47 20 43
47 23 10
47 24 27
47 25 25
47 26 5
47 27 49
47 28 6
47 30 4
47 33 42
47 34 5
47 35 13
47 36 14
47 37 48
47 38 19
47 39 48
47 41 21
47 42 6
47 43 4
47 44 16
47 46 35
48 0 9
48 3 50
48 4 46
48 6 50
48 8 22
48 9 21
48 10 24
48 12 9
48 15 2
48 17 49
48 19 40
48 23 17
48 25 49
48 26 2
48 27 29
48 29 47
48 30 24
48 31 43
48 35 40
48 36 24
48 38 25
48 40 32
48 41 28
48 42 15
48 44 18
48 45 19
48 47 17
49 2 36
49 3 4
49 4 11
49 5 31
49 9 1
49 10 46
49 12 5
49 13 27
49 15 9
49 16 27
49 17 32
49 19 24
49 21 13
49 22 6
49 26 15
49 27 39
49 29 43
49 31 9
49 33 15
49 34 27
49 35 16
49 37 24
49 38 17
49 39 21
49 42 42
49 44 46
49 47 14
49 48 2
50 0 43
50 1 8
50 3 31
50 5 23
50 10 10
50 11 34
50 17 15
50 19 40
50 21 41
50 22 26
50 23 1
50 27 26
50 28 25
50 29 18
50 31 38
50 34 2
50 35 4
50 38 31
50 39 24
50 41 24
50 42 4
50 43 32
50 45 35
50 46 7
51 1 26
51 2 27
51 3 19
51 4 15
51 5 21
51 8 34
51 9 31
51 11 34
51 12 39
51 15 26
51 16 32
51 18 18
51 20 32
51 21 2
51 22 42
51 25 44
51 26 32
51 27 4
51 28 28
51 29 33
51 30 16
51 31 49
51 34 20
51 35 28
51 37 34
51 38 47
51 39 10
51 41 39
51 42 22
51 49 50
51 50 20
52 3 43
52 5 22
52 9 36
52 16 19
52 17 30
52 21 45
52 22 41
52 25 14
52 26 46
52 27 50
52 28 37
52 32 25
52 33 11
52 38 11
52 40 38
52 41 32
52 42 3
52 47 37
52 48 24
53 0 37
53 1 18
53 3 15
53 4 10
53 7 13
53 8 10
53 12 37
53 17 9
53 18 2
53 20 10
53 22 15
53 25 21
53 29 23
53 31 40
53 32 8
53 34 21
53 35 42
53 39 20
53 40 45
53 42 7
53 43 4
53 47 7
53 48 28
53 49 10
53 52 6
54 0 17
54 2 34
54 6 7
54 11 48
54 17 2
54 19 14
54 20 18
54 21 40
54 22 15
54 23 39
54 24 22
54 27 36
54 28 23
54 32 4
54 33 27
54 37 31
54 38 22
54 39 16
54 40 6
54 41 43
54 42 15
54 43 43
54 44 26
54 45 23
54 46 43
54 48 6
54 51 15
