65
1 0 30
2 0 28
3 1 23
3 2 6
4 0 11
4 1 17
4 2 16
4 3 49
5 1 27
5 4 34
6 0 12
6 1 4
6 4 24
7 0 17
7 4 15
7 6 48
8 2 20
8 4 20
9 2 6
9 3 26
9 4 50
9 5 9
9 7 21
10 1 11
10 2 45
10 3 36
10 4 24
10 6 7
10 7 17
10 8 10
10 9 35
11 1 35
11 3 48
11 6 1
11 7 8
11 8 48
12 0 41
12 1 9
12 4 15
12 5 31
12 6 43
12 8 2
12 10 30
13 2 5
13 4 42
13 5 14
13 6 8
13 7 50
13 8 37
13 12 15
14 3 3
14 4 7
14 6 33
14 9 27
14 11 50
14 12 50
15 1 29
15 2 24
15 3 34
15 7 45
15 9 5
15 11 48
15 14 26
16 0 36
16 3 24
16 5 19
16 6 49
16 7 6
16 8 10
16 9 16
16 10 32
17 2 13
17 4 36
17 6 47
17 9 24
17 10 45
17 11 31
17 14 43
17 15 44
17 16 40
18 0 50
18 3 49
18 4 50
18 5 26
18 6 4
18 7 18
18 10 31
18 11 35
18 12 10
18 15 16
18 16 25
19 0 33
19 5 39
19 6 40
19 7 5
19 11 20
19 13 1
19 14 42
19 15 42
19 16 16
19 18 9
20 2 25
20 8 17
20 11 42
20 12 23
20 13 50
20 17 29
20 19 12
21 0 34
21 2 43
21 4 39
21 6 29
21 7 27
21 8 10
21 9 27
21 10 10
21 13 29
21 14 30
21 15 22
21 17 8
21 18 14
21 19 9
22 0 5
22 2 8
22 4 12
22 5 38
22 13 49
22 15 16
22 16 27
22 20 29
22 21 18
23 1 37
23 2 23
23 3 46
23 4 23
23 5 13
23 7 11
23 8 4
23 9 18
23 11 5
23 13 46
23 15 1
23 19 39
23 20 8
24 0 25
24 1 34
24 2 44
24 3 46
24 7 9
24 9 40
24 11 24
24 14 21
24 15 45
24 16 26
24 17 50
24 19 30
24 21 27
25 0 29
25 1 42
25 2 28
25 3 30
25 5 18
25 8 46
25 10 38
25 11 15
25 13 49
25 14 22
25 16 9
25 18 23
25 19 20
25 24 27
26 0 14
26 2 6
26 4 13
26 6 21
26 11 43
26 12 1
26 13 15
26 16 2
26 18 44
26 22 14
26 23 4
27 0 37
27 1 49
27 3 35
27 4 4
27 5 49
27 6 15
27 7 49
27 10 20
27 11 41
27 13 46
27 14 11
27 15 28
27 16 2
27 18 14
27 19 8
27 20 27
27 23 19
28 0 1
28 1 30
28 2 9
28 3 22
28 4 39
28 5 38
28 9 46
28 12 15
28 14 26
28 17 17
28 18 12
28 19 11
28 20 50
28 21 47
28 23 45
28 24 43
29 0 27
29 1 12
29 3 14
29 5 1
29 6 32
29 9 40
29 12 24
29 14 5
29 15 46
29 16 23
29 20 26
29 25 9
29 26 7
29 27 48
29 28 20
30 0 48
30 2 21
30 5 9
30 8 49
30 9 44
30 12 33
30 14 18
30 15 5
30 16 39
30 17 6
30 19 27
30 20 23
30 21 19
30 22 49
30 23 18
30 24 35
30 25 49
30 29 16
31 1 42
31 2 10
31 6 16
31 8 37
31 10 50
31 11 6
31 12 45
31 13 37
31 14 13
31 16 47
31 17 14
31 18 48
31 19 32
31 21 14
31 22 32
31 23 14
31 27 25
31 28 46
31 29 49
32 0 16
32 1 49
32 3 44
32 4 50
32 13 45
32 14 34
32 21 39
32 23 40
32 24 4
32 26 20
32 27 2
32 28 24
33 1 33
33 2 42
33 4 44
33 7 10
33 9 43
33 14 31
33 15 6
33 18 28
33 21 15
33 22 49
33 27 11
33 30 34
33 31 18
34 0 28
34 1 32
34 2 17
34 3 28
34 4 22
34 8 1
34 10 20
34 11 25
34 12 42
34 13 42
34 17 1
34 19 38
34 20 25
34 21 6
34 23 43
34 26 37
34 27 29
34 28 15
34 32 43
35 0 28
35 3 35
35 5 37
35 8 48
35 9 28
35 12 26
35 14 5
35 15 4
35 17 48
35 18 49
35 19 11
35 22 14
35 24 32
35 25 31
35 26 33
35 29 10
35 30 26
35 31 8
35 34 2
36 0 12
36 1 48
36 3 3
36 4 5
36 5 16
36 6 49
36 7 31
36 9 40
36 10 28
36 12 5
36 16 19
36 19 41
36 20 25
36 21 39
36 22 41
36 24 13
36 26 46
36 27 30
36 28 18
36 31 37
36 32 25
37 0 44
37 2 42
37 3 25
37 4 43
37 5 43
37 6 1
37 7 13
37 8 16
37 9 44
37 11 35
37 12 14
37 14 48
37 15 17
37 18 38
37 21 42
37 22 26
37 24 10
37 25 25
37 26 25
37 27 34
37 33 19
37 34 5
37 35 17
38 0 22
38 4 32
38 5 42
38 6 35
38 8 2
38 9 19
38 10 19
38 12 26
38 14 40
38 15 34
38 22 50
38 23 32
38 25 40
38 28 20
38 31 8
38 33 36
38 35 41
38 37 42
39 0 25
39 3 17
39 6 29
39 8 24
39 10 2
39 14 17
39 16 34
39 22 3
39 24 41
39 27 19
39 28 12
39 30 16
39 36 40
39 38 17
40 0 18
40 1 36
40 2 24
40 6 20
40 7 23
40 14 45
40 16 19
40 17 26
40 22 49
40 26 35
40 31 40
40 33 31
40 35 2
40 37 7
41 1 38
41 4 41
41 5 49
41 6 7
41 7 3
41 8 47
41 10 32
41 14 37
41 16 7
41 17 21
41 19 20
41 27 15
41 28 20
41 29 34
41 31 33
41 32 29
41 39 22
41 40 39
42 2 31
42 5 39
42 6 32
42 7 49
42 8 20
42 10 17
42 11 30
42 13 34
42 20 11
42 21 20
42 22 1
42 23 26
42 24 50
42 25 6
42 26 41
42 29 46
42 33 48
42 35 27
42 38 21
42 41 2
43 1 12
43 2 30
43 3 10
43 4 44
43 9 41
43 11 33
43 12 17
43 16 50
43 17 34
43 18 4
43 19 42
43 20 46
43 22 22
43 23 50
43 24 30
43 25 37
43 27 38
43 28 24
43 30 7
43 32 44
43 35 14
43 36 4
43 37 28
43 39 41
44 0 35
44 1 19
44 3 15
44 5 4
44 11 24
44 13 2
44 16 40
44 17 15
44 18 22
44 20 27
44 21 26
44 22 38
44 23 23
44 24 41
44 27 47
44 31 44
44 32 15
44 36 12
44 37 24
44 40 8
44 42 46
44 43 41
45 0 4
45 5 12
45 8 50
45 9 5
45 10 30
45 11 30
45 12 10
45 14 4
45 19 28
45 20 27
45 21 42
45 24 42
45 28 30
45 30 2
45 32 20
45 35 40
45 36 45
45 38 38
45 41 7
45 43 50
46 0 31
46 3 31
46 4 5
46 5 42
46 7 42
46 9 38
46 10 5
46 13 29
46 15 4
46 16 46
46 17 44
46 20 22
46 26 50
46 34 30
46 36 5
46 37 11
46 38 42
46 40 21
46 42 35
46 44 40
47 0 22
47 6 29
47 8 38
47 9 34
47 10 11
47 11 44
47 17 40
47 18 37
47 20 11
47 22 28
47 23 1
47 32 11
47 34 39
47 35 19
47 38 9
47 40 40
47 42 12
47 43 14
47 44 50
47 46 38
48 3 27
48 5 32
48 6 25
48 7 7
48 8 30
48 9 41
48 13 7
48 14 43
48 18 31
48 21 45
48 23 31
48 24 15
48 25 39
48 28 40
48 31 10
48 32 13
48 35 50
48 38 29
48 41 44
48 43 36
48 44 34
48 46 49
49 0 19
49 2 47
49 3 35
49 4 43
49 6 33
49 7 3
49 8 20
49 9 13
49 11 9
49 12 43
49 13 13
49 14 34
49 16 48
49 17 36
49 18 30
49 19 22
49 23 6
49 24 23
49 26 33
49 29 34
49 30 40
49 31 24
49 34 49
49 36 43
49 38 23
49 41 40
49 46 38
49 47 43
50 1 1
50 2 19
50 4 2
50 5 43
50 7 15
50 9 47
50 13 3
50 14 4
50 16 19
50 19 33
50 20 18
50 21 13
50 22 6
50 23 45
50 26 1
50 29 43
50 30 26
50 35 32
50 36 9
50 42 50
50 43 43
50 46 8
51 0 22
51 1 38
51 3 47
51 4 15
51 6 8
51 7 19
51 9 13
51 10 43
51 14 20
51 17 22
51 18 3
51 22 17
51 25 46
51 26 5
51 28 33
51 29 43
51 31 39
51 34 39
51 36 43
51 38 15
51 39 39
51 40 22
51 41 26
51 47 6
51 49 3
51 50 11
52 3 5
52 5 16
52 8 43
52 9 33
52 12 22
52 13 44
52 16 49
52 19 45
52 21 26
52 22 20
52 23 31
52 25 42
52 31 49
52 32 29
52 36 44
52 43 43
52 45 5
52 51 17
53 4 6
53 6 45
53 7 9
53 8 30
53 9 20
53 10 26
53 11 2
53 12 17
53 13 42
53 14 19
53 15 27
53 19 44
53 22 25
53 23 10
53 24 18
53 26 18
53 27 29
53 28 26
53 29 23
53 30 39
53 32 17
53 34 29
53 36 37
53 40 50
53 41 45
53 43 17
53 45 28
53 46 5
53 47 27
53 49 3
53 50 19
53 51 30
54 2 35
54 3 49
54 4 34
54 6 48
54 7 32
54 11 50
54 12 43
54 14 38
54 15 49
54 16 45
54 17 28
54 18 14
54 19 34
54 22 36
54 23 3
54 27 25
54 28 2
54 29 15
54 34 23
54 37 42
54 43 14
54 45 17
54 47 20
54 48 43
54 49 37
54 50 33
54 53 13
55 0 6
55 2 43
55 3 30
55 5 9
55 6 50
55 8 18
55 10 18
55 11 44
55 15 46
55 16 37
55 17 44
55 21 36
55 23 31
55 26 3
55 27 43
55 28 25
55 31 37
55 33 35
55 34 15
55 36 14
55 39 27
55 40 11
55 41 28
55 43 35
55 44 6
55 45 29
55 48 40
55 49 38
55 50 40
55 51 48
55 53 42
56 0 24
56 2 40
56 3 22
56 5 44
56 8 48
56 9 39
56 11 40
56 15 30
56 16 49
56 19 44
56 20 7
56 21 37
56 25 36
56 27 44
56 29 14
56 30 1
56 35 25
56 36 37
56 38 38
56 39 26
56 43 7
56 46 10
56 47 29
56 49 12
56 52 9
56 54 44
56 55 11
57 0 17
57 1 7
57 2 13
57 4 44
57 5 15
57 6 30
57 7 30
57 9 19
57 10 24
57 14 40
57 17 31
57 18 11
57 19 11
57 22 34
57 24 22
57 25 16
57 28 12
57 29 32
57 33 33
57 37 8
57 40 26
57 43 32
57 44 28
57 45 27
57 46 25
57 48 1
57 49 14
57 50 13
57 52 2
57 54 37
58 0 16
58 1 22
58 2 39
58 4 3
58 5 1
58 6 36
58 8 40
58 13 27
58 15 20
58 17 23
58 18 27
58 19 11
58 21 50
58 23 36
58 24 21
58 25 10
58 27 4
58 29 31
58 32 12
58 33 28
58 34 3
58 37 26
58 39 45
58 41 18
58 43 27
58 44 14
58 45 8
58 46 1
58 48 8
58 49 7
58 51 45
58 52 43
58 53 15
58 56 5
58 57 21
59 0 16
59 3 36
59 5 32
59 7 26
59 10 7
59 13 7
59 14 36
59 17 14
59 19 49
59 20 5
59 21 49
59 22 48
59 24 48
59 25 37
59 27 8
59 28 3
59 30 15
59 33 48
59 34 41
59 37 6
59 38 3
59 40 11
59 43 7
59 46 32
59 47 41
59 48 9
59 52 23
59 53 45
59 54 40
59 55 22
59 56 13
59 57 25
59 58 29
60 0 2
60 2 37
60 5 30
60 6 24
60 7 7
60 9 37
60 11 26
60 12 44
60 13 23
60 17 43
60 19 36
60 20 11
60 23 33
60 24 16
60 27 22
60 28 42
60 29 19
60 30 1
60 31 28
60 34 12
60 35 24
60 36 50
60 43 13
60 47 11
60 52 3
60 54 19
60 56 45
60 57 15
60 59 6
61 0 22
61 1 49
61 3 26
61 4 30
61 5 7
61 10 48
61 12 30
61 14 3
61 15 21
61 16 21
61 17 36
61 18 48
61 21 9
61 23 5
61 24 6
61 27 14
61 28 24
61 29 43
61 32 41
61 33 45
61 35 36
61 36 24
61 37 35
61 38 16
61 40 40
61 43 45
61 44 18
61 45 8
61 46 21
61 47 3
61 49 8
61 50 15
61 51 7
61 52 20
61 55 7
61 58 26
61 60 21
62 0 37
62 2 38
62 6 15
62 7 29
62 8 3
62 11 34
62 12 46
62 14 16
62 17 21
62 24 50
62 26 4
62 27 41
62 29 9
62 30 47
62 31 28
62 32 24
62 35 41
62 37 19
62 38 23
62 41 27
62 42 28
62 43 48
62 44 35
62 45 31
62 46 19
62 49 32
62 50 32
62 52 44
62 56 28
62 58 48
62 59 16
62 61 9
63 1 16
63 4 29
63 6 49
63 8 3
63 9 9
63 10 33
63 11 36
63 12 36
63 13 21
63 14 29
63 15 10
63 16 20
63 17 30
63 18 24
63 19 16
63 22 17
63 23 41
63 24 33
63 25 37
63 26 8
63 30 36
63 33 30
63 34 40
63 36 3
63 39 24
63 43 41
63 44 43
63 45 4
63 46 40
63 50 17
63 54 24
63 55 7
63 56 2
63 58 42
63 60 22
63 62 1
64 0 5
64 1 19
64 2 47
64 4 43
64 5 2
64 7 49
64 8 4
64 9 38
64 10 7
64 12 34
64 13 11
64 14 26
64 15 39
64 16 19
64 18 21
64 19 24
64 20 34
64 21 16
64 23 39
64 24 24
64 27 8
64 30 23
64 31 19
64 34 7
64 35 18
64 36 41
64 37 10
64 39 30
64 41 16
64 42 6
64 43 44
64 46 23
64 47 9
64 48 7
64 49 5
64 53 21
64 56 47
64 58 37
64 59 44
64 60 17
