60
2 0 49
2 1 29
3 2 17
4 3 46
5 0 26
5 1 44
5 2 34
6 1 33
6 3 44
6 4 20
7 0 6
7 3 5
7 4 14
7 5 2
7 6 12
8 1 31
8 3 9
8 4 35
8 5 40
8 6 5
8 7 29
9 3 48
10 0 41
10 2 30
10 5 19
10 7 22
10 9 1
11 3 45
11 4 6
11 6 5
11 7 29
11 10 43
12 2 50
12 3 29
12 4 45
12 6 15
12 7 21
12 8 13
12 9 1
12 10 2
13 1 30
13 3 13
13 4 1
13 5 27
13 8 49
13 11 20
13 12 28
14 0 46
14 1 17
14 2 40
14 3 48
14 5 48
14 6 47
14 7 48
14 9 50
15 1 50
15 2 9
15 4 37
15 8 37
15 10 15
15 11 10
16 1 18
16 3 37
16 4 28
16 6 9
16 8 40
16 9 7
16 10 49
16 11 43
16 12 39
16 14 15
16 15 40
17 1 25
17 2 49
17 3 22
17 4 16
17 9 26
17 10 3
17 11 31
17 15 27
17 16 29
18 1 1
18 6 9
18 7 23
18 10 16
18 12 32
18 13 42
18 15 49
19 0 35
19 3 1
19 5 14
19 7 28
19 8 30
19 11 47
19 12 21
19 14 16
19 15 44
19 16 32
19 17 28
19 18 22
20 0 41
20 2 25
20 3 45
20 5 42
20 6 10
20 8 9
20 9 41
20 11 8
20 13 28
20 18 44
21 7 10
21 8 38
21 9 20
21 10 21
21 12 7
21 13 2
21 15 33
21 17 14
21 18 34
21 19 37
22 0 36
22 2 25
22 4 40
22 8 38
22 12 9
22 18 49
22 19 15
23 0 35
23 1 1
23 3 35
23 4 41
23 7 2
23 8 1
23 11 26
23 13 28
23 14 26
23 17 43
23 20 4
23 22 25
24 2 47
24 3 9
24 5 5
24 11 30
24 14 20
24 15 22
24 17 25
24 19 11
24 20 10
24 22 11
24 23 49
25 1 17
25 4 26
25 5 12
25 7 24
25 8 44
25 10 37
25 11 2
25 12 28
25 14 20
25 16 19
25 19 45
25 20 3
26 1 6
26 4 18
26 6 34
26 7 19
26 8 38
26 11 32
26 13 31
26 15 6
26 17 37
26 18 36
26 22 22
26 24 35
26 25 33
27 0 22
27 4 20
27 6 29
27 7 37
27 9 9
27 10 29
27 12 25
27 15 14
27 16 29
27 17 17
27 19 34
27 20 46
27 23 41
27 24 7
28 0 29
28 1 18
28 2 22
28 4 17
28 5 46
28 7 50
28 8 40
28 14 44
28 18 22
28 20 46
28 23 7
28 24 27
28 25 41
29 2 44
29 3 35
29 5 27
29 13 28
29 20 28
29 23 28
29 24 41
29 28 46
30 0 50
30 1 7
30 2 13
30 4 7
30 8 45
30 9 32
30 10 32
30 11 45
30 15 5
30 17 8
30 19 23
30 20 39
30 21 49
30 26 22
30 28 4
30 29 8
31 4 29
31 5 26
31 6 31
31 7 31
31 11 27
31 16 5
31 17 5
31 20 16
31 21 45
31 22 30
31 24 47
31 26 19
31 28 1
31 29 1
31 30 19
32 0 39
32 2 9
32 3 14
32 6 34
32 8 13
32 9 20
32 10 43
32 12 35
32 13 40
32 14 17
32 15 44
32 18 6
32 20 15
32 21 17
32 23 14
32 25 3
32 26 35
32 27 12
32 30 33
33 0 34
33 1 26
33 4 8
33 5 45
33 9 29
33 10 49
33 12 30
33 13 4
33 15 29
33 17 11
33 18 48
33 19 42
33 20 38
33 21 42
33 26 44
33 27 7
33 30 29
33 32 43
34 0 20
34 1 16
34 2 22
34 3 31
34 4 50
34 6 22
34 7 1
34 8 33
34 9 45
34 11 36
34 13 49
34 14 33
34 16 13
34 17 28
34 18 21
34 21 42
34 22 10
34 23 20
34 26 1
34 27 19
34 29 44
34 30 11
34 32 3
35 0 31
35 5 2
35 7 7
35 8 13
35 10 35
35 16 15
35 17 35
35 18 42
35 20 5
35 22 13
35 23 15
35 25 9
35 28 10
35 29 3
35 30 33
35 32 31
35 34 16
36 3 26
36 6 32
36 9 21
36 10 32
36 11 25
36 14 45
36 15 12
36 17 20
36 18 49
36 19 48
36 20 49
36 24 25
36 25 42
36 27 27
36 30 14
36 31 9
36 32 42
36 34 20
37 2 9
37 3 13
37 4 43
37 5 8
37 8 19
37 9 9
37 12 12
37 13 28
37 14 10
37 15 3
37 16 32
37 20 45
37 22 32
37 28 15
37 30 47
37 32 27
37 33 41
37 35 47
38 3 33
38 5 3
38 7 40
38 10 15
38 11 14
38 12 7
38 13 47
38 18 38
38 20 19
38 21 38
38 22 30
38 24 10
38 25 35
38 27 36
38 28 29
38 29 23
38 31 18
38 32 1
38 33 20
38 34 15
38 37 31
39 2 40
39 5 41
39 11 50
39 12 40
39 13 9
39 17 41
39 21 43
39 22 34
39 23 49
39 24 9
39 33 17
39 38 6
40 4 38
40 5 31
40 7 31
40 10 41
40 13 25
40 22 2
40 23 25
40 24 49
40 26 10
40 28 48
40 32 34
40 34 32
40 37 40
40 38 47
41 0 40
41 1 50
41 2 41
41 3 20
41 4 31
41 5 49
41 6 49
41 7 7
41 9 48
41 12 16
41 14 46
41 15 43
41 18 30
41 19 9
41 20 45
41 22 49
41 23 34
41 24 11
41 28 50
41 31 3
41 33 34
41 35 42
41 36 46
41 39 2
42 1 28
42 5 5
42 6 15
42 9 6
42 10 19
42 17 15
42 18 43
42 20 4
42 21 27
42 23 37
42 29 21
42 31 48
42 32 5
42 33 37
42 39 45
42 40 40
43 0 39
43 4 45
43 5 48
43 6 1
43 7 10
43 14 24
43 19 50
43 20 8
43 21 37
43 22 27
43 23 34
43 25 43
43 29 7
43 36 17
43 41 18
44 1 3
44 2 15
44 3 37
44 5 30
44 6 47
44 10 28
44 12 8
44 13 27
44 18 47
44 19 24
44 21 33
44 22 32
44 23 25
44 25 35
44 27 47
44 28 37
44 29 26
44 31 24
44 32 36
44 35 48
44 36 47
44 37 25
44 41 6
44 43 6
45 0 36
45 2 46
45 3 13
45 4 28
45 7 9
45 8 28
45 9 38
45 12 8
45 13 40
45 18 21
45 20 33
45 21 20
45 22 43
45 23 40
45 25 18
45 26 13
45 27 18
45 28 6
45 29 37
45 33 5
45 35 32
45 38 39
45 40 46
45 41 16
45 42 8
45 43 10
46 0 39
46 2 29
46 4 29
46 5 47
46 8 30
46 11 28
46 15 48
46 16 36
46 18 37
46 20 1
46 24 30
46 27 12
46 29 21
46 30 20
46 31 24
46 36 29
46 38 23
46 39 10
46 43 31
46 45 48
47 0 50
47 1 23
47 2 48
47 3 9
47 4 12
47 5 19
47 6 20
47 9 33
47 11 42
47 13 32
47 15 33
47 16 19
47 19 14
47 22 37
47 25 50
47 26 50
47 28 14
47 29 21
47 31 8
47 32 48
47 34 34
47 38 37
47 39 32
47 40 22
47 44 17
47 45 46
47 46 10
48 2 7
48 3 20
48 4 5
48 6 29
48 7 5
48 8 5
48 10 41
48 11 13
48 12 17
48 14 31
48 16 49
48 17 50
48 18 38
48 20 29
48 21 22
48 22 35
48 24 30
48 34 13
48 35 21
48 38 38
48 40 21
48 42 26
48 45 11
48 47 32
49 3 11
49 4 36
49 8 46
49 11 48
49 12 26
49 14 34
49 16 42
49 17 40
49 18 48
49 20 46
49 23 15
49 24 36
49 25 35
49 26 8
49 27 38
49 28 40
49 30 11
49 31 44
49 33 50
49 39 48
49 40 23
49 41 25
49 42 23
49 43 29
49 45 22
49 47 10
49 48 41
50 2 3
50 3 47
50 6 17
50 10 48
50 11 32
50 12 5
50 15 33
50 17 29
50 21 48
50 23 16
50 25 27
50 31 45
50 32 10
50 33 18
50 35 12
50 36 26
50 41 23
50 42 18
50 43 18
50 47 25
50 49 46
51 1 33
51 2 3
51 5 15
51 10 36
51 11 34
51 14 44
51 16 37
51 18 28
51 19 28
51 20 4
51 21 8
51 22 18
51 23 29
51 24 47
51 26 3
51 29 38
51 32 1
51 33 21
51 34 18
51 36 10
51 40 12
51 41 17
51 43 49
51 44 49
51 46 4
52 0 22
52 1 6
52 7 12
52 11 26
52 12 44
52 13 8
52 14 30
52 16 41
52 17 40
52 18 6
52 19 20
52 21 9
52 22 19
52 24 38
52 26 8
52 40 42
52 45 25
52 47 2
52 48 20
52 49 36
52 50 11
52 51 16
53 1 33
53 2 34
53 3 16
53 6 6
53 7 47
53 8 16
53 14 35
53 16 23
53 17 37
53 18 22
53 20 35
53 21 44
53 23 17
53 24 16
53 26 35
53 28 49
53 29 31
53 30 25
53 31 9
53 33 10
53 35 14
53 36 5
53 38 41
53 39 24
53 40 33
53 41 22
53 42 50
53 44 25
53 47 22
53 49 46
53 50 23
54 0 19
54 7 32
54 11 20
54 13 24
54 14 24
54 15 10
54 16 50
54 19 50
54 21 4
54 26 36
54 28 1
54 31 32
54 32 7
54 33 16
54 38 16
54 39 21
54 41 31
54 44 38
54 45 35
54 46 47
54 49 41
54 50 47
54 51 13
54 52 23
54 53 15
55 2 6
55 3 18
55 4 33
55 5 44
55 6 27
55 7 19
55 9 3
55 15 44
55 18 6
55 19 46
55 20 35
55 22 24
55 23 24
55 24 36
55 26 9
55 27 33
55 29 50
55 33 19
55 35 29
55 36 12
55 41 29
55 42 24
55 44 47
55 46 37
55 48 15
55 49 42
55 54 18
56 3 11
56 4 5
56 5 3
56 9 47
56 11 4
56 15 33
56 16 1
56 17 15
56 19 1
56 21 37
56 22 50
56 23 4
56 25 34
56 26 50
56 27 35
56 29 34
56 32 7
56 33 34
56 34 13
56 35 38
56 36 9
56 37 11
56 40 15
56 41 45
56 42 28
56 50 23
56 51 14
56 53 42
57 2 10
57 3 25
57 5 20
57 6 26
57 7 7
57 8 27
57 11 6
57 13 25
57 15 16
57 16 14
57 17 7
57 18 48
57 20 41
57 21 14
57 22 10
57 23 5
57 24 48
57 25 37
57 26 32
57 27 24
57 32 5
57 33 25
57 34 13
57 36 20
57 37 48
57 39 40
57 41 50
57 43 12
57 44 34
57 45 46
57 46 50
57 48 31
57 49 41
57 52 6
57 53 15
57 54 12
57 56 21
58 0 19
58 1 9
58 3 12
58 6 6
58 7 28
58 8 29
58 9 23
58 11 3
58 12 15
58 13 20
58 15 10
58 17 40
58 18 24
58 21 11
58 22 25
58 24 46
58 26 34
58 29 46
58 34 12
58 35 33
58 36 37
58 38 29
58 41 10
58 43 36
58 47 6
58 48 43
58 50 21
58 51 37
58 56 24
59 2 49
59 3 13
59 6 1
59 8 15
59 15 5
59 16 34
59 20 43
59 23 43
59 24 30
59 25 16
59 29 42
59 30 25
59 33 15
59 34 19
59 35 40
59 38 1
59 40 41
59 42 16
59 43 29
59 44 50
59 45 11
59 46 15
59 47 18
59 50 42
59 51 39
59 52 44
59 56 26
