55
2 0 55
3 1 3
4 2 59
5 0 37
5 2 17
5 3 41
6 1 43
6 2 92
6 3 89
6 4 85
7 0 56
7 1 88
7 5 62
8 0 99
8 3 79
8 4 50
8 7 38
9 0 26
9 3 98
9 5 93
9 6 15
10 1 89
10 4 9
10 8 3
11 0 50
11 2 23
11 3 63
11 5 99
11 6 73
11 7 52
11 8 32
11 10 74
12 2 74
12 3 93
12 7 16
13 2 78
13 7 37
13 8 37
14 2 18
14 3 35
14 5 12
14 6 28
14 7 26
14 11 5
15 3 27
15 4 3
15 7 59
15 11 44
15 12 98
16 1 91
16 3 34
16 5 58
16 6 11
16 7 32
16 8 5
16 10 49
16 11 73
16 13 37
17 0 71
17 1 16
17 2 90
17 3 22
17 9 36
17 10 13
17 11 67
17 13 74
17 14 45
17 15 43
18 3 50
18 7 66
18 9 17
18 10 60
18 12 54
18 14 100
18 15 4
18 17 11
19 0 92
19 10 6
19 11 8
19 14 33
19 15 14
19 16 8
20 3 78
20 5 67
20 9 38
20 10 84
20 11 21
20 13 36
20 14 97
20 15 43
20 17 91
20 19 53
21 3 79
21 8 46
21 10 2
21 12 2
21 15 39
21 16 41
21 18 9
21 19 82
21 20 51
22 1 41
22 3 73
22 5 58
22 7 60
22 11 46
22 12 9
22 14 60
22 15 44
22 16 38
22 18 100
22 21 60
23 0 60
23 4 90
23 6 8
23 7 65
23 12 82
23 13 97
23 14 96
23 16 11
23 18 78
23 20 65
23 21 69
23 22 74
24 0 91
24 4 58
24 5 88
24 8 29
24 9 97
24 11 17
24 12 72
24 13 98
24 14 62
24 15 59
24 16 42
24 17 60
24 18 51
24 20 96
24 21 71
24 22 26
24 23 50
25 0 20
25 2 99
25 4 74
25 6 81
25 7 27
25 8 93
25 10 96
25 14 17
25 16 37
25 17 20
25 18 26
25 19 76
25 20 86
25 22 85
26 2 70
26 3 1
26 4 65
26 5 78
26 6 34
26 9 2
26 10 23
26 11 7
26 12 71
26 15 36
26 16 76
26 17 97
26 21 40
26 22 99
26 25 52
27 1 84
27 3 31
27 6 87
27 7 52
27 8 7
27 9 80
27 10 92
27 13 44
27 15 30
27 19 89
27 20 58
27 23 61
27 26 67
28 0 93
28 1 94
28 5 23
28 6 5
28 8 83
28 10 41
28 11 41
28 12 92
28 17 96
28 20 12
28 23 23
28 24 4
28 25 67
28 26 35
28 27 34
29 0 99
29 1 77
29 3 55
29 4 95
29 8 64
29 9 27
29 10 27
29 11 17
29 13 77
29 14 100
29 15 21
29 18 84
29 19 53
29 20 50
29 21 59
29 22 14
29 26 34
29 27 22
29 28 27
30 0 74
30 1 23
30 3 41
30 5 85
30 6 74
30 7 99
30 8 11
30 10 11
30 12 55
30 14 18
30 16 79
30 17 79
30 18 1
30 19 59
30 22 92
30 24 56
30 25 98
30 28 38
31 1 53
31 2 10
31 5 3
31 7 79
31 8 76
31 9 25
31 12 5
31 19 85
31 25 80
31 26 10
31 29 9
32 1 33
32 3 46
32 6 78
32 8 41
32 9 64
32 10 91
32 12 43
32 13 59
32 14 17
32 15 98
32 21 3
32 23 64
32 25 20
32 26 72
32 27 46
32 29 32
32 30 30
33 2 94
33 3 64
33 9 17
33 11 27
33 12 5
33 13 20
33 15 25
33 17 73
33 26 38
33 28 52
34 0 57
34 2 22
34 4 38
34 5 54
34 8 28
34 10 64
34 13 75
34 14 55
34 15 63
34 19 66
34 20 10
34 24 75
34 25 55
34 28 4
34 30 37
34 31 81
35 2 97
35 7 4
35 10 69
35 11 28
35 12 21
35 13 53
35 14 59
35 17 67
35 19 74
35 22 2
35 26 1
35 28 82
35 30 30
35 31 75
35 32 8
35 34 87
36 0 2
36 2 55
36 3 16
36 4 87
36 7 31
36 8 98
36 11 31
36 12 76
36 13 57
36 15 55
36 17 61
36 20 64
36 23 58
36 25 78
36 27 91
36 28 76
36 34 50
37 1 53
37 6 27
37 7 82
37 8 18
37 9 61
37 11 19
37 12 43
37 15 43
37 16 76
37 17 81
37 22 89
37 24 70
37 33 88
37 34 34
38 0 59
38 1 12
38 6 78
38 9 95
38 10 92
38 13 78
38 16 30
38 17 60
38 20 56
38 22 31
38 24 43
38 25 48
38 28 18
38 29 38
38 31 38
38 32 41
38 35 81
38 37 98
39 0 22
39 1 23
39 2 8
39 3 30
39 4 5
39 5 100
39 7 1
39 14 18
39 15 67
39 16 29
39 18 14
39 20 9
39 21 51
39 23 73
39 25 36
39 27 42
39 28 54
39 31 35
39 32 13
39 33 92
39 35 24
39 36 9
40 1 35
40 2 43
40 4 96
40 5 44
40 6 32
40 8 98
40 9 14
40 10 32
40 11 80
40 12 77
40 14 17
40 16 35
40 18 35
40 19 21
40 20 31
40 21 99
40 22 34
40 26 12
40 31 23
40 34 77
40 36 36
40 37 70
41 0 22
41 2 33
41 7 88
41 9 44
41 10 98
41 11 49
41 12 82
41 14 45
41 15 34
41 16 46
41 17 9
41 18 47
41 19 34
41 20 92
41 24 28
41 26 74
41 27 69
41 28 76
41 29 75
41 33 75
41 34 95
41 35 2
41 36 53
41 37 2
42 0 36
42 1 56
42 3 84
42 4 39
42 7 39
42 8 43
42 11 10
42 12 98
42 14 22
42 15 7
42 20 26
42 23 80
42 24 79
42 26 27
42 27 51
42 30 28
42 34 37
43 1 95
43 12 71
43 17 66
43 20 80
43 21 53
43 23 15
43 24 32
43 25 19
43 26 82
43 29 30
43 32 29
43 36 33
43 37 84
43 38 39
43 42 11
44 0 17
44 1 90
44 4 34
44 5 94
44 6 85
44 8 53
44 11 31
44 12 79
44 14 19
44 17 75
44 18 34
44 19 94
44 20 88
44 21 94
44 23 76
44 25 57
44 26 13
44 32 46
44 33 57
44 34 84
44 37 51
44 40 46
44 41 90
44 43 16
45 0 50
45 3 52
45 4 32
45 5 63
45 6 83
45 7 16
45 9 56
45 11 70
45 12 43
45 13 89
45 17 57
45 21 47
45 22 29
45 24 36
45 28 30
45 29 72
45 31 19
45 32 11
45 33 83
45 34 9
45 35 40
45 37 63
45 39 50
45 40 92
45 41 80
45 42 60
46 5 68
46 6 49
46 8 61
46 11 36
46 16 30
46 18 11
46 20 99
46 21 93
46 22 79
46 23 67
46 25 30
46 26 3
46 30 8
46 32 24
46 33 64
46 35 20
46 38 7
46 41 39
46 42 57
46 44 67
46 45 88
47 1 22
47 3 24
47 5 60
47 6 59
47 7 25
47 8 83
47 9 2
47 11 32
47 13 47
47 14 82
47 16 98
47 17 41
47 18 59
47 21 7
47 22 97
47 24 95
47 26 39
47 27 51
47 28 39
47 29 7
47 32 84
47 33 73
47 34 36
47 35 82
47 41 67
47 43 19
47 46 4
48 0 22
48 1 36
48 2 28
48 6 51
48 8 98
48 10 57
48 12 84
48 14 49
48 15 14
48 16 66
48 17 71
48 19 97
48 20 64
48 22 43
48 23 63
48 24 54
48 26 57
48 28 97
48 30 90
48 31 51
48 34 28
48 36 16
48 37 70
48 38 37
48 39 65
48 41 57
48 42 58
48 43 84
49 0 18
49 3 12
49 4 48
49 7 93
49 9 58
49 16 3
49 17 84
49 20 23
49 22 19
49 23 69
49 24 86
49 26 94
49 29 5
49 30 6
49 31 19
49 33 85
49 34 60
49 35 5
49 38 5
49 40 30
49 41 93
49 42 29
49 43 20
49 44 66
49 45 100
49 46 12
50 0 75
50 1 65
50 4 59
50 6 28
50 9 81
50 10 42
50 11 69
50 14 51
50 18 90
50 19 51
50 20 52
50 23 32
50 25 51
50 26 32
50 27 90
50 29 59
50 30 41
50 33 50
50 34 59
50 36 96
50 38 46
50 39 44
50 40 56
50 41 76
50 42 74
50 44 70
50 48 9
51 4 26
51 5 15
51 6 72
51 7 46
51 8 47
51 9 34
51 10 45
51 15 45
51 17 38
51 20 3
51 21 24
51 22 77
51 24 91
51 25 78
51 26 13
51 28 16
51 31 62
51 34 74
51 35 5
51 36 96
51 37 13
51 40 2
51 46 62
51 47 65
51 48 1
51 50 10
52 5 96
52 8 22
52 10 79
52 11 68
52 12 32
52 16 78
52 18 17
52 19 63
52 21 21
52 22 7
52 23 68
52 25 39
52 27 54
52 28 64
52 29 38
52 32 77
52 34 94
52 36 4
52 39 64
52 42 46
52 43 11
52 45 51
52 47 81
52 50 20
53 0 1
53 2 100
53 3 25
53 5 44
53 9 24
53 10 32
53 18 60
53 19 5
53 20 16
53 21 54
53 24 10
53 26 39
53 28 20
53 30 34
53 33 50
53 35 97
53 36 44
53 39 75
53 42 34
53 43 30
53 48 37
53 49 2
54 0 41
54 1 73
54 2 92
54 3 70
54 5 90
54 6 42
54 7 12
54 9 9
54 10 59
54 14 74
54 15 38
54 18 1
54 21 79
54 22 50
54 24 72
54 25 88
54 28 37
54 30 50
54 31 90
54 32 93
54 37 85
54 39 89
54 41 52
54 44 43
54 50 89
54 51 84
54 52 27
