35
2 0 8
3 0 29
3 2 12
4 0 40
4 2 22
5 0 24
5 1 44
5 2 21
5 3 40
5 4 11
6 0 50
6 1 6
6 4 45
6 5 39
7 1 5
7 2 18
7 3 24
8 3 33
8 4 23
8 6 33
8 7 31
9 0 22
9 2 8
9 3 4
9 4 26
9 5 5
9 7 11
10 1 14
10 3 12
10 6 50
10 7 49
10 9 32
11 0 31
11 1 36
11 4 26
11 5 18
11 8 37
11 10 47
12 0 17
12 1 38
12 2 25
12 5 1
12 8 3
12 10 44
13 0 2
13 6 42
13 7 36
13 9 29
13 10 13
13 11 39
14 0 4
14 1 44
14 4 29
14 6 4
14 7 18
14 10 7
15 1 37
15 3 29
15 10 34
15 11 49
15 13 34
16 0 48
16 1 33
16 3 49
16 4 1
16 8 12
16 9 42
16 13 43
16 14 35
16 15 25
17 1 35
17 2 50
17 3 22
17 4 47
17 6 19
17 7 8
17 8 17
17 9 10
17 10 13
17 15 30
18 3 4
18 6 32
18 7 1
18 11 1
18 14 13
18 15 25
18 16 13
19 1 44
19 2 36
19 4 45
19 5 37
19 6 29
19 9 12
19 10 8
19 11 12
19 13 46
19 14 18
19 15 14
19 16 2
19 17 47
20 2 46
20 5 34
20 7 2
20 8 9
20 10 23
20 13 18
20 14 2
20 15 47
21 2 33
21 4 13
21 6 8
21 7 41
21 10 33
21 13 27
21 14 39
21 16 19
21 19 12
22 1 39
22 4 24
22 5 19
22 7 19
22 8 27
22 10 28
22 11 42
22 12 36
22 17 5
22 18 37
22 20 48
22 21 50
23 0 26
23 1 13
23 5 19
23 9 27
23 10 17
23 12 39
23 13 21
23 15 7
23 16 50
23 17 12
23 18 35
23 19 31
23 21 28
23 22 16
24 5 29
24 7 37
24 8 46
24 12 2
24 13 48
24 16 22
24 18 38
24 23 33
25 2 25
25 3 21
25 6 31
25 7 46
25 9 14
25 11 32
25 13 40
25 16 30
25 17 10
25 19 28
25 21 10
26 1 27
26 2 5
26 3 36
26 4 50
26 5 36
26 8 30
26 18 27
26 19 44
26 22 7
26 24 6
27 1 27
27 2 44
27 3 6
27 5 27
27 6 29
27 10 30
27 12 17
27 13 15
27 14 39
27 16 35
27 20 31
27 21 6
27 23 20
27 25 3
28 0 29
28 2 12
28 3 47
28 6 26
28 13 20
28 14 35
28 15 33
28 16 40
28 18 19
28 19 37
28 20 34
28 21 27
28 26 48
29 1 41
29 4 41
29 7 37
29 11 28
29 12 20
29 13 18
29 16 20
29 17 47
29 19 14
29 20 41
29 22 36
29 24 30
30 0 35
30 1 43
30 2 27
30 3 12
30 4 20
30 5 7
30 7 5
30 9 35
30 10 28
30 12 33
30 13 29
30 14 21
30 15 47
30 17 6
30 18 7
30 19 38
30 22 5
30 23 31
30 26 41
30 27 34
31 4 46
31 5 10
31 6 36
31 7 26
31 8 48
31 10 22
31 11 35
31 12 49
31 14 19
31 15 48
31 17 34
31 20 41
31 23 48
31 27 17
31 28 3
31 29 9
31 30 41
32 0 13
32 1 24
32 3 13
32 4 15
32 6 27
32 10 45
32 11 12
32 13 39
32 17 33
32 19 42
32 21 13
32 23 20
32 24 24
32 27 27
32 31 16
33 1 33
33 3 49
33 8 17
33 9 10
33 10 16
33 11 4
33 13 34
33 17 50
33 18 31
33 22 36
33 23 47
33 24 36
33 31 1
33 32 46
34 0 4
34 5 42
34 6 9
34 11 27
34 12 8
34 14 22
34 16 45
34 17 49
34 18 16
34 19 49
34 20 45
34 26 7
34 29 15
34 30 46
34 32 19
