55
1 0 10
2 0 9
2 1 4
3 0 2
3 1 6
3 2 3
4 0 2
4 1 10
4 2 5
4 3 4
5 0 8
5 1 5
5 2 9
5 3 7
5 4 10
6 0 3
6 1 3
6 2 2
6 3 9
6 4 9
6 5 2
7 0 1
7 1 10
7 2 5
7 3 5
7 4 9
7 5 4
7 6 3
8 0 6
8 1 1
8 2 2
8 3 9
8 4 6
8 5 4
8 6 8
8 7 9
9 0 1
9 1 1
9 2 5
9 3 4
9 4 5
9 5 5
9 6 5
9 7 9
9 8 9
10 0 6
10 1 10
10 2 5
10 3 8
10 4 7
10 5 4
10 6 7
10 7 3
10 8 9
10 9 3
11 0 6
11 1 7
11 2 10
11 3 7
11 4 10
11 5 3
11 6 1
11 7 1
11 8 1
11 9 3
11 10 2
12 0 4
12 1 1
12 2 6
12 3 10
12 4 10
12 5 9
12 6 1
12 7 4
12 8 9
12 9 3
12 10 8
12 11 5
13 0 1
13 1 3
13 2 4
13 3 2
13 4 4
13 5 3
13 6 9
13 7 6
13 8 1
13 9 10
13 10 1
13 11 4
13 12 1
14 0 6
14 1 4
14 2 9
14 3 7
14 4 3
14 5 3
14 6 10
14 7 5
14 8 9
14 9 10
14 10 9
14 11 6
14 12 10
14 13 1
15 0 2
15 1 5
15 2 1
15 3 4
15 4 5
15 5 9
15 6 4
15 7 5
15 8 6
15 9 5
15 10 8
15 11 3
15 12 8
15 13 4
15 14 10
16 0 1
16 1 5
16 2 3
16 3 7
16 4 6
16 5 3
16 6 2
16 7 2
16 8 1
16 9 3
16 10 7
16 11 5
16 12 8
16 13 7
16 14 9
16 15 7
17 0 6
17 1 7
17 2 6
17 3 7
17 4 5
17 5 1
17 6 7
17 7 10
17 8 1
17 9 4
17 10 5
17 11 2
17 12 3
17 13 1
17 14 4
17 15 1
17 16 9
18 0 9
18 1 10
18 2 1
18 3 9
18 4 9
18 5 1
18 6 6
18 7 7
18 8 7
18 9 10
18 10 2
18 11 7
18 12 8
18 13 4
18 14 3
18 15 6
18 16 7
18 17 10
19 0 9
19 1 9
19 2 5
19 3 5
19 4 4
19 5 10
19 6 7
19 7 1
19 8 3
19 9 7
19 10 8
19 11 6
19 12 4
19 13 9
19 14 6
19 15 10
19 16 6
19 17 9
19 18 6
20 0 6
20 1 4
20 2 7
20 3 1
20 4 9
20 5 2
20 6 4
20 7 8
20 8 5
20 9 5
20 10 6
20 11 8
20 12 5
20 13 2
20 14 8
20 15 4
20 16 3
20 17 1
20 18 10
20 19 2
21 0 6
21 1 5
21 2 10
21 3 4
21 4 9
21 5 6
21 6 4
21 7 1
21 8 2
21 9 5
21 10 9
21 11 5
21 12 8
21 13 7
21 14 7
21 15 7
21 16 3
21 17 4
21 18 8
21 19 4
21 20 3
22 0 1
22 1 3
22 2 8
22 3 9
22 4 9
22 5 7
22 6 9
22 7 2
22 8 7
22 9 2
22 10 9
22 11 4
22 12 5
22 13 10
22 14 5
22 15 6
22 16 4
22 17 4
22 18 10
22 19 1
22 20 4
22 21 6
23 0 6
23 1 5
23 2 8
23 3 9
23 4 10
23 5 1
23 6 10
23 7 4
23 8 6
23 9 7
23 10 6
23 11 4
23 12 9
23 13 4
23 14 6
23 15 9
23 16 7
23 17 8
23 18 5
23 19 8
23 20 6
23 21 10
23 22 6
24 0 8
24 1 4
24 2 8
24 3 1
24 4 9
24 5 4
24 6 5
24 7 6
24 8 10
24 9 9
24 10 9
24 11 7
24 12 10
24 13 7
24 14 1
24 15 8
24 16 1
24 17 7
24 18 5
24 19 5
24 20 1
24 21 7
24 22 3
24 23 9
25 0 2
25 1 2
25 2 8
25 3 2
25 4 6
25 5 5
25 6 2
25 7 9
25 8 6
25 9 4
25 10 4
25 11 6
25 12 8
25 13 6
25 14 1
25 15 1
25 16 9
25 17 1
25 18 4
25 19 1
25 20 7
25 21 8
25 22 2
25 23 6
25 24 7
26 0 8
26 1 10
26 2 8
26 3 7
26 4 4
26 5 6
26 6 9
26 7 5
26 8 6
26 9 8
26 10 3
26 11 8
26 12 2
26 13 10
26 14 2
26 15 5
26 16 9
26 17 5
26 18 8
26 19 6
26 20 2
26 21 2
26 22 1
26 23 6
26 24 9
26 25 6
27 0 3
27 1 4
27 2 7
27 3 5
27 4 2
27 5 8
27 6 8
27 7 4
27 8 5
27 9 5
27 10 3
27 11 7
27 12 9
27 13 6
27 14 4
27 15 1
27 16 2
27 17 7
27 18 8
27 19 5
27 20 7
27 21 1
27 22 10
27 23 10
27 24 1
27 25 10
27 26 9
28 0 3
28 1 5
28 2 5
28 3 1
28 4 1
28 5 9
28 6 8
28 7 7
28 8 7
28 9 3
28 10 10
28 11 3
28 12 10
28 13 4
28 14 2
28 15 1
28 16 3
28 17 4
28 18 7
28 19 2
28 20 7
28 21 4
28 22 2
28 23 4
28 24 10
28 25 5
28 26 10
28 27 10
29 0 6
29 1 5
29 2 5
29 3 3
29 4 10
29 5 8
29 6 8
29 7 9
29 8 7
29 9 3
29 10 8
29 11 6
29 12 8
29 13 10
29 14 4
29 15 2
29 16 1
29 17 8
29 18 7
29 19 1
29 20 7
29 21 2
29 22 2
29 23 8
29 24 10
29 25 7
29 26 5
29 27 6
29 28 10
30 0 1
30 1 8
30 2 9
30 3 1
30 4 9
30 5 10
30 6 3
30 7 3
30 8 6
30 9 1
30 10 7
30 11 8
30 12 5
30 13 6
30 14 6
30 15 7
30 16 10
30 17 9
30 18 5
30 19 3
30 20 1
30 21 8
30 22 5
30 23 5
30 24 5
30 25 2
30 26 8
30 27 3
30 28 1
30 29 8
31 0 4
31 1 9
31 2 8
31 3 4
31 4 6
31 5 1
31 6 9
31 7 6
31 8 10
31 9 3
31 10 3
31 11 2
31 12 9
31 13 1
31 14 8
31 15 1
31 16 3
31 17 3
31 18 4
31 19 5
31 20 7
31 21 10
31 22 3
31 23 6
31 24 1
31 25 5
31 26 2
31 27 2
31 28 3
31 29 5
31 30 2
32 0 1
32 1 8
32 2 5
32 3 2
32 4 8
32 5 9
32 6 9
32 7 4
32 8 4
32 9 1
32 10 4
32 11 10
32 12 6
32 13 2
32 14 1
32 15 1
32 16 8
32 17 5
32 18 2
32 19 1
32 20 6
32 21 8
32 22 7
32 23 10
32 24 5
32 25 3
32 26 1
32 27 1
32 28 10
32 29 3
32 30 9
32 31 4
33 0 4
33 1 1
33 2 9
33 3 9
33 4 7
33 5 7
33 6 10
33 7 3
33 8 7
33 9 8
33 10 10
33 11 5
33 12 3
33 13 8
33 14 3
33 15 2
33 16 1
33 17 5
33 18 5
33 19 10
33 20 5
33 21 4
33 22 1
33 23 7
33 24 6
33 25 1
33 26 2
33 27 8
33 28 8
33 29 9
33 30 6
33 31 8
33 32 8
34 0 3
34 1 6
34 2 7
34 3 5
34 4 3
34 5 7
34 6 10
34 7 10
34 8 3
34 9 2
34 10 8
34 11 3
34 12 1
34 13 10
34 14 8
34 15 5
34 16 1
34 17 7
34 18 10
34 19 3
34 20 1
34 21 5
34 22 6
34 23 5
34 24 4
34 25 5
34 26 1
34 27 5
34 28 1
34 29 6
34 30 6
34 31 2
34 32 10
34 33 9
35 0 2
35 1 2
35 2 3
35 3 8
35 4 5
35 5 6
35 6 6
35 7 5
35 8 10
35 9 3
35 10 8
35 11 8
35 12 4
35 13 7
35 14 1
35 15 4
35 16 2
35 17 6
35 18 4
35 19 8
35 20 6
35 21 9
35 22 3
35 23 6
35 24 9
35 25 10
35 26 4
35 27 8
35 28 10
35 29 4
35 30 5
35 31 10
35 32 5
35 33 9
35 34 1
36 0 3
36 1 4
36 2 3
36 3 10
36 4 3
36 5 6
36 6 4
36 7 10
36 8 7
36 9 2
36 10 6
36 11 7
36 12 3
36 13 1
36 14 10
36 15 3
36 16 5
36 17 1
36 18 2
36 19 7
36 20 3
36 21 9
36 22 8
36 23 7
36 24 1
36 25 9
36 26 4
36 27 4
36 28 8
36 29 2
36 30 9
36 31 5
36 32 10
36 33 2
36 34 8
36 35 6
37 0 9
37 1 6
37 2 9
37 3 10
37 4 10
37 5 4
37 6 8
37 7 8
37 8 6
37 9 9
37 10 8
37 11 6
37 12 10
37 13 6
37 14 1
37 15 4
37 16 4
37 17 9
37 18 9
37 19 5
37 20 2
37 21 2
37 22 8
37 23 10
37 24 9
37 25 3
37 26 7
37 27 6
37 28 2
37 29 5
37 30 7
37 31 7
37 32 4
37 33 5
37 34 6
37 35 4
37 36 8
38 0 10
38 1 3
38 2 8
38 3 9
38 4 2
38 5 6
38 6 9
38 7 1
38 8 8
38 9 8
38 10 3
38 11 4
38 12 7
38 13 2
38 14 1
38 15 7
38 16 7
38 17 1
38 18 3
38 19 5
38 20 7
38 21 2
38 22 4
38 23 4
38 24 8
38 25 10
38 26 5
38 27 6
38 28 9
38 29 8
38 30 1
38 31 1
38 32 6
38 33 2
38 34 2
38 35 4
38 36 7
38 37 10
39 0 6
39 1 3
39 2 3
39 3 8
39 4 10
39 5 10
39 6 1
39 7 4
39 8 9
39 9 3
39 10 9
39 11 1
39 12 4
39 13 9
39 14 4
39 15 1
39 16 10
39 17 8
39 18 3
39 19 6
39 20 3
39 21 1
39 22 1
39 23 6
39 24 5
39 25 4
39 26 7
39 27 5
39 28 4
39 29 10
39 30 10
39 31 6
39 32 5
39 33 8
39 34 5
39 35 1
39 36 1
39 37 10
39 38 7
40 0 5
40 1 10
40 2 2
40 3 3
40 4 8
40 5 4
40 6 6
40 7 2
40 8 6
40 9 1
40 10 10
40 11 3
40 12 3
40 13 10
40 14 7
40 15 7
40 16 1
40 17 5
40 18 10
40 19 7
40 20 10
40 21 1
40 22 9
40 23 8
40 24 8
40 25 7
40 26 3
40 27 1
40 28 8
40 29 1
40 30 7
40 31 4
40 32 6
40 33 10
40 34 7
40 35 5
40 36 8
40 37 7
40 38 2
40 39 3
41 0 9
41 1 7
41 2 10
41 3 10
41 4 2
41 5 10
41 6 2
41 7 6
41 8 4
41 9 1
41 10 9
41 11 4
41 12 3
41 13 2
41 14 9
41 15 2
41 16 5
41 17 2
41 18 2
41 19 7
41 20 6
41 21 5
41 22 7
41 23 4
41 24 2
41 25 10
41 26 1
41 27 3
41 28 1
41 29 1
41 30 8
41 31 3
41 32 3
41 33 7
41 34 3
41 35 3
41 36 3
41 37 4
41 38 8
41 39 8
41 40 8
42 0 1
42 1 8
42 2 7
42 3 10
42 4 1
42 5 5
42 6 9
42 7 9
42 8 3
42 9 5
42 10 5
42 11 8
42 12 3
42 13 5
42 14 7
42 15 3
42 16 5
42 17 1
42 18 10
42 19 6
42 20 1
42 21 2
42 22 3
42 23 4
42 24 7
42 25 7
42 26 1
42 27 5
42 28 2
42 29 3
42 30 3
42 31 1
42 32 6
42 33 9
42 34 1
42 35 7
42 36 10
42 37 4
42 38 1
42 39 6
42 40 8
42 41 7
43 0 9
43 1 4
43 2 7
43 3 3
43 4 5
43 5 8
43 6 6
43 7 5
43 8 2
43 9 2
43 10 6
43 11 7
43 12 1
43 13 1
43 14 4
43 15 5
43 16 3
43 17 9
43 18 4
43 19 1
43 20 8
43 21 5
43 22 7
43 23 2
43 24 9
43 25 3
43 26 8
43 27 9
43 28 6
43 29 3
43 30 1
43 31 8
43 32 6
43 33 2
43 34 7
43 35 2
43 36 3
43 37 3
43 38 5
43 39 1
43 40 6
43 41 6
43 42 9
44 0 8
44 1 5
44 2 7
44 3 6
44 4 4
44 5 1
44 6 6
44 7 1
44 8 4
44 9 6
44 10 2
44 11 2
44 12 4
44 13 8
44 14 9
44 15 4
44 16 1
44 17 6
44 18 1
44 19 2
44 20 8
44 21 5
44 22 3
44 23 10
44 24 7
44 25 2
44 26 6
44 27 3
44 28 10
44 29 5
44 30 10
44 31 8
44 32 8
44 33 10
44 34 4
44 35 4
44 36 6
44 37 2
44 38 3
44 39 9
44 40 3
44 41 4
44 42 7
44 43 4
45 0 7
45 1 9
45 2 6
45 3 8
45 4 8
45 5 9
45 6 5
45 7 10
45 8 5
45 9 9
45 10 8
45 11 2
45 12 5
45 13 6
45 14 5
45 15 3
45 16 6
45 17 4
45 18 9
45 19 8
45 20 3
45 21 8
45 22 2
45 23 4
45 24 3
45 25 8
45 26 3
45 27 6
45 28 2
45 29 9
45 30 1
45 31 4
45 32 10
45 33 1
45 34 8
45 35 3
45 36 1
45 37 10
45 38 8
45 39 7
45 40 9
45 41 9
45 42 5
45 43 10
45 44 6
46 0 3
46 1 3
46 2 3
46 3 10
46 4 9
46 5 3
46 6 3
46 7 4
46 8 9
46 9 10
46 10 9
46 11 4
46 12 8
46 13 4
46 14 1
46 15 6
46 16 3
46 17 2
46 18 3
46 19 10
46 20 7
46 21 1
46 22 7
46 23 1
46 24 5
46 25 1
46 26 5
46 27 4
46 28 5
46 29 3
46 30 2
46 31 7
46 32 5
46 33 6
46 34 2
46 35 7
46 36 10
46 37 10
46 38 5
46 39 5
46 40 1
46 41 9
46 42 9
46 43 3
46 44 2
46 45 4
47 0 6
47 1 6
47 2 3
47 3 6
47 4 10
47 5 5
47 6 4
47 7 7
47 8 2
47 9 3
47 10 7
47 11 6
47 12 8
47 13 6
47 14 3
47 15 3
47 16 2
47 17 4
47 18 8
47 19 9
47 20 9
47 21 4
47 22 1
47 23 6
47 24 2
47 25 10
47 26 8
47 27 6
47 28 2
47 29 2
47 30 7
47 31 1
47 32 6
47 33 8
47 34 3
47 35 9
47 36 9
47 37 3
47 38 4
47 39 6
47 40 9
47 41 8
47 42 7
47 43 4
47 44 9
47 45 8
47 46 5
48 0 9
48 1 7
48 2 1
48 3 8
48 4 3
48 5 1
48 6 4
48 7 4
48 8 7
48 9 1
48 10 6
48 11 2
48 12 7
48 13 10
48 14 1
48 15 4
48 16 5
48 17 6
48 18 7
48 19 5
48 20 7
48 21 7
48 22 8
48 23 10
48 24 6
48 25 7
48 26 3
48 27 2
48 28 10
48 29 5
48 30 10
48 31 1
48 32 10
48 33 2
48 34 3
48 35 10
48 36 10
48 37 2
48 38 6
48 39 8
48 40 2
48 41 7
48 42 6
48 43 5
48 44 10
48 45 6
48 46 4
48 47 8
49 0 10
49 1 4
49 2 3
49 3 10
49 4 2
49 5 6
49 6 8
49 7 8
49 8 2
49 9 8
49 10 3
49 11 3
49 12 5
49 13 2
49 14 4
49 15 10
49 16 3
49 17 1
49 18 7
49 19 9
49 20 2
49 21 10
49 22 9
49 23 2
49 24 1
49 25 9
49 26 1
49 27 7
49 28 7
49 29 6
49 30 3
49 31 8
49 32 2
49 33 2
49 34 3
49 35 4
49 36 6
49 37 5
49 38 6
49 39 9
49 40 6
49 41 4
49 42 3
49 43 1
49 44 5
49 45 5
49 46 8
49 47 2
49 48 2
50 0 8
50 1 4
50 2 2
50 3 6
50 4 4
50 5 8
50 6 8
50 7 1
50 8 5
50 9 6
50 10 6
50 11 2
50 12 4
50 13 7
50 14 10
50 15 8
50 16 8
50 17 10
50 18 2
50 19 2
50 20 2
50 21 5
50 22 6
50 23 9
50 24 10
50 25 10
50 26 10
50 27 3
50 28 3
50 29 6
50 30 10
50 31 2
50 32 8
50 33 2
50 34 1
50 35 10
50 36 8
50 37 5
50 38 8
50 39 4
50 40 2
50 41 9
50 42 1
50 43 7
50 44 8
50 45 8
50 46 8
50 47 9
50 48 7
50 49 5
51 0 6
51 1 6
51 2 5
51 3 7
51 4 2
51 5 9
51 6 9
51 7 2
51 8 1
51 9 2
51 10 6
51 11 2
51 12 10
51 13 6
51 14 8
51 15 4
51 16 3
51 17 1
51 18 1
51 19 8
51 20 10
51 21 1
51 22 9
51 23 9
51 24 7
51 25 10
51 26 8
51 27 9
51 28 7
51 29 9
51 30 4
51 31 2
51 32 4
51 33 8
51 34 4
51 35 4
51 36 9
51 37 7
51 38 9
51 39 4
51 40 9
51 41 7
51 42 8
51 43 10
51 44 4
51 45 5
51 46 3
51 47 3
51 48 3
51 49 1
51 50 2
52 0 5
52 1 9
52 2 1
52 3 8
52 4 6
52 5 7
52 6 1
52 7 3
52 8 7
52 9 2
52 10 10
52 11 4
52 12 3
52 13 2
52 14 3
52 15 1
52 16 3
52 17 5
52 18 7
52 19 6
52 20 4
52 21 10
52 22 3
52 23 1
52 24 6
52 25 3
52 26 10
52 27 2
52 28 1
52 29 2
52 30 4
52 31 5
52 32 7
52 33 4
52 34 8
52 35 3
52 36 6
52 37 3
52 38 7
52 39 4
52 40 2
52 41 2
52 42 9
52 43 3
52 44 9
52 45 5
52 46 5
52 47 3
52 48 2
52 49 4
52 50 7
52 51 7
53 0 3
53 1 8
53 2 1
53 3 3
53 4 8
53 5 2
53 6 1
53 7 1
53 8 3
53 9 3
53 10 2
53 11 9
53 12 5
53 13 7
53 14 2
53 15 5
53 16 10
53 17 8
53 18 10
53 19 5
53 20 5
53 21 9
53 22 5
53 23 1
53 24 10
53 25 9
53 26 5
53 27 5
53 28 9
53 29 2
53 30 10
53 31 1
53 32 4
53 33 9
53 34 7
53 35 1
53 36 3
53 37 2
53 38 4
53 39 8
53 40 7
53 41 1
53 42 9
53 43 1
53 44 7
53 45 10
53 46 4
53 47 3
53 48 6
53 49 5
53 50 3
53 51 5
53 52 10
54 0 3
54 1 7
54 2 6
54 3 6
54 4 1
54 5 5
54 6 8
54 7 6
54 8 7
54 9 8
54 10 9
54 11 6
54 12 2
54 13 2
54 14 6
54 15 9
54 16 10
54 17 4
54 18 1
54 19 5
54 20 4
54 21 5
54 22 4
54 23 2
54 24 4
54 25 6
54 26 5
54 27 2
54 28 4
54 29 7
54 30 10
54 31 6
54 32 9
54 33 7
54 34 9
54 35 5
54 36 5
54 37 1
54 38 4
54 39 5
54 40 8
54 41 1
54 42 7
54 43 8
54 44 9
54 45 10
54 46 7
54 47 6
54 48 4
54 49 7
54 50 10
54 51 5
54 52 5
54 53 4
