40
2 0 6
3 0 58
5 1 15
5 3 100
5 4 62
6 0 48
6 1 63
6 2 36
6 3 95
6 4 36
7 0 14
7 4 27
7 5 94
8 0 3
8 1 89
8 3 28
9 7 35
10 0 32
10 3 69
10 9 12
11 0 47
11 2 22
11 4 14
11 5 49
11 7 83
11 8 79
12 0 73
12 2 36
12 7 8
13 0 70
13 1 54
13 4 69
13 5 27
13 6 9
13 7 84
13 10 42
13 11 74
14 1 21
14 3 52
14 6 87
14 7 47
14 8 32
14 12 61
15 0 76
15 2 20
15 3 25
15 7 75
15 8 77
15 11 48
15 12 44
15 14 66
16 1 35
16 2 81
16 5 26
16 7 61
16 8 58
16 9 21
16 10 77
16 11 46
16 13 86
17 0 65
17 4 78
17 5 81
17 8 42
17 11 14
17 16 41
18 0 38
18 6 15
18 8 52
18 10 26
18 12 30
18 13 97
18 14 100
18 17 95
19 1 24
19 3 81
19 6 98
19 7 53
19 10 49
19 11 42
19 12 35
19 17 58
20 2 80
20 3 34
20 5 5
20 6 51
20 7 47
20 8 29
20 9 59
20 10 66
20 12 47
20 13 62
20 14 98
20 17 64
21 0 33
21 2 63
21 5 41
21 9 8
21 12 90
21 15 33
21 18 68
22 0 20
22 1 73
22 7 36
22 9 4
22 10 60
22 11 81
22 13 38
22 17 49
22 18 16
23 0 60
23 3 33
23 8 49
23 9 73
23 11 22
23 14 14
23 15 93
23 17 15
23 19 54
23 20 42
23 22 99
24 1 67
24 3 34
24 4 58
24 6 65
24 8 53
24 10 100
24 11 39
24 12 44
24 13 87
24 14 19
24 23 73
25 0 1
25 3 31
25 4 63
25 5 5
25 6 72
25 7 96
25 10 10
25 16 97
25 17 31
25 18 18
25 19 83
25 20 34
25 21 86
26 1 26
26 3 80
26 4 47
26 5 49
26 7 97
26 8 98
26 9 5
26 11 84
26 12 94
26 13 51
26 15 87
26 16 41
26 17 7
26 19 35
26 20 17
26 21 71
26 23 40
26 24 92
26 25 56
27 2 1
27 4 95
27 5 30
27 6 19
27 8 33
27 15 48
27 17 29
27 18 10
27 19 49
27 20 53
27 21 22
27 22 45
27 23 54
27 24 99
27 25 2
27 26 34
28 0 5
28 1 38
28 2 63
28 4 74
28 5 87
28 9 53
28 11 61
28 15 27
28 16 44
28 19 7
28 21 62
28 22 32
28 25 82
28 26 32
29 3 10
29 6 34
29 12 38
29 13 7
29 15 85
29 16 51
29 18 31
29 19 56
29 20 37
29 21 72
29 25 26
29 26 37
29 28 41
30 0 63
30 2 27
30 3 23
30 4 63
30 5 29
30 6 49
30 7 4
30 10 23
30 15 72
30 19 94
30 20 8
30 25 28
30 26 69
30 28 75
31 0 9
31 1 82
31 7 38
31 11 67
31 12 22
31 13 24
31 15 18
31 19 37
31 21 74
31 23 17
31 24 12
31 27 54
31 28 76
31 30 91
32 1 59
32 2 49
32 3 93
32 5 57
32 8 38
32 12 96
32 13 72
32 15 42
32 20 39
32 22 13
32 25 96
32 27 81
32 29 39
33 0 40
33 1 87
33 3 72
33 4 82
33 7 55
33 8 16
33 9 48
33 11 18
33 12 44
33 15 75
33 16 24
33 17 20
33 20 90
33 21 99
33 22 15
33 23 62
33 24 27
33 26 6
33 28 19
33 29 7
33 31 99
34 2 86
34 5 70
34 7 74
34 11 53
34 14 44
34 15 41
34 16 28
34 17 9
34 18 83
34 20 45
34 22 79
34 24 42
34 27 52
34 28 89
34 31 58
34 32 94
34 33 76
35 0 25
35 5 1
35 8 86
35 10 22
35 11 73
35 14 61
35 16 89
35 17 64
35 20 12
35 21 62
35 28 10
35 29 79
35 30 58
35 31 99
35 34 56
36 0 33
36 3 51
36 4 33
36 7 76
36 10 95
36 11 28
36 12 80
36 14 44
36 15 53
36 16 69
36 17 50
36 18 99
36 19 100
36 21 74
36 22 31
36 23 4
36 27 63
36 29 67
36 32 21
36 35 35
37 1 12
37 7 78
37 11 93
37 12 98
37 14 41
37 15 43
37 18 65
37 19 56
37 21 32
37 22 27
37 24 86
37 25 10
37 26 69
37 27 61
37 29 4
37 30 83
37 35 48
37 36 3
38 0 33
38 1 37
38 2 47
38 3 3
38 6 88
38 8 17
38 9 57
38 10 86
38 12 63
38 13 69
38 16 29
38 17 79
38 18 8
38 20 41
38 21 38
38 23 46
38 24 63
38 27 85
38 28 5
38 29 99
38 30 73
38 32 51
38 33 85
38 37 74
39 0 48
39 3 26
39 4 93
39 6 54
39 7 89
39 8 58
39 9 23
39 12 98
39 14 50
39 15 72
39 16 79
39 19 56
39 20 69
39 23 3
39 25 72
39 26 3
39 27 12
39 28 100
39 30 29
39 31 7
39 32 6
39 33 67
39 34 34
39 35 53
39 36 56
39 38 46
