40
1 0 3
2 0 2
2 1 5
3 0 1
4 0 1
4 1 1
5 0 2
5 1 2
5 2 1
5 3 4
5 4 4
6 0 1
6 2 2
6 4 2
7 1 4
7 3 3
7 4 4
7 6 3
8 1 4
8 3 4
8 5 4
8 7 3
9 0 4
9 8 4
10 2 2
10 4 2
10 7 1
11 0 3
11 1 3
11 5 5
11 7 2
11 8 3
12 0 5
12 2 2
12 4 2
12 5 3
12 6 4
12 8 2
12 11 1
13 1 1
13 7 2
13 8 3
13 9 3
13 10 5
13 12 2
14 0 4
14 1 3
14 7 1
14 9 3
14 10 5
14 11 4
15 0 5
15 3 2
15 4 4
15 9 5
15 10 1
15 11 5
15 12 3
15 13 1
16 0 2
16 3 1
16 4 3
16 5 1
16 6 5
16 9 5
16 10 2
16 11 5
16 12 5
16 14 1
16 15 5
17 2 1
17 3 2
17 6 5
17 7 4
17 11 5
17 12 3
17 14 3
17 15 5
18 3 2
18 6 2
18 8 1
18 9 2
18 13 2
18 15 4
18 17 1
19 7 2
19 9 1
19 10 2
19 14 2
19 15 4
20 0 5
20 1 3
20 2 4
20 3 5
20 5 2
20 6 1
20 8 4
20 9 3
20 15 3
20 17 3
20 19 2
21 1 2
21 2 2
21 3 3
21 6 2
21 7 4
21 8 5
21 9 1
21 13 4
21 17 1
21 18 2
22 1 4
22 2 1
22 3 3
22 4 5
22 7 4
22 15 4
22 16 3
22 17 4
22 19 4
22 20 4
23 4 2
23 8 4
23 12 2
23 14 3
23 15 5
23 20 5
23 21 4
24 1 4
24 2 3
24 3 1
24 4 4
24 5 3
24 6 3
24 7 2
24 10 2
24 13 2
24 15 4
24 16 2
24 17 4
24 18 4
24 19 4
24 20 1
24 21 2
24 22 3
24 23 3
25 0 3
25 2 3
25 4 5
25 7 3
25 11 2
25 13 2
25 16 2
25 17 3
25 22 4
25 23 3
26 4 3
26 5 4
26 7 1
26 10 2
26 12 1
26 13 1
26 14 5
26 15 2
26 17 1
26 19 3
26 20 5
26 21 2
26 22 5
26 23 1
26 24 5
26 25 3
27 0 4
27 3 3
27 4 5
27 7 1
27 10 1
27 11 4
27 12 3
27 14 5
27 17 3
27 19 4
27 20 1
27 22 1
27 26 2
28 2 3
28 3 3
28 4 1
28 5 3
28 6 5
28 8 3
28 9 2
28 10 1
28 11 2
28 12 2
28 13 1
28 15 3
28 16 5
28 18 2
28 19 4
28 25 4
28 27 3
29 1 1
29 2 2
29 3 5
29 4 4
29 5 2
29 6 4
29 7 1
29 10 1
29 11 1
29 13 2
29 17 4
29 23 4
29 25 5
30 1 4
30 3 2
30 4 1
30 5 5
30 12 4
30 13 3
30 14 4
30 15 3
30 16 2
30 18 3
30 20 3
30 21 1
30 22 2
30 25 1
30 27 5
30 28 2
30 29 4
31 0 4
31 1 1
31 3 1
31 4 2
31 5 2
31 6 5
31 7 1
31 8 5
31 9 5
31 10 3
31 12 3
31 15 5
31 17 3
31 18 1
31 19 2
31 21 2
31 23 4
31 24 1
31 26 2
31 27 2
31 28 4
31 29 5
31 30 1
32 1 5
32 5 4
32 6 5
32 9 4
32 11 1
32 12 4
32 14 1
32 16 2
32 18 1
32 19 1
32 20 1
32 24 4
32 26 3
32 27 1
33 1 5
33 3 5
33 10 5
33 11 3
33 12 2
33 17 3
33 18 2
33 22 1
33 23 4
33 25 2
33 26 4
33 28 2
34 0 2
34 4 1
34 5 3
34 9 1
34 10 3
34 11 4
34 13 3
34 14 1
34 21 5
34 22 4
34 23 3
34 25 1
34 26 3
34 27 5
34 28 3
34 29 4
34 33 4
35 4 4
35 5 1
35 6 3
35 9 5
35 10 3
35 14 5
35 16 3
35 17 3
35 22 2
35 23 2
35 24 3
35 27 2
35 30 5
35 33 3
35 34 3
36 0 5
36 3 5
36 6 1
36 10 1
36 13 3
36 15 3
36 19 2
36 20 5
36 23 1
36 24 5
36 28 1
36 29 2
36 31 4
36 33 3
36 34 4
36 35 3
37 0 3
37 1 5
37 2 3
37 3 2
37 4 5
37 6 3
37 9 2
37 11 3
37 12 4
37 13 2
37 15 1
37 16 4
37 19 2
37 22 4
37 23 2
37 25 2
37 28 1
37 29 1
37 32 3
37 33 3
38 0 2
38 4 2
38 5 2
38 6 1
38 7 1
38 9 4
38 10 4
38 11 4
38 12 1
38 13 5
38 20 2
38 22 1
38 23 2
38 25 4
38 27 4
38 28 5
38 30 4
38 32 1
38 33 5
38 34 3
39 0 2
39 2 5
39 3 2
39 4 5
39 5 4
39 8 5
39 9 2
39 11 3
39 12 3
39 14 2
39 15 1
39 18 1
39 21 4
39 23 3
39 24 4
39 25 4
39 27 3
39 29 4
39 30 3
39 32 4
39 34 5
39 36 1
39 37 5
39 38 5
