60
2 1 5
3 0 3
4 0 4
5 0 3
5 1 4
5 2 5
6 1 3
6 2 3
6 3 5
7 0 1
7 1 5
7 2 4
7 4 3
7 6 1
8 0 5
8 1 5
8 2 4
8 3 1
8 6 4
9 4 4
9 6 3
10 1 4
10 3 2
10 7 1
10 8 2
10 9 4
11 0 1
11 2 3
12 1 3
12 2 2
12 3 4
12 4 2
12 5 4
12 6 4
12 11 5
13 0 1
13 1 3
13 2 4
13 4 4
13 6 3
13 7 3
13 8 2
13 9 5
13 10 4
13 11 2
14 0 4
14 3 1
14 5 5
14 11 5
15 3 2
15 6 1
15 7 2
15 8 5
15 9 3
15 12 2
16 0 2
16 1 3
16 4 2
16 9 3
16 15 5
17 0 2
17 3 1
17 4 4
17 5 4
17 8 3
17 9 2
17 10 5
17 11 2
17 12 1
17 13 4
18 0 3
18 1 5
18 4 3
18 5 2
18 6 1
18 9 3
18 11 5
18 12 5
18 13 4
18 17 4
19 1 1
19 2 5
19 4 4
19 7 4
19 9 5
19 10 4
19 11 1
19 12 5
19 14 4
19 15 1
19 17 1
19 18 2
20 4 1
20 7 5
20 8 3
20 11 1
20 12 4
20 13 3
20 14 5
20 15 1
20 16 3
20 18 5
20 19 5
21 0 1
21 2 5
21 3 1
21 5 1
21 10 5
21 11 3
21 13 5
21 14 2
21 17 2
21 20 3
22 0 2
22 7 4
22 9 5
22 11 4
22 12 5
22 13 5
22 15 3
22 20 2
22 21 1
23 2 2
23 9 1
23 10 2
23 12 3
23 13 1
23 15 4
23 19 1
23 20 3
23 21 3
24 1 5
24 2 4
24 4 3
24 7 3
24 12 5
24 13 1
24 17 1
24 18 3
24 22 1
25 0 4
25 2 4
25 3 5
25 4 3
25 6 5
25 8 1
25 16 5
25 19 1
25 22 2
25 23 5
25 24 2
26 1 2
26 2 5
26 3 4
26 4 4
26 5 1
26 7 3
26 8 2
26 13 3
26 15 3
26 16 3
26 19 3
26 20 3
26 21 5
27 0 3
27 1 5
27 3 4
27 8 2
27 10 5
27 11 4
27 12 2
27 13 5
27 15 2
27 16 3
27 17 1
27 18 4
27 20 3
27 21 3
27 22 1
27 23 5
27 24 5
28 0 1
28 1 4
28 3 1
28 6 3
28 8 1
28 12 2
28 13 2
28 17 3
28 18 3
28 19 4
28 23 5
28 24 2
29 1 1
29 2 1
29 3 4
29 4 4
29 5 1
29 6 5
29 7 3
29 9 5
29 10 4
29 13 3
29 14 1
29 15 1
29 16 2
29 18 2
29 28 3
30 1 1
30 3 5
30 4 3
30 5 4
30 9 3
30 10 1
30 11 2
30 14 1
30 15 2
30 16 2
30 17 4
30 18 3
30 20 1
30 21 1
30 23 5
30 25 1
30 26 2
30 27 2
30 29 5
31 6 1
31 8 4
31 9 1
31 11 3
31 14 3
31 15 5
31 19 4
31 22 4
31 24 1
31 25 5
31 27 3
31 28 3
31 30 4
32 0 1
32 1 4
32 2 4
32 4 5
32 6 3
32 11 1
32 13 1
32 19 1
32 20 2
32 21 2
32 23 2
32 26 4
32 28 4
32 29 3
32 31 2
33 0 5
33 2 5
33 3 4
33 7 3
33 9 4
33 10 1
33 15 3
33 16 2
33 17 3
33 23 3
33 24 1
33 28 1
33 32 1
34 1 1
34 4 3
34 5 3
34 6 3
34 7 5
34 8 3
34 9 2
34 11 5
34 12 1
34 13 4
34 17 2
34 20 4
34 26 2
34 30 1
35 1 3
35 3 5
35 4 4
35 6 4
35 9 1
35 11 1
35 13 4
35 14 5
35 15 3
35 16 3
35 18 2
35 20 3
35 21 3
35 24 1
35 25 4
35 26 4
35 29 3
35 31 4
35 32 1
35 33 3
36 3 4
36 4 4
36 5 2
36 6 3
36 9 1
36 10 5
36 11 4
36 12 3
36 13 3
36 18 3
36 19 4
36 20 1
36 22 5
36 24 2
36 28 1
36 29 4
36 33 3
36 34 2
37 1 5
37 2 3
37 3 1
37 4 2
37 5 4
37 7 4
37 8 2
37 13 5
37 17 3
37 19 3
37 20 3
37 21 3
37 22 2
37 23 4
37 24 2
37 25 4
37 26 5
37 30 2
37 31 2
37 33 5
37 34 4
38 0 2
38 2 2
38 4 3
38 5 4
38 6 5
38 8 5
38 12 4
38 13 5
38 14 5
38 16 3
38 18 2
38 19 5
38 20 3
38 22 1
38 23 3
38 25 3
38 27 5
38 28 3
38 35 3
38 37 2
39 2 2
39 3 3
39 4 4
39 6 3
39 7 1
39 11 1
39 12 2
39 13 1
39 15 4
39 16 1
39 18 5
39 22 4
39 23 2
39 24 5
39 27 3
39 28 2
39 31 2
39 32 3
39 33 2
39 34 3
39 35 4
39 38 5
40 1 1
40 2 5
40 4 2
40 5 1
40 7 1
40 8 2
40 9 2
40 11 1
40 15 5
40 16 3
40 17 3
40 18 2
40 19 2
40 22 5
40 23 1
40 26 2
40 27 2
40 28 5
40 29 3
40 31 3
40 32 4
40 33 1
40 34 2
40 36 5
40 38 4
40 39 3
41 0 2
41 3 1
41 6 3
41 9 5
41 10 1
41 13 4
41 14 2
41 16 1
41 20 1
41 22 5
41 23 2
41 24 2
41 25 2
41 27 2
41 29 2
41 32 4
41 33 1
41 35 1
41 36 1
41 37 5
41 39 1
41 40 1
42 0 3
42 2 4
42 3 1
42 5 1
42 9 4
42 11 2
42 13 5
42 16 2
42 20 1
42 23 3
42 25 5
42 29 2
42 30 1
42 32 5
42 33 3
42 34 5
42 38 4
42 40 2
42 41 5
43 0 4
43 2 3
43 4 1
43 5 2
43 6 4
43 8 5
43 10 4
43 11 4
43 15 3
43 18 5
43 21 4
43 22 1
43 23 5
43 25 5
43 28 2
43 29 3
43 30 3
43 31 2
43 32 2
43 33 5
43 35 3
43 36 5
43 39 4
43 40 5
43 41 4
44 0 3
44 1 3
44 2 1
44 9 5
44 10 1
44 11 4
44 13 2
44 15 2
44 16 2
44 17 3
44 18 2
44 19 4
44 20 1
44 22 5
44 23 2
44 24 2
44 29 1
44 31 1
44 32 5
44 34 2
44 36 3
44 42 1
44 43 2
45 2 4
45 3 4
45 4 2
45 5 5
45 6 1
45 8 4
45 9 5
45 10 5
45 11 5
45 13 2
45 15 5
45 16 2
45 17 5
45 18 3
45 21 2
45 23 4
45 24 1
45 26 2
45 27 1
45 29 1
45 34 5
45 36 2
45 37 1
45 38 2
45 40 5
45 41 1
45 43 2
46 1 3
46 4 2
46 6 3
46 7 3
46 8 2
46 9 2
46 11 5
46 12 1
46 17 5
46 22 5
46 25 2
46 26 4
46 27 4
46 32 2
46 34 5
46 38 1
46 41 5
46 44 2
47 0 4
47 1 1
47 4 4
47 6 4
47 8 1
47 9 1
47 12 1
47 13 3
47 15 5
47 17 1
47 18 4
47 19 5
47 23 3
47 24 3
47 26 4
47 29 1
47 30 1
47 34 5
47 37 1
47 40 4
47 41 4
47 43 4
47 44 1
48 1 3
48 2 4
48 3 4
48 4 3
48 6 2
48 7 4
48 8 4
48 11 5
48 12 2
48 14 1
48 15 1
48 17 5
48 18 3
48 19 5
48 22 2
48 23 4
48 26 4
48 27 1
48 31 4
48 33 2
48 35 3
48 36 3
48 37 1
48 38 1
48 39 1
48 45 5
48 46 1
49 0 5
49 4 1
49 6 1
49 7 2
49 9 2
49 10 4
49 11 1
49 12 5
49 13 2
49 19 2
49 22 1
49 24 2
49 25 4
49 27 3
49 30 3
49 31 1
49 32 4
49 33 1
49 35 4
49 36 2
49 37 3
49 39 2
49 40 5
49 42 2
49 43 2
49 44 3
49 45 2
49 46 2
49 47 1
50 2 3
50 4 5
50 5 5
50 10 5
50 11 2
50 13 5
50 14 4
50 16 1
50 18 1
50 20 1
50 21 4
50 23 5
50 25 2
50 27 4
50 28 5
50 31 1
50 32 1
50 37 1
50 38 1
50 39 4
50 42 1
50 43 1
50 44 5
50 45 1
51 3 4
51 5 3
51 6 5
51 7 1
51 9 1
51 11 4
51 12 4
51 16 1
51 19 4
51 25 4
51 27 3
51 28 2
51 29 2
51 32 1
51 33 3
51 34 2
51 35 5
51 41 3
51 42 1
51 48 2
51 49 3
51 50 5
52 0 1
52 2 1
52 4 2
52 5 4
52 6 1
52 9 5
52 10 2
52 15 4
52 16 5
52 18 4
52 19 1
52 20 5
52 23 4
52 29 5
52 30 3
52 32 1
52 34 5
52 38 2
52 42 3
52 43 3
52 44 4
52 45 2
53 1 4
53 3 1
53 9 2
53 11 1
53 12 4
53 15 3
53 16 3
53 18 1
53 19 3
53 22 1
53 24 3
53 25 4
53 26 1
53 31 2
53 33 3
53 34 5
53 38 5
53 40 1
53 42 1
53 48 1
53 49 3
53 51 5
54 4 5
54 6 5
54 8 5
54 9 1
54 10 1
54 11 4
54 14 1
54 15 5
54 17 2
54 18 4
54 20 2
54 21 4
54 22 4
54 25 3
54 27 5
54 30 1
54 33 3
54 34 1
54 37 3
54 38 1
54 41 2
54 46 1
54 47 5
54 48 3
54 49 3
55 0 3
55 1 4
55 2 5
55 5 3
55 8 1
55 10 2
55 16 1
55 18 1
55 20 2
55 22 4
55 23 3
55 27 4
55 28 1
55 30 3
55 32 1
55 33 5
55 34 4
55 35 3
55 36 3
55 37 3
55 40 5
55 41 3
55 42 1
55 46 4
55 50 2
55 52 1
55 53 1
55 54 3
56 2 4
56 3 4
56 8 1
56 10 4
56 11 3
56 12 2
56 13 2
56 15 4
56 16 5
56 17 1
56 18 4
56 19 5
56 20 5
56 22 1
56 23 5
56 25 3
56 26 1
56 27 4
56 30 1
56 31 4
56 33 1
56 36 4
56 37 2
56 44 1
56 45 1
56 46 1
56 49 5
56 50 5
56 51 5
56 53 2
56 54 2
57 1 3
57 2 1
57 4 3
57 5 2
57 6 2
57 7 1
57 8 1
57 11 5
57 12 3
57 13 1
57 14 2
57 16 1
57 18 4
57 20 5
57 23 4
57 25 3
57 26 5
57 32 5
57 34 1
57 35 5
57 38 3
57 40 5
57 41 2
57 45 3
57 47 3
57 49 5
57 50 5
57 51 4
57 53 3
57 54 4
57 55 3
58 0 4
58 3 2
58 4 3
58 5 2
58 9 1
58 12 1
58 13 3
58 14 4
58 17 1
58 21 1
58 24 5
58 25 3
58 32 5
58 37 2
58 38 3
58 40 1
58 41 3
58 43 2
58 44 4
58 49 5
58 54 3
58 55 4
58 57 1
59 4 5
59 6 1
59 8 5
59 14 4
59 15 2
59 17 5
59 23 2
59 24 2
59 26 4
59 27 1
59 28 1
59 30 5
59 31 4
59 34 5
59 37 3
59 38 1
59 39 4
59 42 5
59 43 1
59 44 1
59 45 3
59 48 5
59 50 5
59 51 1
59 52 5
59 54 5
59 55 1
59 57 1
