55
1 0 21
2 0 13
2 1 30
3 0 41
3 1 37
3 2 25
4 0 31
4 1 47
4 2 8
4 3 21
5 0 19
5 1 6
5 2 18
5 3 38
5 4 48
6 0 25
6 1 7
6 2 33
6 3 43
6 4 33
6 5 42
7 0 19
7 1 19
7 2 11
7 3 27
7 4 18
7 5 8
7 6 8
8 0 12
8 1 45
8 2 13
8 3 17
8 4 50
8 5 28
8 6 29
8 7 21
9 0 28
9 1 19
9 2 23
9 3 21
9 4 48
9 5 29
9 6 4
9 7 39
9 8 10
10 0 11
10 1 45
10 2 19
10 3 44
10 4 1
10 5 46
10 6 39
10 7 22
10 8 7
10 9 50
11 0 11
11 1 25
11 2 50
11 3 12
11 4 21
11 5 14
11 6 7
11 7 5
11 8 31
11 9 3
11 10 38
12 0 1
12 1 29
12 2 21
12 3 24
12 4 23
12 5 44
12 6 28
12 7 23
12 8 41
12 9 14
12 10 35
12 11 45
13 0 24
13 1 42
13 2 44
13 3 24
13 4 1
13 5 44
13 6 17
13 7 26
13 8 23
13 9 12
13 10 7
13 11 33
13 12 39
14 0 8
14 1 1
14 2 15
14 3 24
14 4 50
14 5 34
14 6 17
14 7 24
14 8 23
14 9 30
14 10 48
14 11 47
14 12 46
14 13 22
15 0 8
15 1 44
15 2 23
15 3 27
15 4 28
15 5 8
15 6 12
15 7 47
15 8 34
15 9 42
15 10 19
15 11 11
15 12 30
15 13 30
15 14 40
16 0 31
16 1 42
16 2 38
16 3 23
16 4 39
16 5 30
16 6 12
16 7 45
16 8 39
16 9 4
16 10 20
16 11 1
16 12 1
16 13 15
16 14 26
16 15 38
17 0 44
17 1 25
17 2 28
17 3 44
17 4 27
17 5 20
17 6 18
17 7 44
17 8 26
17 9 28
17 10 12
17 11 8
17 12 9
17 13 44
17 14 49
17 15 34
17 16 36
18 0 40
18 1 25
18 2 32
18 3 40
18 4 39
18 5 29
18 6 14
18 7 39
18 8 8
18 9 36
18 10 20
18 11 48
18 12 29
18 13 39
18 14 28
18 15 28
18 16 16
18 17 44
19 0 48
19 1 13
19 2 12
19 3 8
19 4 9
19 5 22
19 6 30
19 7 46
19 8 41
19 9 30
19 10 27
19 11 21
19 12 5
19 13 23
19 14 47
19 15 15
19 16 25
19 17 43
19 18 12
20 0 30
20 1 41
20 2 14
20 3 18
20 4 29
20 5 45
20 6 34
20 7 31
20 8 47
20 9 19
20 10 13
20 11 26
20 12 7
20 13 6
20 14 34
20 15 30
20 16 44
20 17 45
20 18 24
20 19 44
21 0 5
21 1 35
21 2 29
21 3 26
21 4 34
21 5 42
21 6 39
21 7 38
21 8 10
21 9 21
21 10 1
21 11 11
21 12 2
21 13 6
21 14 34
21 15 6
21 16 47
21 17 12
21 18 7
21 19 2
21 20 26
22 0 26
22 1 23
22 2 14
22 3 35
22 4 50
22 5 41
22 6 48
22 7 44
22 8 9
22 9 4
22 10 13
22 11 6
22 12 9
22 13 38
22 14 35
22 15 9
22 16 23
22 17 7
22 18 6
22 19 24
22 20 27
22 21 11
23 0 47
23 1 48
23 2 36
23 3 44
23 4 40
23 5 10
23 6 35
23 7 28
23 8 26
23 9 48
23 10 27
23 11 4
23 12 10
23 13 25
23 14 27
23 15 22
23 16 42
23 17 1
23 18 41
23 19 49
23 20 32
23 21 9
23 22 36
24 0 45
24 1 4
24 2 29
24 3 18
24 4 13
24 5 19
24 6 23
24 7 46
24 8 47
24 9 37
24 10 15
24 11 21
24 12 44
24 13 39
24 14 48
24 15 12
24 16 6
24 17 45
24 18 16
24 19 26
24 20 1
24 21 23
24 22 41
24 23 10
25 0 34
25 1 48
25 2 25
25 3 17
25 4 44
25 5 48
25 6 45
25 7 2
25 8 27
25 9 47
25 10 23
25 11 1
25 12 36
25 13 29
25 14 2
25 15 34
25 16 43
25 17 15
25 18 31
25 19 15
25 20 25
25 21 33
25 22 31
25 23 32
25 24 33
26 0 20
26 1 44
26 2 6
26 3 46
26 4 46
26 5 47
26 6 2
26 7 35
26 8 22
26 9 20
26 10 11
26 11 6
26 12 22
26 13 3
26 14 18
26 15 34
26 16 46
26 17 1
26 18 6
26 19 31
26 20 26
26 21 23
26 22 7
26 23 29
26 24 35
26 25 36
27 0 47
27 1 49
27 2 17
27 3 48
27 4 39
27 5 12
27 6 35
27 7 44
27 8 40
27 9 39
27 10 21
27 11 33
27 12 49
27 13 19
27 14 46
27 15 21
27 16 49
27 17 14
27 18 37
27 19 11
27 20 21
27 21 21
27 22 13
27 23 32
27 24 35
27 25 12
27 26 50
28 0 44
28 1 3
28 2 6
28 3 34
28 4 15
28 5 31
28 6 33
28 7 13
28 8 47
28 9 32
28 10 46
28 11 6
28 12 5
28 13 48
28 14 31
28 15 37
28 16 8
28 17 44
28 18 44
28 19 36
28 20 21
28 21 18
28 22 44
28 23 6
28 24 19
28 25 39
28 26 32
28 27 46
29 0 33
29 1 14
29 2 37
29 3 47
29 4 3
29 5 35
29 6 39
29 7 35
29 8 31
29 9 19
29 10 34
29 11 26
29 12 14
29 13 28
29 14 15
29 15 39
29 16 26
29 17 6
29 18 5
29 19 47
29 20 24
29 21 33
29 22 22
29 23 2
29 24 11
29 25 25
29 26 1
29 27 26
29 28 29
30 0 41
30 1 29
30 2 39
30 3 48
30 4 7
30 5 37
30 6 25
30 7 1
30 8 50
30 9 30
30 10 9
30 11 8
30 12 12
30 13 26
30 14 50
30 15 5
30 16 17
30 17 12
30 18 40
30 19 2
30 20 1
30 21 12
30 22 19
30 23 14
30 24 30
30 25 46
30 26 2
30 27 7
30 28 5
30 29 3
31 0 43
31 1 35
31 2 2
31 3 32
31 4 34
31 5 28
31 6 16
31 7 2
31 8 15
31 9 35
31 10 39
31 11 9
31 12 31
31 13 13
31 14 15
31 15 39
31 16 30
31 17 31
31 18 21
31 19 25
31 20 19
31 21 4
31 22 40
31 23 1
31 24 49
31 25 22
31 26 17
31 27 26
31 28 2
31 29 36
31 30 26
32 0 11
32 1 1
32 2 49
32 3 8
32 4 43
32 5 36
32 6 21
32 7 42
32 8 12
32 9 29
32 10 31
32 11 42
32 12 9
32 13 34
32 14 41
32 15 1
32 16 39
32 17 15
32 18 37
32 19 3
32 20 19
32 21 1
32 22 13
32 23 9
32 24 4
32 25 15
32 26 38
32 27 7
32 28 18
32 29 34
32 30 16
32 31 50
33 0 17
33 1 8
33 2 35
33 3 11
33 4 37
33 5 16
33 6 50
33 7 46
33 8 21
33 9 13
33 10 26
33 11 8
33 12 9
33 13 26
33 14 44
33 15 11
33 16 11
33 17 21
33 18 42
33 19 23
33 20 22
33 21 31
33 22 1
33 23 32
33 24 16
33 25 35
33 26 30
33 27 49
33 28 11
33 29 4
33 30 43
33 31 39
33 32 19
34 0 38
34 1 46
34 2 44
34 3 39
34 4 22
34 5 46
34 6 1
34 7 37
34 8 11
34 9 50
34 10 2
34 11 4
34 12 38
34 13 18
34 14 16
34 15 41
34 16 34
34 17 15
34 18 45
34 19 3
34 20 35
34 21 16
34 22 23
34 23 32
34 24 28
34 25 25
34 26 37
34 27 10
34 28 49
34 29 21
34 30 13
34 31 12
34 32 41
34 33 1
35 0 18
35 1 8
35 2 34
35 3 33
35 4 5
35 5 10
35 6 19
35 7 12
35 8 12
35 9 50
35 10 39
35 11 32
35 12 25
35 13 50
35 14 20
35 15 9
35 16 48
35 17 9
35 18 24
35 19 16
35 20 1
35 21 25
35 22 20
35 23 44
35 24 19
35 25 13
35 26 44
35 27 44
35 28 8
35 29 15
35 30 2
35 31 22
35 32 42
35 33 24
35 34 22
36 0 7
36 1 35
36 2 11
36 3 42
36 4 30
36 5 7
36 6 38
36 7 39
36 8 15
36 9 41
36 10 28
36 11 34
36 12 46
36 13 31
36 14 45
36 15 5
36 16 48
36 17 41
36 18 34
36 19 50
36 20 35
36 21 1
36 22 3
36 23 12
36 24 31
36 25 36
36 26 7
36 27 46
36 28 15
36 29 22
36 30 14
36 31 7
36 32 25
36 33 8
36 34 13
36 35 7
37 0 14
37 1 47
37 2 33
37 3 49
37 4 33
37 5 21
37 6 14
37 7 25
37 8 1
37 9 23
37 10 9
37 11 39
37 12 31
37 13 40
37 14 42
37 15 31
37 16 5
37 17 10
37 18 20
37 19 30
37 20 7
37 21 37
37 22 9
37 23 50
37 24 3
37 25 22
37 26 42
37 27 16
37 28 31
37 29 34
37 30 31
37 31 14
37 32 49
37 33 39
37 34 1
37 35 40
37 36 30
38 0 33
38 1 29
38 2 46
38 3 30
38 4 37
38 5 22
38 6 46
38 7 44
38 8 15
38 9 10
38 10 4
38 11 3
38 12 46
38 13 3
38 14 39
38 15 38
38 16 43
38 17 16
38 18 45
38 19 10
38 20 21
38 21 33
38 22 39
38 23 42
38 24 31
38 25 46
38 26 49
38 27 31
38 28 43
38 29 47
38 30 49
38 31 1
38 32 11
38 33 13
38 34 12
38 35 5
38 36 33
38 37 15
39 0 15
39 1 3
39 2 20
39 3 14
39 4 1
39 5 50
39 6 46
39 7 19
39 8 48
39 9 12
39 10 34
39 11 29
39 12 30
39 13 42
39 14 23
39 15 17
39 16 39
39 17 33
39 18 27
39 19 44
39 20 39
39 21 44
39 22 34
39 23 46
39 24 35
39 25 35
39 26 18
39 27 3
39 28 5
39 29 1
39 30 23
39 31 8
39 32 10
39 33 47
39 34 47
39 35 21
39 36 48
39 37 29
39 38 35
40 0 45
40 1 46
40 2 22
40 3 44
40 4 41
40 5 24
40 6 21
40 7 11
40 8 2
40 9 11
40 10 15
40 11 19
40 12 48
40 13 12
40 14 47
40 15 7
40 16 23
40 17 42
40 18 37
40 19 49
40 20 16
40 21 35
40 22 20
40 23 28
40 24 43
40 25 30
40 26 20
40 27 38
40 28 27
40 29 25
40 30 9
40 31 42
40 32 2
40 33 7
40 34 48
40 35 19
40 36 19
40 37 29
40 38 17
40 39 9
41 0 10
41 1 35
41 2 23
41 3 31
41 4 47
41 5 4
41 6 6
41 7 34
41 8 42
41 9 3
41 10 23
41 11 42
41 12 36
41 13 46
41 14 32
41 15 36
41 16 21
41 17 16
41 18 2
41 19 41
41 20 38
41 21 24
41 22 34
41 23 50
41 24 39
41 25 48
41 26 44
41 27 28
41 28 32
41 29 35
41 30 33
41 31 37
41 32 13
41 33 38
41 34 43
41 35 25
41 36 35
41 37 14
41 38 27
41 39 25
41 40 30
42 0 47
42 1 40
42 2 35
42 3 44
42 4 26
42 5 5
42 6 13
42 7 29
42 8 7
42 9 46
42 10 18
42 11 4
42 12 7
42 13 5
42 14 9
42 15 13
42 16 39
42 17 16
42 18 16
42 19 42
42 20 26
42 21 33
42 22 19
42 23 13
42 24 1
42 25 50
42 26 3
42 27 36
42 28 15
42 29 36
42 30 33
42 31 21
42 32 10
42 33 10
42 34 22
42 35 50
42 36 11
42 37 37
42 38 8
42 39 27
42 40 3
42 41 8
43 0 2
43 1 47
43 2 10
43 3 9
43 4 39
43 5 24
43 6 10
43 7 5
43 8 18
43 9 29
43 10 44
43 11 30
43 12 42
43 13 22
43 14 15
43 15 38
43 16 20
43 17 44
43 18 13
43 19 17
43 20 14
43 21 28
43 22 41
43 23 5
43 24 14
43 25 26
43 26 46
43 27 37
43 28 10
43 29 28
43 30 15
43 31 28
43 32 8
43 33 2
43 34 8
43 35 7
43 36 45
43 37 47
43 38 5
43 39 24
43 40 9
43 41 29
43 42 39
44 0 18
44 1 12
44 2 1
44 3 42
44 4 5
44 5 38
44 6 3
44 7 2
44 8 40
44 9 32
44 10 32
44 11 10
44 12 35
44 13 44
44 14 42
44 15 42
44 16 13
44 17 7
44 18 36
44 19 30
44 20 17
44 21 38
44 22 42
44 23 15
44 24 14
44 25 17
44 26 15
44 27 46
44 28 36
44 29 20
44 30 15
44 31 35
44 32 50
44 33 16
44 34 39
44 35 18
44 36 32
44 37 38
44 38 39
44 39 21
44 40 47
44 41 20
44 42 15
44 43 17
45 0 27
45 1 27
45 2 44
45 3 33
45 4 2
45 5 46
45 6 20
45 7 14
45 8 38
45 9 37
45 10 17
45 11 50
45 12 30
45 13 43
45 14 3
45 15 38
45 16 42
45 17 39
45 18 29
45 19 28
45 20 27
45 21 23
45 22 35
45 23 18
45 24 20
45 25 21
45 26 43
45 27 15
45 28 32
45 29 35
45 30 38
45 31 46
45 32 9
45 33 16
45 34 42
45 35 35
45 36 1
45 37 37
45 38 5
45 39 22
45 40 37
45 41 5
45 42 31
45 43 36
45 44 27
46 0 15
46 1 6
46 2 23
46 3 7
46 4 23
46 5 16
46 6 5
46 7 27
46 8 49
46 9 34
46 10 6
46 11 20
46 12 26
46 13 5
46 14 41
46 15 26
46 16 18
46 17 29
46 18 28
46 19 45
46 20 10
46 21 38
46 22 3
46 23 2
46 24 13
46 25 1
46 26 7
46 27 28
46 28 5
46 29 30
46 30 15
46 31 29
46 32 38
46 33 30
46 34 46
46 35 50
46 36 4
46 37 7
46 38 42
46 39 41
46 40 9
46 41 7
46 42 47
46 43 18
46 44 26
46 45 48
47 0 26
47 1 31
47 2 50
47 3 14
47 4 45
47 5 16
47 6 14
47 7 11
47 8 38
47 9 25
47 10 38
47 11 37
47 12 25
47 13 27
47 14 15
47 15 32
47 16 1
47 17 47
47 18 34
47 19 16
47 20 4
47 21 21
47 22 48
47 23 2
47 24 19
47 25 1
47 26 29
47 27 36
47 28 16
47 29 16
47 30 45
47 31 5
47 32 25
47 33 48
47 34 13
47 35 49
47 36 41
47 37 50
47 38 43
47 39 50
47 40 49
47 41 50
47 42 13
47 43 43
47 44 43
47 45 30
47 46 42
48 0 10
48 1 42
48 2 8
48 3 6
48 4 30
48 5 13
48 6 37
48 7 10
48 8 49
48 9 22
48 10 17
48 11 1
48 12 44
48 13 2
48 14 15
48 15 13
48 16 9
48 17 29
48 18 15
48 19 43
48 20 4
48 21 25
48 22 12
48 23 35
48 24 37
48 25 5
48 26 50
48 27 35
48 28 32
48 29 1
48 30 2
48 31 28
48 32 26
48 33 24
48 34 42
48 35 40
48 36 42
48 37 5
48 38 15
48 39 48
48 40 33
48 41 5
48 42 8
48 43 42
48 44 31
48 45 18
48 46 49
48 47 22
49 0 21
49 1 22
49 2 36
49 3 41
49 4 44
49 5 34
49 6 28
49 7 3
49 8 30
49 9 45
49 10 24
49 11 6
49 12 35
49 13 14
49 14 3
49 15 4
49 16 12
49 17 31
49 18 13
49 19 16
49 20 9
49 21 47
49 22 4
49 23 22
49 24 5
49 25 47
49 26 36
49 27 2
49 28 5
49 29 10
49 30 16
49 31 35
49 32 17
49 33 40
49 34 17
49 35 30
49 36 14
49 37 38
49 38 25
49 39 47
49 40 43
49 41 38
49 42 29
49 43 39
49 44 33
49 45 33
49 46 28
49 47 6
49 48 5
50 0 2
50 1 50
50 2 16
50 3 9
50 4 39
50 5 14
50 6 10
50 7 16
50 8 8
50 9 38
50 10 22
50 11 16
50 12 13
50 13 14
50 14 45
50 15 14
50 16 28
50 17 47
50 18 14
50 19 20
50 20 49
50 21 11
50 22 10
50 23 32
50 24 39
50 25 14
50 26 17
50 27 40
50 28 3
50 29 35
50 30 23
50 31 27
50 32 40
50 33 33
50 34 29
50 35 22
50 36 31
50 37 8
50 38 10
50 39 47
50 40 39
50 41 7
50 42 40
50 43 35
50 44 8
50 45 18
50 46 31
50 47 11
50 48 47
50 49 30
51 0 35
51 1 15
51 2 26
51 3 7
51 4 37
51 5 28
51 6 46
51 7 2
51 8 49
51 9 32
51 10 21
51 11 29
51 12 13
51 13 21
51 14 18
51 15 26
51 16 12
51 17 18
51 18 22
51 19 26
51 20 3
51 21 46
51 22 39
51 23 28
51 24 1
51 25 42
51 26 33
51 27 22
51 28 17
51 29 16
51 30 34
51 31 19
51 32 28
51 33 26
51 34 38
51 35 31
51 36 31
51 37 17
51 38 10
51 39 23
51 40 29
51 41 38
51 42 41
51 43 45
51 44 6
51 45 33
51 46 38
51 47 6
51 48 46
51 49 30
51 50 23
52 0 21
52 1 4
52 2 10
52 3 10
52 4 11
52 5 15
52 6 8
52 7 36
52 8 11
52 9 30
52 10 31
52 11 8
52 12 49
52 13 34
52 14 43
52 15 17
52 16 31
52 17 13
52 18 24
52 19 41
52 20 48
52 21 45
52 22 16
52 23 35
52 24 29
52 25 15
52 26 41
52 27 38
52 28 48
52 29 45
52 30 47
52 31 16
52 32 44
52 33 28
52 34 15
52 35 22
52 36 20
52 37 11
52 38 24
52 39 40
52 40 1
52 41 7
52 42 34
52 43 30
52 44 21
52 45 5
52 46 48
52 47 17
52 48 17
52 49 28
52 50 48
52 51 15
53 0 18
53 1 36
53 2 35
53 3 50
53 4 26
53 5 39
53 6 44
53 7 1
53 8 9
53 9 13
53 10 42
53 11 7
53 12 22
53 13 41
53 14 2
53 15 12
53 16 9
53 17 1
53 18 37
53 19 42
53 20 22
53 21 1
53 22 13
53 23 6
53 24 31
53 25 10
53 26 49
53 27 25
53 28 44
53 29 3
53 30 42
53 31 35
53 32 33
53 33 47
53 34 15
53 35 13
53 36 8
53 37 27
53 38 41
53 39 12
53 40 10
53 41 1
53 42 4
53 43 37
53 44 46
53 45 21
53 46 6
53 47 49
53 48 4
53 49 31
53 50 31
53 51 29
53 52 46
54 0 44
54 1 49
54 2 50
54 3 6
54 4 47
54 5 13
54 6 15
54 7 45
54 8 7
54 9 47
54 10 36
54 11 28
54 12 43
54 13 4
54 14 44
54 15 5
54 16 32
54 17 13
54 18 16
54 19 17
54 20 16
54 21 22
54 22 39
54 23 50
54 24 16
54 25 45
54 26 37
54 27 35
54 28 45
54 29 14
54 30 29
54 31 24
54 32 50
54 33 46
54 34 41
54 35 36
54 36 48
54 37 48
54 38 5
54 39 14
54 40 5
54 41 25
54 42 45
54 43 13
54 44 10
54 45 11
54 46 11
54 47 47
54 48 19
54 49 8
54 50 25
54 51 27
54 52 30
54 53 20
