25
2 0 4
2 1 5
3 1 18
4 0 43
5 0 39
5 2 49
5 3 8
5 4 43
6 0 20
6 5 19
7 2 39
7 4 32
7 5 34
7 6 22
8 1 17
8 2 16
8 3 34
8 4 19
8 5 19
8 6 42
9 2 38
9 4 34
10 1 37
10 2 49
10 3 49
10 4 40
10 6 36
10 7 13
10 8 49
11 0 19
11 2 15
11 3 18
11 5 45
11 7 20
11 9 32
11 10 45
12 1 10
12 2 32
12 3 14
12 5 50
12 8 29
12 9 9
12 10 5
13 3 44
13 5 16
13 8 3
13 9 49
13 11 37
14 6 2
14 8 19
14 11 21
14 13 48
15 1 49
15 3 8
15 8 37
15 11 12
15 13 9
16 0 5
16 4 27
16 5 28
16 9 34
16 11 45
16 13 39
16 14 20
16 15 6
17 0 20
17 3 9
17 4 6
17 5 13
17 6 40
17 10 38
17 12 30
17 13 26
18 0 18
18 2 25
18 3 19
18 4 42
18 7 28
18 8 19
18 10 31
18 11 12
18 12 25
18 13 25
18 14 11
18 16 50
18 17 38
19 1 28
19 11 48
19 12 26
19 16 16
19 17 42
20 0 17
20 1 13
20 8 9
20 14 30
20 15 21
20 16 30
20 19 42
21 6 12
21 9 15
21 10 3
21 11 21
21 12 18
21 16 37
21 19 4
22 0 19
22 1 27
22 3 10
22 4 16
22 5 44
22 6 46
22 7 1
22 8 32
22 9 47
22 11 35
22 12 4
22 13 10
22 14 11
22 16 31
22 19 28
23 0 28
23 1 33
23 4 37
23 6 4
23 8 2
23 16 32
23 18 33
23 19 25
23 20 20
24 3 9
24 4 18
24 14 2
24 17 43
24 19 49
24 21 24
